                0.                 0.         
                1.50017E-06        0.         
                3.00001E-06        0.         
                4.50014E-06        0.         
                6.E-06             0.         
                7.50025E-06        0.         
                9.00035E-06        0.         
               10.5003E-06         0.         
               12.0002E-06         0.         
               13.5002E-06       -17.3828E+03 
               15.0003E-06       -34.6449E+03 
               16.5E-06          -48.4534E+03 
               18.0002E-06       -57.751E+03  
               19.5002E-06       -73.5577E+03 
               21.E-06           -82.3566E+03 
               22.5E-06          -90.3779E+03 
               24.0002E-06      -100.819E+03  
               25.5002E-06      -110.13E+03   
               27.E-06          -117.943E+03  
               28.5002E-06      -124.936E+03  
               30.0002E-06      -136.038E+03  
               31.5E-06         -133.653E+03  
               33.E-06          -141.221E+03  
               34.5002E-06      -150.506E+03  
               36.0001E-06      -164.432E+03  
               37.5001E-06      -174.251E+03  
               39.0001E-06      -183.158E+03  
               40.5001E-06      -184.396E+03  
               42.0001E-06      -193.146E+03  
               43.5001E-06      -201.079E+03  
               45.0001E-06      -209.522E+03  
               46.5E-06         -224.111E+03  
               48.E-06          -232.945E+03  
               49.5001E-06      -239.547E+03  
               51.0001E-06      -243.213E+03  
               52.5001E-06      -251.066E+03  
               54.0001E-06      -257.256E+03  
               55.5001E-06      -262.893E+03  
               57.E-06          -270.577E+03  
               58.5001E-06      -278.85E+03   
               60.0001E-06      -286.935E+03  
               61.5001E-06      -292.682E+03  
               63.0001E-06      -301.09E+03   
               64.5001E-06      -306.212E+03  
               66.0001E-06      -311.748E+03  
               67.5001E-06      -317.52E+03   
               69.0001E-06      -320.402E+03  
               70.5E-06         -316.99E+03   
               72.E-06          -324.4E+03    
               73.5E-06         -328.066E+03  
               75.0001E-06      -332.626E+03  
               76.5E-06         -338.027E+03  
               78.0001E-06      -343.702E+03  
               79.5E-06         -294.668E+03  
               81.E-06          -311.532E+03  
               82.5E-06         -331.661E+03  
               84.0001E-06      -345.307E+03  
               85.5E-06         -346.78E+03   
               87.0001E-06      -356.062E+03  
               88.5E-06         -279.39E+03   
               90.0001E-06      -296.313E+03  
               91.5E-06         -304.25E+03   
               93.0001E-06      -319.847E+03  
               94.5E-06         -324.067E+03  
               96.E-06          -338.11E+03   
               97.5E-06         -351.393E+03  
               99.0001E-06      -352.537E+03  
              100.5E-06         -353.437E+03  
              102.E-06          -360.477E+03  
              103.5E-06         -337.325E+03  
              105.E-06          -361.328E+03  
              106.5E-06         -362.509E+03  
              108.E-06          -369.87E+03   
              109.5E-06         -358.111E+03  
              111.E-06          -369.341E+03  
              112.5E-06         -370.313E+03  
              114.E-06          -377.149E+03  
              115.5E-06         -380.061E+03  
              117.E-06          -379.871E+03  
              118.5E-06         -384.871E+03  
              120.E-06          -386.175E+03  
              121.5E-06         -386.743E+03  
              123.E-06          -331.416E+03  
              124.5E-06         -330.425E+03  
              126.E-06          -348.949E+03  
              127.5E-06         -369.038E+03  
              129.E-06          -381.858E+03  
              130.5E-06         -386.257E+03  
              132.E-06          -390.996E+03  
              133.5E-06         -380.305E+03  
              135.E-06          -386.414E+03  
              136.5E-06         -383.916E+03  
              138.E-06          -361.776E+03  
              139.5E-06         -378.041E+03  
              141.E-06          -387.395E+03  
              142.5E-06         -396.902E+03  
              144.E-06          -407.542E+03  
              145.5E-06         -412.84E+03   
              147.E-06          -421.481E+03  
              148.5E-06         -425.51E+03   
              150.E-06          -437.042E+03  
              151.5E-06         -435.861E+03  
              153.E-06          -442.208E+03  
              154.5E-06         -446.966E+03  
              156.E-06          -453.306E+03  
              157.5E-06         -458.209E+03  
              159.E-06          -373.289E+03  
              160.5E-06         -420.033E+03  
              162.E-06          -422.95E+03   
              163.5E-06         -391.583E+03  
              165.E-06          -439.42E+03   
              166.5E-06         -447.654E+03  
              168.E-06          -455.215E+03  
              169.5E-06         -453.455E+03  
              171.E-06          -461.336E+03  
              172.5E-06         -465.017E+03  
              174.E-06          -464.352E+03  
              175.5E-06         -468.626E+03  
              177.E-06          -472.551E+03  
              178.5E-06         -475.662E+03  
              180.E-06          -475.205E+03  
              181.5E-06         -477.337E+03  
              183.E-06          -475.726E+03  
              184.5E-06         -471.353E+03  
              186.E-06          -404.799E+03  
              187.5E-06         -387.816E+03  
              189.E-06          -366.238E+03  
              190.5E-06         -382.087E+03  
              192.E-06          -410.645E+03  
              193.5E-06         -414.67E+03   
              195.E-06          -417.494E+03  
              196.5E-06         -392.925E+03  
              198.E-06          -406.027E+03  
              199.5E-06         -422.789E+03  
              201.E-06          -429.274E+03  
              202.5E-06         -438.971E+03  
              204.E-06          -436.636E+03  
              205.5E-06         -442.096E+03  
              207.E-06          -440.417E+03  
              208.5E-06         -421.5E+03    
              210.E-06          -433.357E+03  
              211.5E-06         -405.018E+03  
              213.E-06          -425.639E+03  
              214.5E-06         -438.648E+03  
              216.E-06          -444.6E+03    
              217.5E-06         -449.443E+03  
              219.E-06          -452.731E+03  
              220.5E-06         -436.466E+03  
              222.E-06          -451.749E+03  
              223.5E-06         -452.855E+03  
              225.E-06          -458.061E+03  
              226.5E-06         -458.047E+03  
              228.E-06          -460.493E+03  
              229.5E-06         -459.977E+03  
              231.E-06          -461.563E+03  
              232.5E-06         -462.339E+03  
              234.E-06          -443.014E+03  
              235.5E-06         -460.891E+03  
              237.E-06          -468.207E+03  
              238.5E-06         -473.029E+03  
              240.E-06          -470.804E+03  
              241.5E-06         -451.048E+03  
              243.E-06          -435.153E+03  
              244.5E-06         -456.195E+03  
              246.E-06          -428.03E+03   
              247.5E-06         -447.724E+03  
              249.E-06          -461.187E+03  
              250.5E-06         -440.866E+03  
              252.E-06          -455.922E+03  
              253.5E-06         -473.225E+03  
              255.E-06          -482.018E+03  
              256.5E-06         -403.199E+03  
              258.E-06          -434.782E+03  
              259.5E-06         -432.54E+03   
              261.E-06          -442.738E+03  
              262.5E-06         -437.9E+03    
              264.E-06          -431.622E+03  
              265.5E-06         -440.132E+03  
              267.E-06          -441.7E+03    
              268.5E-06         -452.502E+03  
              270.E-06          -468.944E+03  
              271.5E-06         -475.341E+03  
              273.E-06          -466.163E+03  
              274.5E-06         -454.151E+03  
              276.E-06          -484.672E+03  
              277.5E-06         -502.852E+03  
              279.E-06          -503.237E+03  
              280.5E-06         -513.557E+03  
              282.E-06          -515.214E+03  
              283.5E-06         -513.793E+03  
              285.E-06          -467.206E+03  
              286.5E-06         -467.75E+03   
              288.E-06          -473.633E+03  
              289.5E-06         -454.685E+03  
              291.E-06          -482.059E+03  
              292.5E-06         -493.513E+03  
              294.E-06          -493.585E+03  
              295.5E-06         -497.67E+03   
              297.E-06          -485.228E+03  
              298.5E-06         -468.643E+03  
              300.E-06          -474.67E+03   
              301.5E-06         -462.587E+03  
              303.E-06          -467.731E+03  
              304.5E-06         -476.851E+03  
              306.E-06          -473.024E+03  
              307.5E-06         -480.343E+03  
              309.E-06          -482.612E+03  
              310.5E-06         -476.952E+03  
              312.E-06          -470.097E+03  
              313.5E-06         -504.972E+03  
              315.E-06          -508.573E+03  
              316.5E-06         -518.089E+03  
              318.E-06          -519.458E+03  
              319.5E-06         -522.774E+03  
              321.E-06          -523.838E+03  
              322.5E-06         -521.075E+03  
              324.E-06          -530.164E+03  
              325.5E-06         -525.293E+03  
              327.E-06          -529.222E+03  
              328.5E-06         -441.958E+03  
              330.E-06          -455.09E+03   
              331.5E-06         -463.873E+03  
              333.E-06          -457.299E+03  
              334.5E-06         -458.205E+03  
              336.E-06          -442.4E+03    
              337.5E-06         -468.193E+03  
              339.E-06          -480.787E+03  
              340.5E-06         -485.413E+03  
              342.E-06          -492.586E+03  
              343.5E-06         -478.308E+03  
              345.E-06          -481.992E+03  
              346.5E-06         -476.215E+03  
              348.E-06          -480.222E+03  
              349.5E-06         -458.724E+03  
              351.E-06          -481.36E+03   
              352.5E-06         -512.017E+03  
              354.E-06          -523.84E+03   
              355.5E-06         -523.468E+03  
              357.E-06          -526.485E+03  
              358.5E-06         -534.325E+03  
              360.E-06          -531.994E+03  
              361.5E-06         -529.157E+03  
              363.E-06          -539.081E+03  
              364.5E-06         -476.858E+03  
              366.E-06          -497.187E+03  
              367.5E-06         -514.362E+03  
              369.E-06          -532.358E+03  
              370.5E-06         -537.235E+03  
              372.E-06          -540.081E+03  
              373.5E-06         -519.339E+03  
              375.E-06          -519.363E+03  
              376.5E-06         -435.643E+03  
              378.E-06          -459.694E+03  
              379.5E-06         -480.59E+03   
              381.E-06          -497.269E+03  
              382.5E-06         -493.818E+03  
              384.E-06          -504.586E+03  
              385.5E-06         -500.218E+03  
              387.E-06          -475.399E+03  
              388.5E-06         -507.169E+03  
              390.E-06          -525.114E+03  
              391.5E-06         -527.945E+03  
              393.E-06          -526.107E+03  
              394.5E-06         -532.293E+03  
              396.E-06          -532.088E+03  
              397.5E-06         -525.526E+03  
              399.E-06          -484.169E+03  
              400.5E-06         -509.993E+03  
              402.E-06          -520.068E+03  
              403.5E-06         -518.238E+03  
              405.E-06          -516.49E+03   
              406.5E-06         -483.422E+03  
              408.E-06          -509.935E+03  
              409.5E-06         -535.293E+03  
              411.E-06          -534.439E+03  
              412.5E-06         -532.363E+03  
              414.E-06          -532.821E+03  
              415.5E-06         -531.61E+03   
              417.E-06          -534.112E+03  
              418.5E-06         -535.844E+03  
              420.E-06          -520.39E+03   
              421.5E-06         -528.119E+03  
              423.E-06          -519.332E+03  
              424.5E-06         -504.438E+03  
              426.E-06          -517.946E+03  
              427.5E-06         -497.286E+03  
              429.E-06          -523.395E+03  
              430.5E-06         -517.303E+03  
              432.E-06          -529.837E+03  
              433.5E-06         -520.106E+03  
              435.E-06          -538.544E+03  
              436.5E-06         -540.083E+03  
              438.E-06          -538.515E+03  
              439.5E-06         -536.797E+03  
              441.E-06          -543.934E+03  
              442.5E-06         -532.516E+03  
              444.E-06          -518.864E+03  
              445.5E-06         -511.591E+03  
              447.E-06          -520.812E+03  
              448.5E-06         -516.451E+03  
              450.E-06          -517.217E+03  
              451.5E-06         -521.136E+03  
              453.E-06          -527.795E+03  
              454.5E-06         -494.859E+03  
              456.E-06          -488.059E+03  
              457.5E-06         -495.611E+03  
              459.E-06          -491.794E+03  
              460.5E-06         -508.294E+03  
              462.E-06          -543.219E+03  
              463.5E-06         -550.421E+03  
              465.E-06          -537.238E+03  
              466.5E-06         -544.603E+03  
              468.E-06          -546.213E+03  
              469.5E-06         -547.999E+03  
              471.E-06          -521.295E+03  
              472.5E-06         -523.908E+03  
              474.E-06          -525.87E+03   
              475.5E-06         -459.669E+03  
              477.E-06          -457.525E+03  
              478.5E-06         -488.486E+03  
              480.E-06          -509.597E+03  
              481.5E-06         -499.669E+03  
              483.E-06          -525.331E+03  
              484.5E-06         -539.534E+03  
              486.E-06          -550.878E+03  
              487.5E-06         -551.563E+03  
              489.E-06          -553.277E+03  
              490.5E-06         -559.943E+03  
              492.E-06          -515.386E+03  
              493.5E-06         -537.195E+03  
              495.E-06          -511.555E+03  
              496.5E-06         -543.736E+03  
              498.E-06          -558.344E+03  
              499.5E-06         -572.286E+03  
              501.E-06          -555.8E+03    
              502.5E-06         -567.419E+03  
              504.E-06          -519.378E+03  
              505.5E-06         -553.61E+03   
              507.E-06          -562.056E+03  
              508.5E-06         -558.32E+03   
              510.E-06          -568.561E+03  
              511.5E-06         -540.298E+03  
              513.E-06          -558.251E+03  
              514.5E-06         -540.79E+03   
              516.E-06          -551.955E+03  
              517.5E-06         -555.276E+03  
              519.E-06          -564.131E+03  
              520.5E-06         -571.337E+03  
              522.E-06          -558.826E+03  
              523.5E-06         -559.239E+03  
              525.E-06          -568.421E+03  
              526.5E-06         -573.544E+03  
              528.E-06          -562.918E+03  
              529.5E-06         -572.294E+03  
              531.E-06          -554.822E+03  
              532.5E-06         -533.532E+03  
              534.E-06          -582.453E+03  
              535.5E-06         -580.021E+03  
              537.E-06          -581.326E+03  
              538.5E-06         -583.518E+03  
              540.E-06          -581.526E+03  
              541.5E-06         -571.766E+03  
              543.E-06          -577.92E+03   
              544.5E-06         -589.769E+03  
              546.E-06          -596.192E+03  
              547.5E-06         -612.655E+03  
              549.E-06          -605.7E+03    
              550.5E-06         -613.706E+03  
              552.E-06          -607.962E+03  
              553.5E-06         -604.383E+03  
              555.E-06          -603.863E+03  
              556.5E-06         -614.78E+03   
              558.E-06          -603.356E+03  
              559.5E-06         -609.089E+03  
              561.E-06          -588.742E+03  
              562.5E-06         -579.344E+03  
              564.E-06          -534.117E+03  
              565.5E-06         -566.331E+03  
              567.E-06          -570.126E+03  
              568.5E-06         -570.81E+03   
              570.E-06          -583.311E+03  
              571.5E-06         -582.224E+03  
              573.E-06          -599.415E+03  
              574.5E-06         -587.869E+03  
              576.E-06          -600.467E+03  
              577.5E-06         -593.844E+03  
              579.E-06          -604.569E+03  
              580.5E-06         -600.101E+03  
              582.E-06          -607.454E+03  
              583.5E-06         -606.219E+03  
              585.E-06          -545.31E+03   
              586.5E-06         -548.323E+03  
              588.E-06          -548.104E+03  
              589.5E-06         -567.58E+03   
              591.E-06          -582.886E+03  
              592.5E-06         -566.256E+03  
              594.E-06          -579.681E+03  
              595.5E-06         -602.989E+03  
              597.E-06          -534.968E+03  
              598.5E-06         -531.142E+03  
              600.E-06          -574.323E+03  
              601.5E-06         -544.161E+03  
              603.E-06          -568.184E+03  
              604.5E-06         -583.007E+03  
              606.E-06          -599.057E+03  
              607.5E-06         -590.218E+03  
              609.E-06          -582.873E+03  
              610.5E-06         -613.614E+03  
              612.E-06          -610.551E+03  
              613.5E-06         -615.387E+03  
              615.E-06          -600.358E+03  
              616.5E-06         -513.598E+03  
              618.E-06          -524.899E+03  
              619.5E-06         -546.63E+03   
              621.E-06          -552.354E+03  
              622.5E-06         -563.795E+03  
              624.E-06          -570.483E+03  
              625.5E-06         -577.676E+03  
              627.E-06          -578.479E+03  
              628.5E-06         -579.949E+03  
              630.E-06          -594.682E+03  
              631.5E-06         -593.86E+03   
              633.E-06          -557.163E+03  
              634.5E-06         -575.408E+03  
              636.E-06          -528.925E+03  
              637.5E-06         -581.225E+03  
              639.E-06          -592.04E+03   
              640.5E-06         -572.938E+03  
              642.E-06          -592.491E+03  
              643.5E-06         -587.953E+03  
              645.E-06          -618.067E+03  
              646.5E-06         -604.111E+03  
              648.E-06          -481.13E+03   
              649.5E-06         -495.134E+03  
              651.E-06          -518.458E+03  
              652.5E-06         -571.932E+03  
              654.E-06          -578.601E+03  
              655.5E-06         -582.12E+03   
              657.E-06          -595.523E+03  
              658.5E-06         -579.676E+03  
              660.E-06          -588.638E+03  
              661.5E-06         -605.148E+03  
              663.E-06          -513.225E+03  
              664.5E-06         -490.982E+03  
              666.E-06          -493.694E+03  
              667.5E-06         -495.396E+03  
              669.E-06          -520.81E+03   
              670.5E-06         -560.08E+03   
              672.E-06          -546.147E+03  
              673.5E-06         -562.329E+03  
              675.E-06          -555.029E+03  
              676.5E-06         -577.301E+03  
              678.E-06          -579.151E+03  
              679.5E-06         -587.067E+03  
              681.E-06          -573.974E+03  
              682.5E-06         -576.398E+03  
              684.E-06          -581.787E+03  
              685.5E-06         -591.803E+03  
              687.E-06          -591.497E+03  
              688.5E-06         -598.392E+03  
              690.E-06          -597.078E+03  
              691.5E-06         -494.878E+03  
              693.E-06          -533.038E+03  
              694.5E-06         -553.35E+03   
              696.E-06          -556.456E+03  
              697.5E-06         -561.675E+03  
              699.E-06          -546.909E+03  
              700.5E-06         -594.706E+03  
              702.E-06          -527.255E+03  
              703.5E-06         -567.337E+03  
              705.E-06          -546.691E+03  
              706.5E-06         -559.33E+03   
              708.E-06          -567.183E+03  
              709.5E-06         -581.922E+03  
              711.E-06          -587.39E+03   
              712.5E-06         -544.12E+03   
              714.E-06          -549.969E+03  
              715.5E-06         -558.005E+03  
              717.E-06          -570.938E+03  
              718.5E-06         -562.712E+03  
              720.E-06          -570.423E+03  
              721.5E-06         -569.729E+03  
              723.E-06          -558.511E+03  
              724.5E-06         -542.34E+03   
              726.E-06          -546.4E+03    
              727.5E-06         -562.514E+03  
              729.E-06          -566.352E+03  
              730.5E-06         -539.543E+03  
              732.E-06          -554.031E+03  
              733.5E-06         -510.448E+03  
              735.E-06          -551.6E+03    
              736.5E-06         -574.658E+03  
              738.E-06          -588.58E+03   
              739.5E-06         -570.809E+03  
              741.E-06          -598.326E+03  
              742.5E-06         -586.417E+03  
              744.E-06          -593.303E+03  
              745.5E-06         -600.089E+03  
              747.E-06          -579.593E+03  
              748.5E-06         -577.484E+03  
              750.E-06          -453.325E+03  
              751.5E-06         -566.187E+03  
              753.E-06          -563.628E+03  
              754.5E-06         -563.229E+03  
              756.E-06          -576.677E+03  
              757.5E-06         -535.678E+03  
              759.E-06          -550.254E+03  
              760.5E-06         -565.937E+03  
              762.E-06          -560.367E+03  
              763.5E-06         -581.681E+03  
              765.E-06          -578.625E+03  
              766.5E-06         -582.417E+03  
              768.E-06          -566.476E+03  
              769.5E-06         -561.955E+03  
              771.E-06          -565.124E+03  
              772.5E-06         -584.615E+03  
              774.E-06          -571.439E+03  
              775.5E-06         -583.686E+03  
              777.E-06          -581.792E+03  
              778.5E-06         -562.032E+03  
              780.E-06          -577.335E+03  
              781.5E-06         -568.776E+03  
              783.E-06          -591.616E+03  
              784.5E-06         -583.123E+03  
              786.E-06          -579.432E+03  
              787.5E-06         -587.877E+03  
              789.E-06          -586.036E+03  
              790.5E-06         -554.469E+03  
              792.E-06          -559.18E+03   
              793.5E-06         -570.503E+03  
              795.E-06          -586.466E+03  
              796.5E-06         -570.334E+03  
              798.E-06          -561.166E+03  
              799.5E-06         -568.338E+03  
              801.E-06          -553.389E+03  
              802.5E-06         -581.564E+03  
              804.E-06          -585.569E+03  
              805.5E-06         -581.145E+03  
              807.E-06          -588.92E+03   
              808.5E-06         -602.874E+03  
              810.E-06          -603.402E+03  
              811.5E-06         -607.458E+03  
              813.E-06          -541.034E+03  
              814.5E-06         -567.325E+03  
              816.E-06          -584.585E+03  
              817.5E-06         -553.207E+03  
              819.E-06          -563.943E+03  
              820.5E-06         -577.506E+03  
              822.E-06          -601.738E+03  
              823.5E-06         -571.26E+03   
              825.E-06          -578.836E+03  
              826.5E-06         -589.465E+03  
              828.E-06          -583.036E+03  
              829.5E-06         -592.745E+03  
              831.E-06          -591.747E+03  
              832.5E-06         -584.679E+03  
              834.E-06          -570.815E+03  
              835.5E-06         -550.985E+03  
              837.E-06          -580.577E+03  
              838.5E-06         -594.977E+03  
              840.E-06          -570.158E+03  
              841.5E-06         -590.294E+03  
              843.E-06          -584.455E+03  
              844.5E-06         -508.33E+03   
              846.E-06          -544.74E+03   
              847.5E-06         -537.6E+03    
              849.E-06          -569.038E+03  
              850.5E-06         -568.964E+03  
              852.E-06          -576.747E+03  
              853.5E-06         -569.311E+03  
              855.E-06          -577.189E+03  
              856.5E-06         -578.659E+03  
              858.E-06          -592.327E+03  
              859.5E-06         -591.957E+03  
              861.E-06          -568.876E+03  
              862.5E-06         -578.391E+03  
              864.E-06          -600.556E+03  
              865.5E-06         -595.997E+03  
              867.E-06          -607.75E+03   
              868.5E-06         -598.258E+03  
              870.E-06          -608.908E+03  
              871.5E-06         -614.08E+03   
              873.E-06          -608.573E+03  
              874.5E-06         -605.147E+03  
              876.E-06          -547.389E+03  
              877.5E-06         -559.104E+03  
              879.E-06          -542.867E+03  
              880.5E-06         -560.947E+03  
              882.E-06          -558.963E+03  
              883.5E-06         -542.888E+03  
              885.E-06          -568.625E+03  
              886.5E-06         -552.522E+03  
              888.E-06          -567.06E+03   
              889.5E-06         -573.181E+03  
              891.E-06          -554.339E+03  
              892.5E-06         -572.065E+03  
              894.E-06          -564.137E+03  
              895.5E-06         -569.897E+03  
              897.E-06          -581.711E+03  
              898.5E-06         -579.096E+03  
              900.E-06          -586.327E+03  
              901.5E-06         -557.409E+03  
              903.E-06          -581.013E+03  
              904.5E-06         -556.239E+03  
              906.E-06          -592.24E+03   
              907.5E-06         -553.649E+03  
              909.E-06          -569.086E+03  
              910.5E-06         -579.673E+03  
              912.E-06          -570.06E+03   
              913.5E-06         -551.821E+03  
              915.E-06          -571.102E+03  
              916.5E-06         -556.724E+03  
              918.E-06          -527.864E+03  
              919.5E-06         -571.692E+03  
              921.E-06          -549.393E+03  
              922.5E-06         -564.32E+03   
              924.E-06          -584.049E+03  
              925.5E-06         -582.796E+03  
              927.E-06          -562.015E+03  
              928.5E-06         -553.938E+03  
              930.E-06          -578.993E+03  
              931.5E-06         -576.095E+03  
              933.E-06          -575.435E+03  
              934.5E-06         -582.072E+03  
              936.E-06          -575.24E+03   
              937.5E-06         -547.324E+03  
              939.E-06          -546.489E+03  
              940.5E-06         -522.588E+03  
              942.E-06          -564.617E+03  
              943.5E-06         -583.686E+03  
              945.E-06          -587.682E+03  
              946.5E-06         -585.003E+03  
              948.E-06          -577.329E+03  
              949.5E-06         -590.727E+03  
              951.E-06          -593.561E+03  
              952.5E-06         -493.877E+03  
              954.E-06          -565.066E+03  
              955.5E-06         -580.549E+03  
              957.E-06          -583.275E+03  
              958.5E-06         -587.283E+03  
              960.E-06          -594.723E+03  
              961.5E-06         -601.622E+03  
              963.E-06          -609.162E+03  
              964.5E-06         -615.769E+03  
              966.E-06          -604.799E+03  
              967.5E-06         -511.704E+03  
              969.E-06          -524.582E+03  
              970.5E-06         -554.576E+03  
              972.E-06          -533.537E+03  
              973.5E-06         -553.207E+03  
              975.E-06          -541.742E+03  
              976.5E-06         -557.831E+03  
              978.E-06          -538.848E+03  
              979.5E-06         -550.068E+03  
              981.E-06          -552.436E+03  
              982.5E-06         -541.456E+03  
              984.E-06          -541.529E+03  
              985.5E-06         -561.575E+03  
              987.E-06          -566.994E+03  
              988.5E-06         -571.496E+03  
              990.E-06          -562.323E+03  
              991.5E-06         -555.886E+03  
              993.E-06          -569.706E+03  
              994.5E-06         -552.186E+03  
              996.E-06          -550.843E+03  
              997.5E-06         -522.058E+03  
              999.E-06          -554.54E+03   
                1.0005E-03      -571.616E+03  
                1.002E-03       -580.18E+03   
                1.0035E-03      -576.992E+03  
                1.005E-03       -569.875E+03  
                1.0065E-03      -578.323E+03  
                1.008E-03       -583.039E+03  
                1.0095E-03      -576.025E+03  
                1.011E-03       -508.403E+03  
                1.0125E-03      -496.439E+03  
                1.014E-03       -490.842E+03  
                1.0155E-03      -501.384E+03  
                1.017E-03       -491.991E+03  
                1.0185E-03      -502.612E+03  
                1.02E-03        -516.309E+03  
                1.0215E-03      -536.796E+03  
                1.023E-03       -544.223E+03  
                1.0245E-03      -514.475E+03  
                1.026E-03       -541.275E+03  
                1.0275E-03      -550.492E+03  
                1.029E-03       -565.225E+03  
                1.0305E-03      -552.946E+03  
                1.032E-03       -565.495E+03  
                1.0335E-03      -578.161E+03  
                1.035E-03       -577.933E+03  
                1.0365E-03      -559.214E+03  
                1.038E-03       -579.148E+03  
                1.0395E-03      -578.863E+03  
                1.041E-03       -575.998E+03  
                1.0425E-03      -587.164E+03  
                1.044E-03       -594.698E+03  
                1.0455E-03      -592.237E+03  
                1.047E-03       -588.15E+03   
                1.0485E-03      -493.051E+03  
                1.05E-03        -489.967E+03  
                1.0515E-03      -519.645E+03  
                1.053E-03       -523.364E+03  
                1.0545E-03      -537.135E+03  
                1.056E-03       -556.11E+03   
                1.0575E-03      -539.416E+03  
                1.059E-03       -558.494E+03  
                1.0605E-03      -567.1E+03    
                1.062E-03       -561.277E+03  
                1.0635E-03      -544.739E+03  
                1.065E-03       -553.058E+03  
                1.0665E-03      -559.12E+03   
                1.068E-03       -552.126E+03  
                1.0695E-03      -569.792E+03  
                1.071E-03       -564.003E+03  
                1.0725E-03      -562.249E+03  
                1.074E-03       -584.475E+03  
                1.0755E-03      -587.514E+03  
                1.077E-03       -579.963E+03  
                1.0785E-03      -586.319E+03  
                1.08E-03        -592.309E+03  
                1.0815E-03      -595.211E+03  
                1.083E-03       -589.911E+03  
                1.0845E-03      -596.827E+03  
                1.086E-03       -541.113E+03  
                1.0875E-03      -550.729E+03  
                1.089E-03       -537.436E+03  
                1.0905E-03      -541.69E+03   
                1.092E-03       -543.164E+03  
                1.0935E-03      -548.016E+03  
                1.095E-03       -561.21E+03   
                1.0965E-03      -562.787E+03  
                1.098E-03       -559.201E+03  
                1.0995E-03      -557.453E+03  
                1.101E-03       -565.047E+03  
                1.1025E-03      -560.42E+03   
                1.104E-03       -550.04E+03   
                1.1055E-03      -542.517E+03  
                1.107E-03       -536.673E+03  
                1.1085E-03      -548.718E+03  
                1.11E-03        -557.692E+03  
                1.1115E-03      -575.685E+03  
                1.113E-03       -568.018E+03  
                1.1145E-03      -567.584E+03  
                1.116E-03       -573.674E+03  
                1.1175E-03      -554.286E+03  
                1.119E-03       -567.048E+03  
                1.1205E-03      -574.069E+03  
                1.122E-03       -586.579E+03  
                1.1235E-03      -563.673E+03  
                1.125E-03       -572.479E+03  
                1.1265E-03      -582.254E+03  
                1.128E-03       -550.133E+03  
                1.1295E-03      -570.069E+03  
                1.131E-03       -542.229E+03  
                1.1325E-03      -541.925E+03  
                1.134E-03       -547.964E+03  
                1.1355E-03      -583.298E+03  
                1.137E-03       -579.28E+03   
                1.1385E-03      -576.885E+03  
                1.14E-03        -580.7E+03    
                1.1415E-03      -585.5E+03    
                1.143E-03       -573.845E+03  
                1.1445E-03      -578.319E+03  
                1.146E-03       -548.638E+03  
                1.1475E-03      -562.163E+03  
                1.149E-03       -565.405E+03  
                1.1505E-03      -584.83E+03   
                1.152E-03       -580.622E+03  
                1.1535E-03      -583.562E+03  
                1.155E-03       -555.181E+03  
                1.1565E-03      -570.367E+03  
                1.158E-03       -578.7E+03    
                1.1595E-03      -580.946E+03  
                1.161E-03       -598.291E+03  
                1.1625E-03      -585.705E+03  
                1.164E-03       -585.699E+03  
                1.1655E-03      -592.273E+03  
                1.167E-03       -588.3E+03    
                1.1685E-03      -577.694E+03  
                1.17E-03        -581.941E+03  
                1.1715E-03      -596.526E+03  
                1.173E-03       -595.31E+03   
                1.1745E-03      -594.378E+03  
                1.176E-03       -604.609E+03  
                1.1775E-03      -596.128E+03  
                1.179E-03       -603.129E+03  
                1.1805E-03      -604.252E+03  
                1.182E-03       -602.703E+03  
                1.1835E-03      -603.069E+03  
                1.185E-03       -598.35E+03   
                1.1865E-03      -596.677E+03  
                1.188E-03       -523.382E+03  
                1.1895E-03      -534.997E+03  
                1.191E-03       -502.58E+03   
                1.1925E-03      -526.346E+03  
                1.194E-03       -527.421E+03  
                1.1955E-03      -510.547E+03  
                1.197E-03       -505.337E+03  
                1.1985E-03      -517.143E+03  
                1.2E-03         -529.478E+03  
                1.2015E-03      -533.107E+03  
                1.203E-03       -537.265E+03  
                1.2045E-03      -536.22E+03   
                1.206E-03       -544.455E+03  
                1.2075E-03      -537.53E+03   
                1.209E-03       -535.643E+03  
                1.2105E-03      -540.865E+03  
                1.212E-03       -553.255E+03  
                1.2135E-03      -548.01E+03   
                1.215E-03       -552.916E+03  
                1.2165E-03      -550.561E+03  
                1.218E-03       -532.338E+03  
                1.2195E-03      -536.166E+03  
                1.221E-03       -537.1E+03    
                1.2225E-03      -553.838E+03  
                1.224E-03       -489.663E+03  
                1.2255E-03      -519.004E+03  
                1.227E-03       -488.785E+03  
                1.2285E-03      -483.27E+03   
                1.23E-03        -512.085E+03  
                1.2315E-03      -519.423E+03  
                1.233E-03       -514.445E+03  
                1.2345E-03      -532.071E+03  
                1.236E-03       -533.755E+03  
                1.2375E-03      -549.196E+03  
                1.239E-03       -534.231E+03  
                1.2405E-03      -544.535E+03  
                1.242E-03       -533.719E+03  
                1.2435E-03      -542.482E+03  
                1.245E-03       -545.826E+03  
                1.2465E-03      -548.011E+03  
                1.248E-03       -533.234E+03  
                1.2495E-03      -549.439E+03  
                1.251E-03       -549.574E+03  
                1.2525E-03      -548.646E+03  
                1.254E-03       -554.193E+03  
                1.2555E-03      -555.66E+03   
                1.257E-03       -547.424E+03  
                1.2585E-03      -526.619E+03  
                1.26E-03        -543.077E+03  
                1.2615E-03      -551.16E+03   
                1.263E-03       -534.046E+03  
                1.2645E-03      -544.846E+03  
                1.266E-03       -567.108E+03  
                1.2675E-03      -579.187E+03  
                1.269E-03       -574.644E+03  
                1.2705E-03      -557.032E+03  
                1.272E-03       -567.927E+03  
                1.2735E-03      -568.988E+03  
                1.275E-03       -569.411E+03  
                1.2765E-03      -570.463E+03  
                1.278E-03       -574.313E+03  
                1.2795E-03      -583.048E+03  
                1.281E-03       -582.255E+03  
                1.2825E-03      -585.939E+03  
                1.284E-03       -589.026E+03  
                1.2855E-03      -595.254E+03  
                1.287E-03       -578.895E+03  
                1.2885E-03      -578.827E+03  
                1.29E-03        -587.044E+03  
                1.2915E-03      -593.632E+03  
                1.293E-03       -573.022E+03  
                1.2945E-03      -574.488E+03  
                1.296E-03       -550.634E+03  
                1.2975E-03      -528.61E+03   
                1.299E-03       -524.932E+03  
                1.3005E-03      -548.936E+03  
                1.302E-03       -574.83E+03   
                1.3035E-03      -586.44E+03   
                1.305E-03       -561.521E+03  
                1.3065E-03      -482.626E+03  
                1.308E-03       -506.283E+03  
                1.3095E-03      -517.864E+03  
                1.311E-03       -502.99E+03   
                1.3125E-03      -519.877E+03  
                1.314E-03       -516.89E+03   
                1.3155E-03      -514.552E+03  
                1.317E-03       -510.757E+03  
                1.3185E-03      -514.83E+03   
                1.32E-03        -529.352E+03  
                1.3215E-03      -550.905E+03  
                1.323E-03       -545.497E+03  
                1.3245E-03      -565.499E+03  
                1.326E-03       -554.607E+03  
                1.3275E-03      -565.713E+03  
                1.329E-03       -551.903E+03  
                1.3305E-03      -569.363E+03  
                1.332E-03       -572.298E+03  
                1.3335E-03      -540.029E+03  
                1.335E-03       -550.396E+03  
                1.3365E-03      -548.518E+03  
                1.338E-03       -554.554E+03  
                1.3395E-03      -539.24E+03   
                1.341E-03       -547.835E+03  
                1.3425E-03      -552.864E+03  
                1.344E-03       -534.162E+03  
                1.3455E-03      -544.164E+03  
                1.347E-03       -551.706E+03  
                1.3485E-03      -554.61E+03   
                1.35E-03        -564.445E+03  
                1.3515E-03      -563.925E+03  
                1.353E-03       -559.793E+03  
                1.3545E-03      -578.839E+03  
                1.356E-03       -564.945E+03  
                1.3575E-03      -562.391E+03  
                1.359E-03       -489.488E+03  
                1.3605E-03      -513.74E+03   
                1.362E-03       -515.998E+03  
                1.3635E-03      -570.635E+03  
                1.365E-03       -538.327E+03  
                1.3665E-03      -554.67E+03   
                1.368E-03       -539.719E+03  
                1.3695E-03      -538.771E+03  
                1.371E-03       -537.418E+03  
                1.3725E-03      -561.796E+03  
                1.374E-03       -555.814E+03  
                1.3755E-03      -556.617E+03  
                1.377E-03       -571.362E+03  
                1.3785E-03      -577.01E+03   
                1.38E-03        -570.118E+03  
                1.3815E-03      -578.953E+03  
                1.383E-03       -590.605E+03  
                1.3845E-03      -571.166E+03  
                1.386E-03       -584.579E+03  
                1.3875E-03      -573.179E+03  
                1.389E-03       -574.899E+03  
                1.3905E-03      -587.988E+03  
                1.392E-03       -575.973E+03  
                1.3935E-03      -572.571E+03  
                1.395E-03       -521.348E+03  
                1.3965E-03      -536.151E+03  
                1.398E-03       -560.861E+03  
                1.3995E-03      -493.491E+03  
                1.401E-03       -507.553E+03  
                1.4025E-03      -523.366E+03  
                1.404E-03       -515.713E+03  
                1.4055E-03      -512.345E+03  
                1.407E-03       -509.177E+03  
                1.4085E-03      -528.824E+03  
                1.41E-03        -551.332E+03  
                1.4115E-03      -553.106E+03  
                1.413E-03       -541.385E+03  
                1.4145E-03      -538.985E+03  
                1.416E-03       -527.416E+03  
                1.4175E-03      -525.831E+03  
                1.419E-03       -525.476E+03  
                1.4205E-03      -530.759E+03  
                1.422E-03       -550.834E+03  
                1.4235E-03      -560.57E+03   
                1.425E-03       -558.181E+03  
                1.4265E-03      -570.217E+03  
                1.428E-03       -560.668E+03  
                1.4295E-03      -559.576E+03  
                1.431E-03       -560.16E+03   
                1.4325E-03      -560.787E+03  
                1.434E-03       -563.757E+03  
                1.4355E-03      -579.059E+03  
                1.437E-03       -571.264E+03  
                1.4385E-03      -542.984E+03  
                1.44E-03        -566.975E+03  
                1.4415E-03      -550.604E+03  
                1.443E-03       -564.208E+03  
                1.4445E-03      -570.577E+03  
                1.446E-03       -575.995E+03  
                1.4475E-03      -561.378E+03  
                1.449E-03       -548.974E+03  
                1.4505E-03      -560.045E+03  
                1.452E-03       -579.815E+03  
                1.4535E-03      -596.805E+03  
                1.455E-03       -581.484E+03  
                1.4565E-03      -575.62E+03   
                1.458E-03       -551.559E+03  
                1.4595E-03      -578.389E+03  
                1.461E-03       -579.646E+03  
                1.4625E-03      -588.455E+03  
                1.464E-03       -527.282E+03  
                1.4655E-03      -550.677E+03  
                1.467E-03       -554.458E+03  
                1.4685E-03      -572.15E+03   
                1.47E-03        -576.208E+03  
                1.4715E-03      -504.195E+03  
                1.473E-03       -549.411E+03  
                1.4745E-03      -559.119E+03  
                1.476E-03       -525.557E+03  
                1.4775E-03      -560.809E+03  
                1.479E-03       -581.82E+03   
                1.4805E-03      -560.839E+03  
                1.482E-03       -550.578E+03  
                1.4835E-03      -556.385E+03  
                1.485E-03       -523.243E+03  
                1.4865E-03      -547.25E+03   
                1.488E-03       -556.963E+03  
                1.4895E-03      -563.347E+03  
                1.491E-03       -548.425E+03  
                1.4925E-03      -549.333E+03  
                1.494E-03       -539.093E+03  
                1.4955E-03      -531.732E+03  
                1.497E-03       -521.212E+03  
                1.4985E-03      -547.142E+03  
                1.5E-03         -556.867E+03  
                1.5015E-03      -567.721E+03  
                1.503E-03       -528.651E+03  
                1.5045E-03      -531.952E+03  
                1.506E-03       -530.015E+03  
                1.5075E-03      -572.604E+03  
                1.509E-03       -565.733E+03  
                1.5105E-03      -536.217E+03  
                1.512E-03       -551.873E+03  
                1.5135E-03      -556.646E+03  
                1.515E-03       -572.561E+03  
                1.5165E-03      -552.737E+03  
                1.518E-03       -572.318E+03  
                1.5195E-03      -563.701E+03  
                1.521E-03       -570.793E+03  
                1.5225E-03      -553.661E+03  
                1.524E-03       -573.215E+03  
                1.5255E-03      -572.556E+03  
                1.527E-03       -553.091E+03  
                1.5285E-03      -516.299E+03  
                1.53E-03        -534.706E+03  
                1.5315E-03      -470.569E+03  
                1.533E-03       -509.592E+03  
                1.5345E-03      -519.241E+03  
                1.536E-03       -511.738E+03  
                1.5375E-03      -502.53E+03   
                1.539E-03       -512.451E+03  
                1.5405E-03      -510.531E+03  
                1.542E-03       -523.194E+03  
                1.5435E-03      -517.862E+03  
                1.545E-03       -552.412E+03  
                1.5465E-03      -540.425E+03  
                1.548E-03       -532.743E+03  
                1.5495E-03      -558.638E+03  
                1.551E-03       -541.432E+03  
                1.5525E-03      -541.987E+03  
                1.554E-03       -543.005E+03  
                1.5555E-03      -565.055E+03  
                1.557E-03       -498.678E+03  
                1.5585E-03      -543.447E+03  
                1.56E-03        -543.209E+03  
                1.5615E-03      -550.043E+03  
                1.563E-03       -497.527E+03  
                1.5645E-03      -512.971E+03  
                1.566E-03       -497.721E+03  
                1.5675E-03      -487.839E+03  
                1.569E-03       -497.222E+03  
                1.5705E-03      -475.497E+03  
                1.572E-03       -505.462E+03  
                1.5735E-03      -494.929E+03  
                1.575E-03       -516.149E+03  
                1.5765E-03      -495.664E+03  
                1.578E-03       -513.111E+03  
                1.5795E-03      -507.307E+03  
                1.581E-03       -507.061E+03  
                1.5825E-03      -525.147E+03  
                1.584E-03       -529.038E+03  
                1.5855E-03      -544.565E+03  
                1.587E-03       -545.792E+03  
                1.5885E-03      -541.008E+03  
                1.59E-03        -535.99E+03   
                1.5915E-03      -541.341E+03  
                1.593E-03       -552.237E+03  
                1.5945E-03      -556.877E+03  
                1.596E-03       -542.568E+03  
                1.5975E-03      -551.906E+03  
                1.599E-03       -565.955E+03  
                1.6005E-03      -519.144E+03  
                1.602E-03       -515.384E+03  
                1.6035E-03      -487.996E+03  
                1.605E-03       -487.265E+03  
                1.6065E-03      -510.457E+03  
                1.608E-03       -505.716E+03  
                1.6095E-03      -494.833E+03  
                1.611E-03       -491.343E+03  
                1.6125E-03      -497.139E+03  
                1.614E-03       -531.472E+03  
                1.6155E-03      -540.414E+03  
                1.617E-03       -516.395E+03  
                1.6185E-03      -554.284E+03  
                1.62E-03        -531.983E+03  
                1.6215E-03      -540.967E+03  
                1.623E-03       -558.804E+03  
                1.6245E-03      -552.507E+03  
                1.626E-03       -554.776E+03  
                1.6275E-03      -563.4E+03    
                1.629E-03       -561.314E+03  
                1.6305E-03      -488.736E+03  
                1.632E-03       -471.718E+03  
                1.6335E-03      -533.122E+03  
                1.635E-03       -524.119E+03  
                1.6365E-03      -531.894E+03  
                1.638E-03       -543.552E+03  
                1.6395E-03      -538.364E+03  
                1.641E-03       -540.769E+03  
                1.6425E-03      -570.004E+03  
                1.644E-03       -569.969E+03  
                1.6455E-03      -544.559E+03  
                1.647E-03       -546.814E+03  
                1.6485E-03      -559.51E+03   
                1.65E-03        -552.807E+03  
                1.6515E-03      -546.627E+03  
                1.653E-03       -508.033E+03  
                1.6545E-03      -518.114E+03  
                1.656E-03       -524.278E+03  
                1.6575E-03      -471.333E+03  
                1.659E-03       -468.835E+03  
                1.6605E-03      -474.461E+03  
                1.662E-03       -499.77E+03   
                1.6635E-03      -528.943E+03  
                1.665E-03       -540.534E+03  
                1.6665E-03      -539.514E+03  
                1.668E-03       -558.589E+03  




