                0.                 0.         
              750.302E-09          0.         
                1.50017E-06        0.         
                2.25034E-06        0.         
                3.00001E-06        0.         
                3.75006E-06        0.         
                4.50014E-06        0.         
                5.25026E-06        0.         
                6.E-06             0.         
                6.75013E-06      -16.9764E+03 
                7.50016E-06      -34.2741E+03 
                8.25026E-06      -46.7501E+03 
                9.00017E-06      -55.9217E+03 
                9.75017E-06      -72.769E+03  
               10.5003E-06       -80.9222E+03 
               11.2503E-06       -87.8813E+03 
               12.0001E-06      -100.336E+03  
               12.7502E-06      -108.898E+03  
               13.5002E-06      -115.75E+03   
               14.2501E-06      -122.217E+03  
               15.E-06          -124.975E+03  
               15.7501E-06      -133.841E+03  
               16.5002E-06      -141.303E+03  
               17.25E-06        -153.804E+03  
               18.0002E-06      -166.029E+03  
               18.75E-06        -165.131E+03  
               19.5E-06         -170.03E+03   
               20.25E-06        -181.13E+03   
               21.E-06          -189.868E+03  
               21.75E-06        -196.187E+03  
               22.5E-06         -213.251E+03  
               23.2501E-06      -219.274E+03  
               24.E-06          -225.331E+03  
               24.7501E-06      -231.14E+03   
               25.5001E-06      -239.976E+03  
               26.2501E-06      -247.217E+03  
               27.E-06          -255.736E+03  
               27.75E-06        -263.001E+03  
               28.5E-06         -271.552E+03  
               29.25E-06        -277.199E+03  
               30.0001E-06      -279.971E+03  
               30.75E-06        -284.438E+03  
               31.5E-06         -288.97E+03   
               32.25E-06        -294.718E+03  
               33.0001E-06      -298.391E+03  
               33.7501E-06      -304.953E+03  
               34.5001E-06      -310.543E+03  
               35.25E-06        -319.831E+03  
               36.0001E-06      -307.449E+03  
               36.7501E-06      -314.489E+03  
               37.5E-06         -317.587E+03  
               38.25E-06        -320.89E+03   
               39.E-06          -318.491E+03  
               39.75E-06        -273.459E+03  
               40.5E-06         -281.972E+03  
               41.2501E-06      -293.444E+03  
               42.E-06          -301.432E+03  
               42.7501E-06      -307.348E+03  
               43.5E-06         -314.015E+03  
               44.2501E-06      -317.532E+03  
               45.E-06          -321.466E+03  
               45.75E-06        -331.189E+03  
               46.5001E-06      -335.369E+03  
               47.25E-06        -277.318E+03  
               48.E-06          -313.572E+03  
               48.75E-06        -317.85E+03   
               49.5001E-06      -340.238E+03  
               50.25E-06        -328.517E+03  
               51.E-06          -334.202E+03  
               51.75E-06        -343.791E+03  
               52.5001E-06      -353.81E+03   
               53.25E-06        -360.847E+03  
               54.E-06          -361.798E+03  
               54.75E-06        -350.049E+03  
               55.5001E-06      -368.468E+03  
               56.25E-06        -368.101E+03  
               57.0001E-06      -350.096E+03  
               57.7501E-06      -369.176E+03  
               58.5E-06         -362.089E+03  
               59.25E-06        -354.249E+03  
               60.0001E-06      -355.008E+03  
               60.75E-06        -363.987E+03  
               61.5E-06         -378.026E+03  
               62.2501E-06      -357.053E+03  
               63.E-06          -377.568E+03  
               63.75E-06        -372.615E+03  
               64.5E-06         -385.002E+03  
               65.25E-06        -373.675E+03  
               66.E-06          -381.816E+03  
               66.7501E-06      -369.985E+03  
               67.5001E-06      -379.868E+03  
               68.2501E-06      -381.853E+03  
               69.E-06          -390.394E+03  
               69.75E-06        -406.091E+03  
               70.5001E-06      -394.722E+03  
               71.25E-06        -404.351E+03  
               72.0001E-06      -404.941E+03  
               72.75E-06        -397.283E+03  
               73.5E-06         -396.92E+03   
               74.2501E-06      -407.284E+03  
               75.E-06          -410.27E+03   
               75.75E-06        -410.563E+03  
               76.5001E-06      -409.214E+03  
               77.25E-06        -348.905E+03  
               78.0001E-06      -391.011E+03  
               78.7501E-06      -388.454E+03  
               79.5E-06         -392.477E+03  
               80.2501E-06      -406.21E+03   
               81.0001E-06      -401.694E+03  
               81.7501E-06      -425.023E+03  
               82.5001E-06      -428.204E+03  
               83.25E-06        -422.289E+03  
               84.E-06          -433.202E+03  
               84.75E-06        -434.182E+03  
               85.5E-06         -440.585E+03  
               86.25E-06        -448.152E+03  
               87.E-06          -450.631E+03  
               87.75E-06        -449.585E+03  
               88.5001E-06      -454.213E+03  
               89.25E-06        -455.769E+03  
               90.E-06          -458.365E+03  
               90.75E-06        -459.24E+03   
               91.5001E-06      -459.753E+03  
               92.25E-06        -440.923E+03  
               93.0001E-06      -430.24E+03   
               93.75E-06        -389.233E+03  
               94.5001E-06      -386.748E+03  
               95.25E-06        -381.625E+03  
               96.0001E-06      -426.829E+03  
               96.7501E-06      -430.777E+03  
               97.5E-06         -439.681E+03  
               98.25E-06        -426.279E+03  
               99.E-06          -377.836E+03  
               99.75E-06        -399.523E+03  
              100.5E-06         -409.68E+03   
              101.25E-06        -411.402E+03  
              102.E-06          -415.919E+03  
              102.75E-06        -420.806E+03  
              103.5E-06         -428.363E+03  
              104.25E-06        -432.96E+03   
              105.E-06          -439.862E+03  
              105.75E-06        -441.756E+03  
              106.5E-06         -448.567E+03  
              107.25E-06        -453.342E+03  
              108.E-06          -455.207E+03  
              108.75E-06        -461.775E+03  
              109.5E-06         -438.599E+03  
              110.25E-06        -441.12E+03   
              111.E-06          -425.009E+03  
              111.75E-06        -425.747E+03  
              112.5E-06         -452.218E+03  
              113.25E-06        -457.208E+03  
              114.E-06          -460.284E+03  
              114.75E-06        -453.212E+03  
              115.5E-06         -439.428E+03  
              116.25E-06        -451.506E+03  
              117.E-06          -478.875E+03  
              117.75E-06        -484.699E+03  
              118.5E-06         -484.089E+03  
              119.25E-06        -489.635E+03  
              120.E-06          -492.181E+03  
              120.75E-06        -484.418E+03  
              121.5E-06         -490.471E+03  
              122.25E-06        -418.158E+03  
              123.E-06          -476.52E+03   
              123.75E-06        -449.704E+03  
              124.5E-06         -482.998E+03  
              125.25E-06        -484.44E+03   
              126.E-06          -483.632E+03  
              126.75E-06        -367.633E+03  
              127.5E-06         -400.061E+03  
              128.25E-06        -394.633E+03  
              129.E-06          -397.889E+03  
              129.75E-06        -410.754E+03  
              130.5E-06         -410.351E+03  
              131.25E-06        -426.361E+03  
              132.E-06          -424.336E+03  
              132.75E-06        -432.958E+03  
              133.5E-06         -452.145E+03  
              134.25E-06        -461.959E+03  
              135.E-06          -472.179E+03  
              135.75E-06        -475.186E+03  
              136.5E-06         -477.89E+03   
              137.25E-06        -480.727E+03  
              138.E-06          -484.767E+03  
              138.75E-06        -482.707E+03  
              139.5E-06         -483.549E+03  
              140.25E-06        -488.032E+03  
              141.E-06          -479.194E+03  
              141.75E-06        -480.891E+03  
              142.5E-06         -466.219E+03  
              143.25E-06        -406.713E+03  
              144.E-06          -453.387E+03  
              144.75E-06        -470.942E+03  
              145.5E-06         -497.013E+03  
              146.25E-06        -493.524E+03  
              147.E-06          -497.95E+03   
              147.75E-06        -493.701E+03  
              148.5E-06         -502.53E+03   
              149.25E-06        -503.314E+03  
              150.E-06          -505.997E+03  
              150.75E-06        -505.41E+03   
              151.5E-06         -503.465E+03  
              152.25E-06        -488.37E+03   
              153.E-06          -502.861E+03  
              153.75E-06        -434.754E+03  
              154.5E-06         -452.978E+03  
              155.25E-06        -441.411E+03  
              156.E-06          -447.097E+03  
              156.75E-06        -438.561E+03  
              157.5E-06         -443.266E+03  
              158.25E-06        -443.088E+03  
              159.E-06          -447.15E+03   
              159.75E-06        -486.158E+03  
              160.5E-06         -492.257E+03  
              161.25E-06        -492.722E+03  
              162.E-06          -473.844E+03  
              162.75E-06        -494.182E+03  
              163.5E-06         -491.137E+03  
              164.25E-06        -499.568E+03  
              165.E-06          -509.777E+03  
              165.75E-06        -510.378E+03  
              166.5E-06         -515.773E+03  
              167.25E-06        -517.416E+03  
              168.E-06          -520.915E+03  
              168.75E-06        -523.07E+03   
              169.5E-06         -525.078E+03  
              170.25E-06        -525.944E+03  
              171.E-06          -528.82E+03   
              171.75E-06        -484.761E+03  
              172.5E-06         -476.355E+03  
              173.25E-06        -486.317E+03  
              174.E-06          -507.34E+03   
              174.75E-06        -503.759E+03  
              175.5E-06         -504.192E+03  
              176.25E-06        -504.27E+03   
              177.E-06          -499.469E+03  
              177.75E-06        -500.56E+03   
              178.5E-06         -503.591E+03  
              179.25E-06        -516.943E+03  
              180.E-06          -526.01E+03   
              180.75E-06        -522.191E+03  
              181.5E-06         -478.873E+03  
              182.25E-06        -480.502E+03  
              183.E-06          -512.011E+03  
              183.75E-06        -508.38E+03   
              184.5E-06         -521.444E+03  
              185.25E-06        -519.511E+03  
              186.E-06          -522.505E+03  
              186.75E-06        -527.744E+03  
              187.5E-06         -526.431E+03  
              188.25E-06        -528.029E+03  
              189.E-06          -530.402E+03  
              189.75E-06        -522.203E+03  
              190.5E-06         -469.661E+03  
              191.25E-06        -474.791E+03  
              192.E-06          -457.591E+03  
              192.75E-06        -471.36E+03   
              193.5E-06         -483.375E+03  
              194.25E-06        -491.703E+03  
              195.E-06          -502.174E+03  
              195.75E-06        -491.332E+03  
              196.5E-06         -508.938E+03  
              197.25E-06        -519.644E+03  
              198.E-06          -523.007E+03  
              198.75E-06        -525.513E+03  
              199.5E-06         -509.425E+03  
              200.25E-06        -538.301E+03  
              201.E-06          -542.562E+03  
              201.75E-06        -544.875E+03  
              202.5E-06         -546.067E+03  
              203.25E-06        -546.087E+03  
              204.E-06          -547.812E+03  
              204.75E-06        -547.198E+03  
              205.5E-06         -551.791E+03  
              206.25E-06        -550.853E+03  
              207.E-06          -555.48E+03   
              207.75E-06        -554.355E+03  
              208.5E-06         -489.296E+03  
              209.25E-06        -512.834E+03  
              210.E-06          -499.876E+03  
              210.75E-06        -500.707E+03  
              211.5E-06         -506.882E+03  
              212.25E-06        -512.555E+03  
              213.E-06          -511.051E+03  
              213.75E-06        -522.613E+03  
              214.5E-06         -514.223E+03  
              215.25E-06        -500.199E+03  
              216.E-06          -520.156E+03  
              216.75E-06        -528.809E+03  
              217.5E-06         -502.874E+03  
              218.25E-06        -529.325E+03  
              219.E-06          -542.967E+03  
              219.75E-06        -547.317E+03  
              220.5E-06         -547.832E+03  
              221.25E-06        -544.506E+03  
              222.E-06          -526.4E+03    
              222.75E-06        -536.026E+03  
              223.5E-06         -549.591E+03  
              224.25E-06        -466.179E+03  
              225.E-06          -494.026E+03  
              225.75E-06        -467.496E+03  
              226.5E-06         -462.567E+03  
              227.25E-06        -476.403E+03  
              228.E-06          -509.095E+03  
              228.75E-06        -524.683E+03  
              229.5E-06         -527.963E+03  
              230.25E-06        -529.862E+03  
              231.E-06          -536.665E+03  
              231.75E-06        -539.083E+03  
              232.5E-06         -527.252E+03  
              233.25E-06        -536.566E+03  
              234.E-06          -533.909E+03  
              234.75E-06        -543.121E+03  
              235.5E-06         -541.455E+03  
              236.25E-06        -547.453E+03  
              237.E-06          -537.943E+03  
              237.75E-06        -541.086E+03  
              238.5E-06         -544.141E+03  
              239.25E-06        -475.828E+03  
              240.E-06          -485.154E+03  
              240.75E-06        -483.792E+03  
              241.5E-06         -497.895E+03  
              242.25E-06        -500.186E+03  
              243.E-06          -507.478E+03  
              243.75E-06        -509.283E+03  
              244.5E-06         -517.487E+03  
              245.25E-06        -523.659E+03  
              246.E-06          -522.027E+03  
              246.75E-06        -524.456E+03  
              247.5E-06         -543.855E+03  
              248.25E-06        -548.333E+03  
              249.E-06          -555.685E+03  
              249.75E-06        -551.345E+03  
              250.5E-06         -562.384E+03  
              251.25E-06        -560.286E+03  
              252.E-06          -562.064E+03  
              252.75E-06        -564.275E+03  
              253.5E-06         -568.291E+03  
              254.25E-06        -566.011E+03  
              255.E-06          -564.601E+03  
              255.75E-06        -570.927E+03  
              256.5E-06         -565.718E+03  
              257.25E-06        -523.822E+03  
              258.E-06          -536.13E+03   
              258.75E-06        -534.065E+03  
              259.5E-06         -531.94E+03   
              260.25E-06        -531.364E+03  
              261.E-06          -540.857E+03  
              261.75E-06        -532.648E+03  
              262.5E-06         -538.09E+03   
              263.25E-06        -542.932E+03  
              264.E-06          -543.945E+03  
              264.75E-06        -546.849E+03  
              265.5E-06         -550.15E+03   
              266.25E-06        -543.344E+03  
              267.E-06          -538.009E+03  
              267.75E-06        -517.282E+03  
              268.5E-06         -517.377E+03  
              269.25E-06        -509.132E+03  
              270.E-06          -544.324E+03  
              270.75E-06        -554.605E+03  
              271.5E-06         -559.761E+03  
              272.25E-06        -554.847E+03  
              273.E-06          -552.776E+03  
              273.75E-06        -549.393E+03  
              274.5E-06         -544.861E+03  
              275.25E-06        -538.662E+03  
              276.E-06          -509.647E+03  
              276.75E-06        -516.179E+03  
              277.5E-06         -500.668E+03  
              278.25E-06        -493.712E+03  
              279.E-06          -505.67E+03   
              279.75E-06        -516.619E+03  
              280.5E-06         -510.452E+03  
              281.25E-06        -519.354E+03  
              282.E-06          -518.66E+03   
              282.75E-06        -375.689E+03  
              283.5E-06         -392.977E+03  
              284.25E-06        -443.996E+03  
              285.E-06          -467.681E+03  
              285.75E-06        -471.128E+03  
              286.5E-06         -466.781E+03  
              287.25E-06        -474.998E+03  
              288.E-06          -473.037E+03  
              288.75E-06        -462.986E+03  
              289.5E-06         -472.708E+03  
              290.25E-06        -476.733E+03  
              291.E-06          -478.855E+03  
              291.75E-06        -494.254E+03  
              292.5E-06         -498.268E+03  
              293.25E-06        -498.154E+03  
              294.E-06          -501.436E+03  
              294.75E-06        -509.935E+03  
              295.5E-06         -506.492E+03  
              296.25E-06        -490.035E+03  
              297.E-06          -504.59E+03   
              297.75E-06        -494.204E+03  
              298.5E-06         -499.94E+03   
              299.25E-06        -478.343E+03  
              300.E-06          -495.177E+03  
              300.75E-06        -510.181E+03  
              301.5E-06         -519.016E+03  
              302.25E-06        -519.84E+03   
              303.E-06          -522.522E+03  
              303.75E-06        -524.482E+03  
              304.5E-06         -499.304E+03  
              305.25E-06        -507.738E+03  
              306.E-06          -480.222E+03  
              306.75E-06        -507.902E+03  
              307.5E-06         -515.075E+03  
              308.25E-06        -520.887E+03  
              309.E-06          -523.944E+03  
              309.75E-06        -509.358E+03  
              310.5E-06         -509.893E+03  
              311.25E-06        -525.756E+03  
              312.E-06          -527.085E+03  
              312.75E-06        -533.621E+03  
              313.5E-06         -502.387E+03  
              314.25E-06        -481.028E+03  
              315.E-06          -457.29E+03   
              315.75E-06        -479.48E+03   
              316.5E-06         -492.898E+03  
              317.25E-06        -520.143E+03  
              318.E-06          -533.492E+03  
              318.75E-06        -534.362E+03  
              319.5E-06         -532.497E+03  
              320.25E-06        -527.13E+03   
              321.E-06          -530.392E+03  
              321.75E-06        -541.391E+03  
              322.5E-06         -537.236E+03  
              323.25E-06        -534.815E+03  
              324.E-06          -501.762E+03  
              324.75E-06        -485.908E+03  
              325.5E-06         -500.814E+03  
              326.25E-06        -493.662E+03  
              327.E-06          -513.681E+03  
              327.75E-06        -514.267E+03  
              328.5E-06         -510.522E+03  
              329.25E-06        -502.731E+03  
              330.E-06          -517.026E+03  
              330.75E-06        -536.694E+03  
              331.5E-06         -534.104E+03  
              332.25E-06        -540.448E+03  
              333.E-06          -532.892E+03  
              333.75E-06        -534.467E+03  
              334.5E-06         -525.496E+03  
              335.25E-06        -493.149E+03  
              336.E-06          -519.921E+03  
              336.75E-06        -518.673E+03  
              337.5E-06         -533.949E+03  
              338.25E-06        -535.068E+03  
              339.E-06          -538.954E+03  
              339.75E-06        -537.707E+03  
              340.5E-06         -539.477E+03  
              341.25E-06        -528.184E+03  
              342.E-06          -506.719E+03  
              342.75E-06        -518.897E+03  
              343.5E-06         -525.485E+03  
              344.25E-06        -518.695E+03  
              345.E-06          -535.96E+03   
              345.75E-06        -517.064E+03  
              346.5E-06         -525.188E+03  
              347.25E-06        -506.656E+03  
              348.E-06          -492.597E+03  
              348.75E-06        -520.981E+03  
              349.5E-06         -507.24E+03   
              350.25E-06        -518.271E+03  
              351.E-06          -533.601E+03  
              351.75E-06        -531.096E+03  
              352.5E-06         -535.836E+03  
              353.25E-06        -543.822E+03  
              354.E-06          -541.813E+03  
              354.75E-06        -545.733E+03  
              355.5E-06         -500.628E+03  
              356.25E-06        -513.318E+03  
              357.E-06          -516.816E+03  
              357.75E-06        -516.37E+03   
              358.5E-06         -523.71E+03   
              359.25E-06        -515.278E+03  
              360.E-06          -538.248E+03  
              360.75E-06        -548.689E+03  
              361.5E-06         -561.052E+03  
              362.25E-06        -547.044E+03  
              363.E-06          -551.344E+03  
              363.75E-06        -558.374E+03  
              364.5E-06         -544.794E+03  
              365.25E-06        -545.403E+03  
              366.E-06          -536.518E+03  
              366.75E-06        -506.409E+03  
              367.5E-06         -514.121E+03  
              368.25E-06        -514.897E+03  
              369.E-06          -502.678E+03  
              369.75E-06        -497.621E+03  
              370.5E-06         -499.71E+03   
              371.25E-06        -516.675E+03  
              372.E-06          -510.729E+03  
              372.75E-06        -525.157E+03  
              373.5E-06         -538.498E+03  
              374.25E-06        -554.204E+03  
              375.E-06          -525.658E+03  
              375.75E-06        -524.664E+03  
              376.5E-06         -520.53E+03   
              377.25E-06        -542.44E+03   
              378.E-06          -546.241E+03  
              378.75E-06        -539.986E+03  
              379.5E-06         -542.712E+03  
              380.25E-06        -546.197E+03  
              381.E-06          -541.727E+03  
              381.75E-06        -542.135E+03  
              382.5E-06         -477.082E+03  
              383.25E-06        -456.676E+03  
              384.E-06          -496.687E+03  
              384.75E-06        -506.444E+03  
              385.5E-06         -524.764E+03  
              386.25E-06        -509.505E+03  
              387.E-06          -539.55E+03   
              387.75E-06        -542.129E+03  
              388.5E-06         -537.462E+03  
              389.25E-06        -541.556E+03  
              390.E-06          -533.898E+03  
              390.75E-06        -545.732E+03  
              391.5E-06         -553.373E+03  
              392.25E-06        -575.668E+03  
              393.E-06          -558.338E+03  
              393.75E-06        -558.899E+03  
              394.5E-06         -561.567E+03  
              395.25E-06        -561.941E+03  
              396.E-06          -568.542E+03  
              396.75E-06        -514.794E+03  
              397.5E-06         -543.641E+03  
              398.25E-06        -518.531E+03  
              399.E-06          -531.157E+03  
              399.75E-06        -531.095E+03  
              400.5E-06         -529.991E+03  
              401.25E-06        -531.363E+03  
              402.E-06          -526.583E+03  
              402.75E-06        -547.588E+03  
              403.5E-06         -560.17E+03   
              404.25E-06        -554.271E+03  
              405.E-06          -552.088E+03  
              405.75E-06        -545.481E+03  
              406.5E-06         -539.865E+03  
              407.25E-06        -521.99E+03   
              408.E-06          -538.93E+03   
              408.75E-06        -563.29E+03   
              409.5E-06         -566.001E+03  
              410.25E-06        -587.458E+03  
              411.E-06          -566.702E+03  
              411.75E-06        -537.583E+03  
              412.5E-06         -519.439E+03  
              413.25E-06        -527.565E+03  
              414.E-06          -519.035E+03  
              414.75E-06        -511.621E+03  
              415.5E-06         -551.197E+03  
              416.25E-06        -566.131E+03  
              417.E-06          -488.752E+03  
              417.75E-06        -534.199E+03  
              418.5E-06         -553.602E+03  
              419.25E-06        -549.605E+03  
              420.E-06          -541.404E+03  
              420.75E-06        -529.63E+03   
              421.5E-06         -537.712E+03  
              422.25E-06        -526.826E+03  
              423.E-06          -554.803E+03  
              423.75E-06        -555.799E+03  
              424.5E-06         -511.449E+03  
              425.25E-06        -532.32E+03   
              426.E-06          -534.052E+03  
              426.75E-06        -551.147E+03  
              427.5E-06         -548.239E+03  
              428.25E-06        -556.103E+03  
              429.E-06          -561.376E+03  
              429.75E-06        -562.753E+03  
              430.5E-06         -567.526E+03  
              431.25E-06        -575.812E+03  
              432.E-06          -576.539E+03  
              432.75E-06        -529.489E+03  
              433.5E-06         -530.411E+03  
              434.25E-06        -529.281E+03  
              435.E-06          -526.881E+03  
              435.75E-06        -539.158E+03  
              436.5E-06         -549.562E+03  
              437.25E-06        -549.132E+03  
              438.E-06          -543.295E+03  
              438.75E-06        -550.898E+03  
              439.5E-06         -546.406E+03  
              440.25E-06        -567.747E+03  
              441.E-06          -561.351E+03  
              441.75E-06        -567.882E+03  
              442.5E-06         -542.857E+03  
              443.25E-06        -566.007E+03  
              444.E-06          -505.349E+03  
              444.75E-06        -516.396E+03  
              445.5E-06         -539.939E+03  
              446.25E-06        -535.035E+03  
              447.E-06          -528.155E+03  
              447.75E-06        -540.424E+03  
              448.5E-06         -552.183E+03  
              449.25E-06        -545.42E+03   
              450.E-06          -558.987E+03  
              450.75E-06        -570.313E+03  
              451.5E-06         -591.452E+03  
              452.25E-06        -588.979E+03  
              453.E-06          -581.748E+03  
              453.75E-06        -583.127E+03  
              454.5E-06         -595.198E+03  
              455.25E-06        -594.871E+03  
              456.E-06          -603.127E+03  
              456.75E-06        -595.784E+03  
              457.5E-06         -587.94E+03   
              458.25E-06        -577.211E+03  
              459.E-06          -568.229E+03  
              459.75E-06        -591.408E+03  
              460.5E-06         -581.23E+03   
              461.25E-06        -579.355E+03  
              462.E-06          -578.905E+03  
              462.75E-06        -554.484E+03  
              463.5E-06         -576.034E+03  
              464.25E-06        -583.252E+03  
              465.E-06          -582.676E+03  
              465.75E-06        -587.141E+03  
              466.5E-06         -548.327E+03  
              467.25E-06        -552.867E+03  
              468.E-06          -536.199E+03  
              468.75E-06        -544.753E+03  
              469.5E-06         -537.369E+03  
              470.25E-06        -519.079E+03  
              471.E-06          -528.405E+03  
              471.75E-06        -549.894E+03  
              472.5E-06         -551.623E+03  
              473.25E-06        -475.723E+03  
              474.E-06          -491.141E+03  
              474.75E-06        -506.21E+03   
              475.5E-06         -525.933E+03  
              476.25E-06        -525.945E+03  
              477.E-06          -546.761E+03  
              477.75E-06        -539.998E+03  
              478.5E-06         -544.318E+03  
              479.25E-06        -546.708E+03  
              480.E-06          -566.328E+03  
              480.75E-06        -554.344E+03  
              481.5E-06         -568.976E+03  
              482.25E-06        -568.203E+03  
              483.E-06          -563.376E+03  
              483.75E-06        -573.065E+03  
              484.5E-06         -469.615E+03  
              485.25E-06        -477.45E+03   
              486.E-06          -507.701E+03  
              486.75E-06        -566.183E+03  
              487.5E-06         -542.E+03     
              488.25E-06        -528.628E+03  
              489.E-06          -548.327E+03  
              489.75E-06        -514.621E+03  
              490.5E-06         -518.895E+03  
              491.25E-06        -531.895E+03  
              492.E-06          -546.648E+03  
              492.75E-06        -538.562E+03  
              493.5E-06         -555.634E+03  
              494.25E-06        -572.508E+03  
              495.E-06          -571.417E+03  
              495.75E-06        -562.025E+03  
              496.5E-06         -559.097E+03  
              497.25E-06        -563.027E+03  
              498.E-06          -576.568E+03  
              498.75E-06        -569.212E+03  
              499.5E-06         -581.294E+03  
              500.25E-06        -593.741E+03  
              501.E-06          -546.395E+03  
              501.75E-06        -512.467E+03  
              502.5E-06         -526.774E+03  
              503.25E-06        -559.455E+03  
              504.E-06          -548.115E+03  
              504.75E-06        -513.77E+03   
              505.5E-06         -558.168E+03  
              506.25E-06        -552.579E+03  
              507.E-06          -571.992E+03  
              507.75E-06        -530.599E+03  
              508.5E-06         -548.389E+03  
              509.25E-06        -553.315E+03  
              510.E-06          -563.283E+03  
              510.75E-06        -567.909E+03  
              511.5E-06         -520.179E+03  
              512.25E-06        -534.596E+03  
              513.E-06          -549.11E+03   
              513.75E-06        -542.449E+03  
              514.5E-06         -550.836E+03  
              515.25E-06        -551.159E+03  
              516.E-06          -559.628E+03  
              516.75E-06        -561.605E+03  
              517.5E-06         -572.758E+03  
              518.25E-06        -571.779E+03  
              519.E-06          -576.436E+03  
              519.75E-06        -579.616E+03  
              520.5E-06         -571.323E+03  
              521.25E-06        -590.953E+03  
              522.E-06          -571.407E+03  
              522.75E-06        -573.053E+03  
              523.5E-06         -564.856E+03  
              524.25E-06        -571.407E+03  
              525.E-06          -582.188E+03  
              525.75E-06        -548.896E+03  
              526.5E-06         -555.799E+03  
              527.25E-06        -534.372E+03  
              528.E-06          -557.191E+03  
              528.75E-06        -570.765E+03  
              529.5E-06         -555.832E+03  
              530.25E-06        -552.1E+03    
              531.E-06          -571.029E+03  
              531.75E-06        -568.353E+03  
              532.5E-06         -557.379E+03  
              533.25E-06        -564.208E+03  
              534.E-06          -548.148E+03  
              534.75E-06        -539.065E+03  
              535.5E-06         -529.43E+03   
              536.25E-06        -549.185E+03  
              537.E-06          -557.455E+03  
              537.75E-06        -581.138E+03  
              538.5E-06         -579.113E+03  
              539.25E-06        -579.536E+03  
              540.E-06          -586.318E+03  
              540.75E-06        -606.639E+03  
              541.5E-06         -585.975E+03  
              542.25E-06        -590.378E+03  
              543.E-06          -594.388E+03  
              543.75E-06        -595.204E+03  
              544.5E-06         -612.446E+03  
              545.25E-06        -595.326E+03  
              546.E-06          -589.961E+03  
              546.75E-06        -594.443E+03  
              547.5E-06         -598.898E+03  
              548.25E-06        -602.076E+03  
              549.E-06          -595.199E+03  
              549.75E-06        -511.697E+03  
              550.5E-06         -500.035E+03  
              551.25E-06        -511.283E+03  
              552.E-06          -522.734E+03  
              552.75E-06        -522.106E+03  
              553.5E-06         -538.412E+03  
              554.25E-06        -522.705E+03  
              555.E-06          -507.117E+03  
              555.75E-06        -516.004E+03  
              556.5E-06         -531.975E+03  
              557.25E-06        -533.88E+03   
              558.E-06          -518.126E+03  
              558.75E-06        -516.648E+03  
              559.5E-06         -542.725E+03  
              560.25E-06        -554.789E+03  
              561.E-06          -561.117E+03  
              561.75E-06        -531.008E+03  
              562.5E-06         -509.064E+03  
              563.25E-06        -531.804E+03  
              564.E-06          -474.113E+03  
              564.75E-06        -511.803E+03  
              565.5E-06         -543.102E+03  
              566.25E-06        -564.199E+03  
              567.E-06          -559.909E+03  
              567.75E-06        -567.753E+03  
              568.5E-06         -573.889E+03  
              569.25E-06        -564.952E+03  
              570.E-06          -564.861E+03  
              570.75E-06        -560.594E+03  
              571.5E-06         -536.725E+03  
              572.25E-06        -548.613E+03  
              573.E-06          -552.04E+03   
              573.75E-06        -570.094E+03  
              574.5E-06         -477.991E+03  
              575.25E-06        -496.387E+03  
              576.E-06          -488.501E+03  
              576.75E-06        -487.878E+03  
              577.5E-06         -489.628E+03  
              578.25E-06        -502.498E+03  
              579.E-06          -504.748E+03  
              579.75E-06        -516.115E+03  
              580.5E-06         -542.3E+03    
              581.25E-06        -546.93E+03   
              582.E-06          -526.053E+03  
              582.75E-06        -548.63E+03   
              583.5E-06         -553.376E+03  
              584.25E-06        -527.892E+03  
              585.E-06          -547.966E+03  
              585.75E-06        -519.703E+03  
              586.5E-06         -521.097E+03  
              587.25E-06        -537.813E+03  
              588.E-06          -526.598E+03  
              588.75E-06        -560.013E+03  
              589.5E-06         -561.464E+03  
              590.25E-06        -548.263E+03  
              591.E-06          -552.89E+03   
              591.75E-06        -532.401E+03  
              592.5E-06         -539.531E+03  
              593.25E-06        -535.204E+03  
              594.E-06          -543.913E+03  
              594.75E-06        -496.971E+03  
              595.5E-06         -501.055E+03  
              596.25E-06        -550.104E+03  
              597.E-06          -559.447E+03  
              597.75E-06        -549.203E+03  
              598.5E-06         -558.113E+03  
              599.25E-06        -556.002E+03  
              600.E-06          -551.965E+03  
              600.75E-06        -537.56E+03   
              601.5E-06         -545.803E+03  
              602.25E-06        -554.733E+03  
              603.E-06          -559.444E+03  
              603.75E-06        -547.797E+03  
              604.5E-06         -569.891E+03  
              605.25E-06        -566.914E+03  
              606.E-06          -564.972E+03  
              606.75E-06        -563.159E+03  
              607.5E-06         -564.42E+03   
              608.25E-06        -518.313E+03  
              609.E-06          -496.595E+03  
              609.75E-06        -495.708E+03  
              610.5E-06         -510.802E+03  
              611.25E-06        -499.008E+03  
              612.E-06          -515.184E+03  
              612.75E-06        -498.228E+03  
              613.5E-06         -527.381E+03  
              614.25E-06        -556.368E+03  
              615.E-06          -562.594E+03  
              615.75E-06        -543.326E+03  
              616.5E-06         -537.995E+03  
              617.25E-06        -538.515E+03  
              618.E-06          -569.522E+03  
              618.75E-06        -535.685E+03  
              619.5E-06         -556.053E+03  
              620.25E-06        -562.653E+03  
              621.E-06          -558.447E+03  
              621.75E-06        -536.054E+03  
              622.5E-06         -555.692E+03  
              623.25E-06        -548.927E+03  
              624.E-06          -555.534E+03  
              624.75E-06        -565.802E+03  
              625.5E-06         -548.696E+03  
              626.25E-06        -546.732E+03  
              627.E-06          -578.363E+03  
              627.75E-06        -566.808E+03  
              628.5E-06         -561.146E+03  
              629.25E-06        -552.709E+03  
              630.E-06          -516.902E+03  
              630.75E-06        -546.01E+03   
              631.5E-06         -510.155E+03  
              632.25E-06        -552.181E+03  
              633.E-06          -560.667E+03  
              633.75E-06        -552.541E+03  
              634.5E-06         -531.036E+03  
              635.25E-06        -549.291E+03  
              636.E-06          -569.027E+03  
              636.75E-06        -580.46E+03   
              637.5E-06         -559.69E+03   
              638.25E-06        -558.761E+03  
              639.E-06          -525.376E+03  
              639.75E-06        -482.619E+03  
              640.5E-06         -528.188E+03  
              641.25E-06        -508.389E+03  
              642.E-06          -493.072E+03  
              642.75E-06        -495.887E+03  
              643.5E-06         -489.583E+03  
              644.25E-06        -475.409E+03  
              645.E-06          -493.934E+03  
              645.75E-06        -491.778E+03  
              646.5E-06         -514.384E+03  
              647.25E-06        -525.624E+03  
              648.E-06          -531.285E+03  
              648.75E-06        -512.757E+03  
              649.5E-06         -536.893E+03  
              650.25E-06        -501.97E+03   
              651.E-06          -514.512E+03  
              651.75E-06        -524.308E+03  
              652.5E-06         -531.729E+03  
              653.25E-06        -520.843E+03  
              654.E-06          -513.779E+03  
              654.75E-06        -530.82E+03   
              655.5E-06         -506.195E+03  
              656.25E-06        -510.673E+03  
              657.E-06          -500.319E+03  
              657.75E-06        -517.345E+03  
              658.5E-06         -503.287E+03  
              659.25E-06        -492.937E+03  
              660.E-06          -531.091E+03  
              660.75E-06        -536.944E+03  
              661.5E-06         -534.978E+03  
              662.25E-06        -536.969E+03  
              663.E-06          -549.79E+03   
              663.75E-06        -555.721E+03  
              664.5E-06         -545.803E+03  
              665.25E-06        -542.256E+03  
              666.E-06          -516.872E+03  
              666.75E-06        -524.472E+03  
              667.5E-06         -524.979E+03  
              668.25E-06        -533.032E+03  
              669.E-06          -539.015E+03  
              669.75E-06        -541.529E+03  
              670.5E-06         -525.078E+03  
              671.25E-06        -519.475E+03  
              672.E-06          -532.66E+03   
              672.75E-06        -545.35E+03   
              673.5E-06         -566.542E+03  
              674.25E-06        -553.995E+03  
              675.E-06          -552.399E+03  
              675.75E-06        -535.705E+03  
              676.5E-06         -530.657E+03  
              677.25E-06        -531.732E+03  
              678.E-06          -497.764E+03  
              678.75E-06        -488.686E+03  
              679.5E-06         -514.136E+03  
              680.25E-06        -543.349E+03  
              681.E-06          -548.108E+03  
              681.75E-06        -541.975E+03  
              682.5E-06         -512.224E+03  
              683.25E-06        -525.097E+03  
              684.E-06          -513.44E+03   
              684.75E-06        -523.261E+03  
              685.5E-06         -536.888E+03  
              686.25E-06        -530.153E+03  
              687.E-06          -543.712E+03  
              687.75E-06        -527.857E+03  
              688.5E-06         -511.699E+03  
              689.25E-06        -530.26E+03   
              690.E-06          -537.229E+03  
              690.75E-06        -544.627E+03  
              691.5E-06         -526.63E+03   
              692.25E-06        -539.013E+03  
              693.E-06          -541.281E+03  
              693.75E-06        -541.109E+03  
              694.5E-06         -518.268E+03  
              695.25E-06        -527.882E+03  
              696.E-06          -545.141E+03  
              696.75E-06        -538.292E+03  
              697.5E-06         -546.375E+03  
              698.25E-06        -562.558E+03  
              699.E-06          -536.961E+03  
              699.75E-06        -550.163E+03  
              700.5E-06         -516.464E+03  
              701.25E-06        -520.82E+03   
              702.E-06          -543.057E+03  
              702.75E-06        -524.046E+03  
              703.5E-06         -556.519E+03  
              704.25E-06        -531.831E+03  
              705.E-06          -542.899E+03  
              705.75E-06        -541.789E+03  
              706.5E-06         -531.919E+03  
              707.25E-06        -560.868E+03  
              708.E-06          -538.279E+03  
              708.75E-06        -557.748E+03  
              709.5E-06         -557.857E+03  
              710.25E-06        -549.106E+03  
              711.E-06          -554.822E+03  
              711.75E-06        -544.671E+03  
              712.5E-06         -539.794E+03  
              713.25E-06        -526.627E+03  
              714.E-06          -524.579E+03  
              714.75E-06        -535.389E+03  
              715.5E-06         -540.092E+03  
              716.25E-06        -534.012E+03  
              717.E-06          -534.062E+03  
              717.75E-06        -530.801E+03  
              718.5E-06         -548.333E+03  
              719.25E-06        -551.05E+03   
              720.E-06          -527.095E+03  
              720.75E-06        -563.335E+03  
              721.5E-06         -551.357E+03  
              722.25E-06        -495.781E+03  
              723.E-06          -504.947E+03  
              723.75E-06        -530.554E+03  
              724.5E-06         -553.368E+03  
              725.25E-06        -545.408E+03  
              726.E-06          -548.646E+03  
              726.75E-06        -576.814E+03  
              727.5E-06         -542.88E+03   
              728.25E-06        -557.621E+03  
              729.E-06          -547.756E+03  
              729.75E-06        -553.985E+03  
              730.5E-06         -567.527E+03  
              731.25E-06        -558.782E+03  
              732.E-06          -556.254E+03  
              732.75E-06        -552.203E+03  
              733.5E-06         -590.046E+03  
              734.25E-06        -544.025E+03  
              735.E-06          -485.336E+03  
              735.75E-06        -512.946E+03  
              736.5E-06         -525.879E+03  
              737.25E-06        -543.292E+03  
              738.E-06          -522.435E+03  
              738.75E-06        -521.693E+03  
              739.5E-06         -551.17E+03   
              740.25E-06        -552.437E+03  
              741.E-06          -541.875E+03  
              741.75E-06        -555.681E+03  
              742.5E-06         -551.756E+03  
              743.25E-06        -534.9E+03    
              744.E-06          -554.732E+03  
              744.75E-06        -532.285E+03  
              745.5E-06         -567.544E+03  
              746.25E-06        -579.729E+03  
              747.E-06          -569.224E+03  
              747.75E-06        -567.142E+03  
              748.5E-06         -562.774E+03  
              749.25E-06        -573.088E+03  
              750.E-06          -562.348E+03  
              750.75E-06        -544.314E+03  
              751.5E-06         -551.553E+03  
              752.25E-06        -558.974E+03  
              753.E-06          -521.767E+03  
              753.75E-06        -548.816E+03  
              754.5E-06         -546.32E+03   
              755.25E-06        -568.149E+03  
              756.E-06          -566.747E+03  
              756.75E-06        -559.475E+03  
              757.5E-06         -541.13E+03   
              758.25E-06        -536.817E+03  
              759.E-06          -555.474E+03  
              759.75E-06        -542.3E+03    
              760.5E-06         -540.104E+03  
              761.25E-06        -522.978E+03  
              762.E-06          -537.745E+03  
              762.75E-06        -548.684E+03  
              763.5E-06         -557.844E+03  
              764.25E-06        -532.889E+03  
              765.E-06          -510.571E+03  
              765.75E-06        -560.752E+03  
              766.5E-06         -557.269E+03  
              767.25E-06        -524.147E+03  
              768.E-06          -551.411E+03  
              768.75E-06        -545.405E+03  
              769.5E-06         -571.291E+03  
              770.25E-06        -543.011E+03  
              771.E-06          -536.265E+03  
              771.75E-06        -564.871E+03  
              772.5E-06         -566.673E+03  
              773.25E-06        -564.749E+03  
              774.E-06          -564.074E+03  
              774.75E-06        -560.802E+03  
              775.5E-06         -559.395E+03  
              776.25E-06        -566.196E+03  
              777.E-06          -597.972E+03  
              777.75E-06        -540.386E+03  
              778.5E-06         -556.708E+03  
              779.25E-06        -524.899E+03  
              780.E-06          -551.783E+03  
              780.75E-06        -497.469E+03  
              781.5E-06         -519.7E+03    
              782.25E-06        -524.417E+03  
              783.E-06          -554.497E+03  
              783.75E-06        -563.277E+03  
              784.5E-06         -548.917E+03  
              785.25E-06        -558.768E+03  
              786.E-06          -542.943E+03  
              786.75E-06        -538.086E+03  
              787.5E-06         -576.471E+03  
              788.25E-06        -581.943E+03  
              789.E-06          -578.565E+03  
              789.75E-06        -567.266E+03  
              790.5E-06         -583.002E+03  
              791.25E-06        -593.161E+03  
              792.E-06          -546.737E+03  
              792.75E-06        -554.419E+03  
              793.5E-06         -528.745E+03  
              794.25E-06        -534.102E+03  
              795.E-06          -539.603E+03  
              795.75E-06        -535.988E+03  
              796.5E-06         -598.955E+03  
              797.25E-06        -561.227E+03  
              798.E-06          -536.632E+03  
              798.75E-06        -523.557E+03  
              799.5E-06         -544.112E+03  
              800.25E-06        -567.568E+03  
              801.E-06          -574.689E+03  
              801.75E-06        -574.414E+03  
              802.5E-06         -527.385E+03  
              803.25E-06        -502.779E+03  
              804.E-06          -540.865E+03  
              804.75E-06        -579.033E+03  
              805.5E-06         -567.281E+03  
              806.25E-06        -554.026E+03  
              807.E-06          -554.542E+03  
              807.75E-06        -562.791E+03  
              808.5E-06         -569.869E+03  
              809.25E-06        -601.841E+03  
              810.E-06          -556.574E+03  
              810.75E-06        -575.315E+03  
              811.5E-06         -568.633E+03  
              812.25E-06        -605.798E+03  
              813.E-06          -587.047E+03  
              813.75E-06        -597.449E+03  
              814.5E-06         -580.684E+03  
              815.25E-06        -609.307E+03  
              816.E-06          -558.133E+03  
              816.75E-06        -506.468E+03  
              817.5E-06         -515.722E+03  
              818.25E-06        -536.208E+03  
              819.E-06          -528.496E+03  
              819.75E-06        -522.183E+03  
              820.5E-06         -541.954E+03  
              821.25E-06        -560.623E+03  
              822.E-06          -559.333E+03  
              822.75E-06        -502.98E+03   
              823.5E-06         -519.274E+03  
              824.25E-06        -530.005E+03  
              825.E-06          -559.226E+03  
              825.75E-06        -540.813E+03  
              826.5E-06         -547.63E+03   
              827.25E-06        -578.14E+03   
              828.E-06          -590.361E+03  
              828.75E-06        -562.799E+03  
              829.5E-06         -544.798E+03  
              830.25E-06        -560.958E+03  
              831.E-06          -544.411E+03  
              831.75E-06        -575.337E+03  
              832.5E-06         -599.573E+03  
              833.25E-06        -592.219E+03  
              834.E-06          -538.203E+03  
              834.75E-06        -545.14E+03   
              835.5E-06         -545.589E+03  
              836.25E-06        -523.484E+03  
              837.E-06          -553.031E+03  
              837.75E-06        -555.718E+03  
              838.5E-06         -520.769E+03  
              839.25E-06        -573.066E+03  
              840.E-06          -599.121E+03  
              840.75E-06        -585.551E+03  
              841.5E-06         -553.303E+03  
              842.25E-06        -530.119E+03  
              843.E-06          -588.796E+03  
              843.75E-06        -553.335E+03  
              844.5E-06         -566.851E+03  
              845.25E-06        -584.197E+03  
              846.E-06          -586.281E+03  
              846.75E-06        -534.73E+03   
              847.5E-06         -537.203E+03  
              848.25E-06        -575.146E+03  
              849.E-06          -541.787E+03  
              849.75E-06        -520.874E+03  
              850.5E-06         -580.893E+03  
              851.25E-06        -582.28E+03   
              852.E-06          -592.394E+03  
              852.75E-06        -516.724E+03  
              853.5E-06         -534.845E+03  
              854.25E-06        -582.036E+03  
              855.E-06          -575.557E+03  
              855.75E-06        -609.627E+03  
              856.5E-06         -570.002E+03  
              857.25E-06        -582.027E+03  
              858.E-06          -620.883E+03  
              858.75E-06        -639.233E+03  
              859.5E-06         -577.763E+03  
              860.25E-06        -618.539E+03  
              861.E-06          -582.869E+03  
              861.75E-06        -584.554E+03  
              862.5E-06         -594.465E+03  
              863.25E-06        -588.102E+03  
              864.E-06          -600.096E+03  
              864.75E-06        -603.602E+03  
              865.5E-06         -576.744E+03  
              866.25E-06        -592.046E+03  
              867.E-06          -578.942E+03  
              867.75E-06        -600.783E+03  
              868.5E-06         -512.056E+03  
              869.25E-06        -514.763E+03  
              870.E-06          -498.099E+03  
              870.75E-06        -500.503E+03  
              871.5E-06         -501.348E+03  
              872.25E-06        -510.523E+03  
              873.E-06          -512.287E+03  
              873.75E-06        -495.506E+03  
              874.5E-06         -506.827E+03  
              875.25E-06        -456.392E+03  
              876.E-06          -462.555E+03  
              876.75E-06        -458.396E+03  
              877.5E-06         -479.917E+03  
              878.25E-06        -457.296E+03  
              879.E-06          -486.564E+03  
              879.75E-06        -492.338E+03  
              880.5E-06         -476.523E+03  
              881.25E-06        -532.81E+03   
              882.E-06          -514.583E+03  
              882.75E-06        -525.744E+03  
              883.5E-06         -549.313E+03  
              884.25E-06        -501.769E+03  
              885.E-06          -540.308E+03  
              885.75E-06        -566.464E+03  
              886.5E-06         -561.256E+03  
              887.25E-06        -567.401E+03  
              888.E-06          -527.63E+03   
              888.75E-06        -543.034E+03  
              889.5E-06         -573.814E+03  
              890.25E-06        -508.51E+03   
              891.E-06          -527.275E+03  
              891.75E-06        -524.213E+03  
              892.5E-06         -467.759E+03  
              893.25E-06        -462.262E+03  
              894.E-06          -488.822E+03  
              894.75E-06        -513.056E+03  
              895.5E-06         -511.294E+03  
              896.25E-06        -505.199E+03  
              897.E-06          -537.507E+03  
              897.75E-06        -557.126E+03  
              898.5E-06         -548.058E+03  
              899.25E-06        -518.725E+03  
              900.E-06          -532.19E+03   
              900.75E-06        -575.972E+03  
              901.5E-06         -572.525E+03  
              902.25E-06        -518.531E+03  
              903.E-06          -540.572E+03  
              903.75E-06        -498.883E+03  
              904.5E-06         -541.076E+03  
              905.25E-06        -526.034E+03  
              906.E-06          -552.588E+03  
              906.75E-06        -509.316E+03  
              907.5E-06         -514.116E+03  
              908.25E-06        -565.809E+03  
              909.E-06          -564.758E+03  
              909.75E-06        -543.765E+03  
              910.5E-06         -538.002E+03  
              911.25E-06        -529.636E+03  
              912.E-06          -545.196E+03  
              912.75E-06        -540.174E+03  
              913.5E-06         -552.223E+03  
              914.25E-06        -567.231E+03  
              915.E-06          -468.707E+03  
              915.75E-06        -525.18E+03   
              916.5E-06         -463.849E+03  
              917.25E-06        -510.483E+03  
              918.E-06          -555.269E+03  
              918.75E-06        -519.149E+03  
              919.5E-06         -439.219E+03  
              920.25E-06        -495.999E+03  
              921.E-06          -514.267E+03  
              921.75E-06        -537.162E+03  
              922.5E-06         -519.635E+03  
              923.25E-06        -411.693E+03  
              924.E-06          -487.392E+03  
              924.75E-06        -518.668E+03  
              925.5E-06         -519.416E+03  
              926.25E-06        -559.532E+03  
              927.E-06          -487.444E+03  
              927.75E-06        -520.629E+03  
              928.5E-06         -522.362E+03  
              929.25E-06        -539.245E+03  
              930.E-06          -536.182E+03  
              930.75E-06        -521.936E+03  
              931.5E-06         -491.345E+03  
              932.25E-06        -510.456E+03  
              933.E-06          -544.18E+03   
              933.75E-06        -562.763E+03  
              934.5E-06         -540.361E+03  
              935.25E-06        -578.818E+03  
              936.E-06          -472.36E+03   
              936.75E-06        -530.126E+03  
              937.5E-06         -540.985E+03  
              938.25E-06        -517.618E+03  
              939.E-06          -508.957E+03  
              939.75E-06        -495.661E+03  
              940.5E-06         -525.341E+03  
              941.25E-06        -561.558E+03  
              942.E-06          -520.547E+03  
              942.75E-06        -516.587E+03  
              943.5E-06         -501.323E+03  
              944.25E-06        -560.1E+03    
              945.E-06          -541.889E+03  
              945.75E-06        -517.101E+03  
              946.5E-06         -507.826E+03  
              947.25E-06        -531.545E+03  
              948.E-06          -516.696E+03  
              948.75E-06        -509.335E+03  
              949.5E-06         -492.749E+03  
              950.25E-06        -530.429E+03  
              951.E-06          -499.125E+03  
              951.75E-06        -499.735E+03  
              952.5E-06         -465.841E+03  
              953.25E-06        -501.571E+03  
              954.E-06          -506.11E+03   
              954.75E-06        -489.15E+03   
              955.5E-06         -542.859E+03  
              956.25E-06        -555.983E+03  
              957.E-06          -482.974E+03  
              957.75E-06        -456.316E+03  
              958.5E-06         -509.304E+03  
              959.25E-06        -501.244E+03  
              960.E-06          -538.411E+03  
              960.75E-06        -526.884E+03  
              961.5E-06         -571.277E+03  
              962.25E-06        -557.833E+03  
              963.E-06          -524.049E+03  
              963.75E-06        -546.904E+03  
              964.5E-06         -556.063E+03  
              965.25E-06        -556.042E+03  
              966.E-06          -543.831E+03  
              966.75E-06        -571.988E+03  
              967.5E-06         -542.804E+03  
              968.25E-06        -570.904E+03  
              969.E-06          -537.511E+03  
              969.75E-06        -554.608E+03  
              970.5E-06         -563.023E+03  
              971.25E-06        -472.361E+03  
              972.E-06          -488.246E+03  
              972.75E-06        -480.578E+03  
              973.5E-06         -502.538E+03  
              974.25E-06        -514.811E+03  
              975.E-06          -453.697E+03  
              975.75E-06        -526.196E+03  
              976.5E-06         -435.775E+03  




