                0.                 0.         
                3.00001E-06        0.         
                6.E-06             0.         
                9.00035E-06        0.         
               12.0002E-06         0.         
               15.0001E-06         0.         
               18.0002E-06         0.         
               21.0001E-06         0.         
               24.0001E-06         0.         
               27.E-06           -18.3501E+03 
               30.0001E-06       -33.1943E+03 
               33.0002E-06       -49.4208E+03 
               36.0001E-06       -59.5626E+03 
               39.0002E-06       -74.2318E+03 
               42.0001E-06       -83.5741E+03 
               45.E-06           -91.4446E+03 
               48.0003E-06      -100.944E+03  
               51.0001E-06      -111.301E+03  
               54.0002E-06      -119.269E+03  
               57.0002E-06      -126.459E+03  
               60.E-06          -137.296E+03  
               63.0001E-06      -146.005E+03  
               66.E-06          -143.537E+03  
               69.0002E-06      -151.093E+03  
               72.E-06          -162.421E+03  
               75.0001E-06      -173.99E+03   
               78.0001E-06      -183.979E+03  
               81.0001E-06      -195.205E+03  
               84.0001E-06      -194.788E+03  
               87.0001E-06      -203.377E+03  
               90.0001E-06      -211.696E+03  
               93.E-06          -223.976E+03  
               96.E-06          -235.662E+03  
               99.E-06          -241.894E+03  
              102.E-06          -250.187E+03  
              105.E-06          -257.589E+03  
              108.E-06          -266.425E+03  
              111.E-06          -267.699E+03  
              114.E-06          -275.961E+03  
              117.E-06          -282.608E+03  
              120.E-06          -289.018E+03  
              123.E-06          -295.282E+03  
              126.E-06          -300.471E+03  
              129.E-06          -310.086E+03  
              132.E-06          -316.025E+03  
              135.E-06          -323.117E+03  
              138.E-06          -330.192E+03  
              141.E-06          -334.969E+03  
              144.E-06          -337.037E+03  
              147.E-06          -333.118E+03  
              150.E-06          -340.271E+03  
              153.E-06          -325.45E+03   
              156.E-06          -339.09E+03   
              159.E-06          -303.09E+03   
              162.E-06          -322.818E+03  
              165.E-06          -337.448E+03  
              168.E-06          -343.741E+03  
              171.E-06          -354.798E+03  
              174.E-06          -364.811E+03  
              177.E-06          -368.322E+03  
              180.E-06          -372.07E+03   
              183.E-06          -381.201E+03  
              186.E-06          -385.953E+03  
              189.E-06          -393.815E+03  
              192.E-06          -397.094E+03  
              195.E-06          -404.867E+03  
              198.E-06          -302.325E+03  
              201.E-06          -346.572E+03  
              204.E-06          -356.075E+03  
              207.E-06          -358.672E+03  
              210.E-06          -356.221E+03  
              213.E-06          -369.741E+03  
              216.E-06          -379.084E+03  
              219.E-06          -351.71E+03   
              222.E-06          -371.631E+03  
              225.E-06          -366.82E+03   
              228.E-06          -372.66E+03   
              231.E-06          -381.846E+03  
              234.E-06          -389.526E+03  
              237.E-06          -395.099E+03  
              240.E-06          -402.493E+03  
              243.E-06          -406.463E+03  
              246.E-06          -411.831E+03  
              249.E-06          -416.731E+03  
              252.E-06          -420.476E+03  
              255.E-06          -417.554E+03  
              258.E-06          -430.155E+03  
              261.E-06          -435.043E+03  
              264.E-06          -440.359E+03  
              267.E-06          -447.227E+03  
              270.E-06          -428.29E+03   
              273.E-06          -364.485E+03  
              276.E-06          -397.038E+03  
              279.E-06          -407.797E+03  
              282.E-06          -420.428E+03  
              285.E-06          -430.473E+03  
              288.E-06          -438.336E+03  
              291.E-06          -342.253E+03  
              294.E-06          -390.315E+03  
              297.E-06          -396.949E+03  
              300.E-06          -409.05E+03   
              303.E-06          -426.303E+03  
              306.E-06          -432.121E+03  
              309.E-06          -411.146E+03  
              312.E-06          -421.098E+03  
              315.E-06          -433.688E+03  
              318.E-06          -440.199E+03  
              321.E-06          -413.487E+03  
              324.E-06          -436.804E+03  
              327.E-06          -445.084E+03  
              330.E-06          -453.313E+03  
              333.E-06          -460.944E+03  
              336.E-06          -467.831E+03  
              339.E-06          -457.114E+03  
              342.E-06          -456.068E+03  
              345.E-06          -471.76E+03   
              348.E-06          -473.218E+03  
              351.E-06          -479.505E+03  
              354.E-06          -484.846E+03  
              357.E-06          -486.666E+03  
              360.E-06          -495.205E+03  
              363.E-06          -496.585E+03  
              366.E-06          -466.936E+03  
              369.E-06          -415.083E+03  
              372.E-06          -456.108E+03  
              375.E-06          -497.998E+03  
              378.E-06          -506.622E+03  
              381.E-06          -504.239E+03  
              384.E-06          -515.37E+03   
              387.E-06          -510.592E+03  
              390.E-06          -513.888E+03  
              393.E-06          -448.743E+03  
              396.E-06          -454.956E+03  
              399.E-06          -465.646E+03  
              402.E-06          -427.654E+03  
              405.E-06          -460.673E+03  
              408.E-06          -440.36E+03   
              411.E-06          -450.474E+03  
              414.E-06          -451.777E+03  
              417.E-06          -455.111E+03  
              420.E-06          -452.983E+03  
              423.E-06          -465.615E+03  
              426.E-06          -463.924E+03  
              429.E-06          -459.798E+03  
              432.E-06          -461.313E+03  
              435.E-06          -456.234E+03  
              438.E-06          -443.331E+03  
              441.E-06          -459.983E+03  
              444.E-06          -453.793E+03  
              447.E-06          -462.649E+03  
              450.E-06          -455.797E+03  
              453.E-06          -462.651E+03  
              456.E-06          -458.964E+03  
              459.E-06          -454.324E+03  
              462.E-06          -471.336E+03  
              465.E-06          -449.026E+03  
              468.E-06          -411.858E+03  
              471.E-06          -411.648E+03  
              474.E-06          -438.633E+03  
              477.E-06          -444.478E+03  
              480.E-06          -455.729E+03  
              483.E-06          -454.269E+03  
              486.E-06          -452.807E+03  
              489.E-06          -449.776E+03  
              492.E-06          -451.225E+03  
              495.E-06          -452.901E+03  
              498.E-06          -457.708E+03  
              501.E-06          -443.402E+03  
              504.E-06          -443.036E+03  
              507.E-06          -440.366E+03  
              510.E-06          -446.148E+03  
              513.E-06          -442.496E+03  
              516.E-06          -417.65E+03   
              519.E-06          -418.631E+03  
              522.E-06          -456.505E+03  
              525.E-06          -437.992E+03  
              528.E-06          -451.368E+03  
              531.E-06          -456.817E+03  
              534.E-06          -457.767E+03  
              537.E-06          -470.496E+03  
              540.E-06          -496.262E+03  
              543.E-06          -488.454E+03  
              546.E-06          -502.967E+03  
              549.E-06          -517.227E+03  
              552.E-06          -505.208E+03  
              555.E-06          -503.311E+03  
              558.E-06          -465.315E+03  
              561.E-06          -473.534E+03  
              564.E-06          -504.552E+03  
              567.E-06          -507.486E+03  
              570.E-06          -462.104E+03  
              573.E-06          -483.317E+03  
              576.E-06          -484.977E+03  
              579.E-06          -478.941E+03  
              582.E-06          -503.684E+03  
              585.E-06          -508.338E+03  
              588.E-06          -513.5E+03    
              591.E-06          -523.701E+03  
              594.E-06          -485.555E+03  
              597.E-06          -521.192E+03  
              600.E-06          -534.873E+03  
              603.E-06          -529.257E+03  
              606.E-06          -510.423E+03  
              609.E-06          -527.382E+03  
              612.E-06          -550.273E+03  
              615.E-06          -396.865E+03  
              618.E-06          -459.155E+03  
              621.E-06          -484.013E+03  
              624.E-06          -512.311E+03  
              627.E-06          -514.218E+03  
              630.E-06          -535.5E+03    
              633.E-06          -534.355E+03  
              636.E-06          -546.263E+03  
              639.E-06          -515.542E+03  
              642.E-06          -522.027E+03  
              645.E-06          -519.472E+03  
              648.E-06          -472.043E+03  
              651.E-06          -487.807E+03  
              654.E-06          -519.475E+03  
              657.E-06          -471.801E+03  
              660.E-06          -500.009E+03  
              663.E-06          -483.072E+03  
              666.E-06          -524.551E+03  
              669.E-06          -527.931E+03  
              672.E-06          -544.212E+03  
              675.E-06          -544.932E+03  
              678.E-06          -547.501E+03  
              681.E-06          -541.983E+03  
              684.E-06          -539.044E+03  
              687.E-06          -551.327E+03  
              690.E-06          -512.264E+03  
              693.E-06          -506.829E+03  
              696.E-06          -491.784E+03  
              699.E-06          -485.509E+03  
              702.E-06          -484.64E+03   
              705.E-06          -509.095E+03  
              708.E-06          -526.596E+03  
              711.E-06          -512.482E+03  
              714.E-06          -502.784E+03  
              717.E-06          -490.463E+03  
              720.E-06          -500.428E+03  
              723.E-06          -534.098E+03  
              726.E-06          -533.24E+03   
              729.E-06          -544.071E+03  
              732.E-06          -550.901E+03  
              735.E-06          -553.553E+03  
              738.E-06          -546.331E+03  
              741.E-06          -518.922E+03  
              744.E-06          -518.475E+03  
              747.E-06          -537.496E+03  
              750.E-06          -519.495E+03  
              753.E-06          -527.851E+03  
              756.E-06          -545.207E+03  
              759.E-06          -552.371E+03  
              762.E-06          -513.852E+03  
              765.E-06          -537.522E+03  
              768.E-06          -537.932E+03  
              771.E-06          -492.838E+03  
              774.E-06          -506.917E+03  
              777.E-06          -513.39E+03   
              780.E-06          -495.93E+03   
              783.E-06          -506.743E+03  
              786.E-06          -549.482E+03  
              789.E-06          -554.436E+03  
              792.E-06          -542.7E+03    
              795.E-06          -553.491E+03  
              798.E-06          -571.283E+03  
              801.E-06          -570.093E+03  
              804.E-06          -576.18E+03   
              807.E-06          -513.674E+03  
              810.E-06          -508.329E+03  
              813.E-06          -441.866E+03  
              816.E-06          -494.516E+03  
              819.E-06          -522.662E+03  
              822.E-06          -531.369E+03  
              825.E-06          -548.08E+03   
              828.E-06          -546.594E+03  
              831.E-06          -540.195E+03  
              834.E-06          -567.114E+03  
              837.E-06          -575.439E+03  
              840.E-06          -577.178E+03  
              843.E-06          -584.298E+03  
              846.E-06          -594.261E+03  
              849.E-06          -482.429E+03  
              852.E-06          -508.247E+03  
              855.E-06          -490.201E+03  
              858.E-06          -514.31E+03   
              861.E-06          -531.444E+03  
              864.E-06          -528.07E+03   
              867.E-06          -552.247E+03  
              870.E-06          -549.768E+03  
              873.E-06          -538.162E+03  
              876.E-06          -534.849E+03  
              879.E-06          -559.742E+03  
              882.E-06          -543.473E+03  
              885.E-06          -529.329E+03  
              888.E-06          -573.983E+03  
              891.E-06          -550.076E+03  
              894.E-06          -556.131E+03  
              897.E-06          -541.367E+03  
              900.E-06          -566.009E+03  
              903.E-06          -569.337E+03  
              906.E-06          -547.685E+03  
              909.E-06          -546.142E+03  
              912.E-06          -571.598E+03  
              915.E-06          -559.682E+03  
              918.E-06          -568.171E+03  
              921.E-06          -571.767E+03  
              924.E-06          -551.738E+03  
              927.E-06          -560.492E+03  
              930.E-06          -563.253E+03  
              933.E-06          -575.597E+03  
              936.E-06          -577.689E+03  
              939.E-06          -573.982E+03  
              942.E-06          -583.119E+03  
              945.E-06          -583.218E+03  
              948.E-06          -541.392E+03  
              951.E-06          -580.518E+03  
              954.E-06          -548.059E+03  
              957.E-06          -565.477E+03  
              960.E-06          -553.701E+03  
              963.E-06          -525.72E+03   
              966.E-06          -484.207E+03  
              969.E-06          -478.132E+03  
              972.E-06          -501.539E+03  
              975.E-06          -497.424E+03  
              978.E-06          -567.747E+03  
              981.E-06          -505.907E+03  
              984.E-06          -485.642E+03  
              987.E-06          -516.551E+03  
              990.E-06          -535.603E+03  
              993.E-06          -534.063E+03  
              996.E-06          -537.125E+03  
              999.E-06          -540.871E+03  
                1.002E-03       -513.89E+03   
                1.005E-03       -525.713E+03  
                1.008E-03       -539.184E+03  
                1.011E-03       -537.386E+03  
                1.014E-03       -563.651E+03  
                1.017E-03       -561.982E+03  
                1.02E-03        -573.202E+03  
                1.023E-03       -577.091E+03  
                1.026E-03       -584.103E+03  
                1.029E-03       -578.586E+03  
                1.032E-03       -575.154E+03  
                1.035E-03       -581.753E+03  
                1.038E-03       -584.244E+03  
                1.041E-03       -582.416E+03  
                1.044E-03       -586.439E+03  
                1.047E-03       -560.367E+03  
                1.05E-03        -557.047E+03  
                1.053E-03       -555.106E+03  
                1.056E-03       -569.115E+03  
                1.059E-03       -585.804E+03  
                1.062E-03       -594.054E+03  
                1.065E-03       -597.358E+03  
                1.068E-03       -605.702E+03  
                1.071E-03       -606.952E+03  
                1.074E-03       -602.039E+03  
                1.077E-03       -608.724E+03  
                1.08E-03        -555.932E+03  
                1.083E-03       -580.305E+03  
                1.086E-03       -595.238E+03  
                1.089E-03       -609.05E+03   
                1.092E-03       -610.864E+03  
                1.095E-03       -594.465E+03  
                1.098E-03       -584.039E+03  
                1.101E-03       -586.551E+03  
                1.104E-03       -554.917E+03  
                1.107E-03       -585.097E+03  
                1.11E-03        -610.53E+03   
                1.113E-03       -613.95E+03   
                1.116E-03       -608.15E+03   
                1.119E-03       -570.271E+03  
                1.122E-03       -556.289E+03  
                1.125E-03       -544.691E+03  
                1.128E-03       -570.578E+03  
                1.131E-03       -569.635E+03  
                1.134E-03       -558.674E+03  
                1.137E-03       -566.814E+03  
                1.14E-03        -572.603E+03  
                1.143E-03       -581.669E+03  
                1.146E-03       -562.066E+03  
                1.149E-03       -574.452E+03  
                1.152E-03       -559.884E+03  
                1.155E-03       -570.906E+03  
                1.158E-03       -574.162E+03  
                1.161E-03       -573.37E+03   
                1.164E-03       -568.381E+03  
                1.167E-03       -546.143E+03  
                1.17E-03        -560.966E+03  
                1.173E-03       -566.116E+03  
                1.176E-03       -515.829E+03  
                1.179E-03       -541.951E+03  
                1.182E-03       -539.57E+03   
                1.185E-03       -561.451E+03  
                1.188E-03       -546.702E+03  
                1.191E-03       -555.196E+03  
                1.194E-03       -533.956E+03  
                1.197E-03       -519.262E+03  
                1.2E-03         -514.322E+03  
                1.203E-03       -512.048E+03  
                1.206E-03       -501.355E+03  
                1.209E-03       -507.746E+03  
                1.212E-03       -523.274E+03  
                1.215E-03       -554.793E+03  
                1.218E-03       -567.852E+03  
                1.221E-03       -567.103E+03  
                1.224E-03       -579.028E+03  
                1.227E-03       -578.446E+03  
                1.23E-03        -587.21E+03   
                1.233E-03       -588.629E+03  
                1.236E-03       -580.083E+03  
                1.239E-03       -586.566E+03  
                1.242E-03       -580.194E+03  
                1.245E-03       -585.267E+03  
                1.248E-03       -581.543E+03  
                1.251E-03       -597.467E+03  
                1.254E-03       -591.167E+03  
                1.257E-03       -595.517E+03  
                1.26E-03        -606.645E+03  
                1.263E-03       -598.381E+03  
                1.266E-03       -602.444E+03  
                1.269E-03       -605.739E+03  
                1.272E-03       -609.025E+03  
                1.275E-03       -609.815E+03  
                1.278E-03       -496.518E+03  
                1.281E-03       -506.624E+03  
                1.284E-03       -497.699E+03  
                1.287E-03       -491.127E+03  
                1.29E-03        -505.005E+03  
                1.293E-03       -509.92E+03   
                1.296E-03       -516.17E+03   
                1.299E-03       -507.6E+03    
                1.302E-03       -505.193E+03  
                1.305E-03       -516.308E+03  
                1.308E-03       -521.786E+03  
                1.311E-03       -529.949E+03  
                1.314E-03       -525.823E+03  
                1.317E-03       -531.337E+03  
                1.32E-03        -543.029E+03  
                1.323E-03       -543.139E+03  
                1.326E-03       -554.773E+03  
                1.329E-03       -571.255E+03  
                1.332E-03       -570.997E+03  
                1.335E-03       -568.512E+03  
                1.338E-03       -565.677E+03  
                1.341E-03       -571.377E+03  
                1.344E-03       -577.708E+03  
                1.347E-03       -575.573E+03  
                1.35E-03        -585.065E+03  
                1.353E-03       -588.896E+03  
                1.356E-03       -594.184E+03  
                1.359E-03       -598.632E+03  
                1.362E-03       -598.029E+03  
                1.365E-03       -568.395E+03  
                1.368E-03       -562.561E+03  
                1.371E-03       -563.142E+03  
                1.374E-03       -566.335E+03  
                1.377E-03       -553.261E+03  
                1.38E-03        -553.717E+03  
                1.383E-03       -564.171E+03  
                1.386E-03       -558.677E+03  
                1.389E-03       -580.901E+03  
                1.392E-03       -538.139E+03  
                1.395E-03       -545.677E+03  
                1.398E-03       -557.223E+03  
                1.401E-03       -571.606E+03  
                1.404E-03       -572.689E+03  
                1.407E-03       -578.15E+03   
                1.41E-03        -575.686E+03  
                1.413E-03       -577.032E+03  
                1.416E-03       -577.708E+03  
                1.419E-03       -593.274E+03  
                1.422E-03       -586.413E+03  
                1.425E-03       -600.432E+03  
                1.428E-03       -601.48E+03   
                1.431E-03       -599.806E+03  
                1.434E-03       -601.487E+03  
                1.437E-03       -604.058E+03  
                1.44E-03        -597.575E+03  
                1.443E-03       -602.976E+03  
                1.446E-03       -611.189E+03  
                1.449E-03       -604.095E+03  
                1.452E-03       -618.468E+03  
                1.455E-03       -611.971E+03  
                1.458E-03       -616.384E+03  
                1.461E-03       -611.112E+03  
                1.464E-03       -626.937E+03  
                1.467E-03       -613.812E+03  
                1.47E-03        -620.981E+03  
                1.473E-03       -533.259E+03  
                1.476E-03       -540.805E+03  
                1.479E-03       -547.577E+03  
                1.482E-03       -545.081E+03  
                1.485E-03       -550.187E+03  
                1.488E-03       -567.181E+03  
                1.491E-03       -563.662E+03  
                1.494E-03       -555.084E+03  
                1.497E-03       -558.677E+03  
                1.5E-03         -548.9E+03    
                1.503E-03       -557.45E+03   
                1.506E-03       -568.115E+03  
                1.509E-03       -565.824E+03  
                1.512E-03       -555.887E+03  
                1.515E-03       -561.91E+03   
                1.518E-03       -568.564E+03  
                1.521E-03       -564.136E+03  
                1.524E-03       -585.724E+03  
                1.527E-03       -585.944E+03  
                1.53E-03        -595.88E+03   
                1.533E-03       -591.019E+03  
                1.536E-03       -591.042E+03  
                1.539E-03       -583.435E+03  
                1.542E-03       -580.383E+03  
                1.545E-03       -592.619E+03  
                1.548E-03       -593.973E+03  
                1.551E-03       -597.008E+03  
                1.554E-03       -599.175E+03  
                1.557E-03       -598.048E+03  
                1.56E-03        -602.566E+03  
                1.563E-03       -593.751E+03  
                1.566E-03       -586.564E+03  
                1.569E-03       -590.922E+03  
                1.572E-03       -597.572E+03  
                1.575E-03       -599.07E+03   
                1.578E-03       -582.792E+03  
                1.581E-03       -591.427E+03       




