                0.                 0.         
                1.50017E-06        0.         
                3.00001E-06        0.         
                4.50014E-06        0.         
                6.E-06             0.         
                7.50025E-06        0.         
                9.00035E-06        0.         
               10.5003E-06         0.         
               12.0002E-06         0.         
               13.5002E-06        -9.51143E+03
               15.0003E-06       -19.92E+03   
               16.5E-06          -29.3399E+03 
               18.0002E-06       -36.3368E+03 
               19.5002E-06       -45.4234E+03 
               21.E-06           -50.0397E+03 
               22.5E-06          -54.2326E+03 
               24.0002E-06       -58.9958E+03 
               25.5002E-06       -63.7917E+03 
               27.E-06           -67.6012E+03 
               28.5002E-06       -71.1546E+03 
               30.0002E-06       -76.4818E+03 
               31.5E-06          -74.7166E+03 
               33.E-06           -75.1813E+03 
               34.5002E-06       -74.0545E+03 
               36.0001E-06       -78.5739E+03 
               37.5001E-06       -81.3992E+03 
               39.0001E-06       -84.1269E+03 
               40.5001E-06       -82.6094E+03 
               42.0001E-06       -81.6075E+03 
               43.5001E-06       -80.977E+03  
               45.0001E-06       -81.7446E+03 
               46.5E-06          -83.991E+03  
               48.E-06           -86.3146E+03 
               49.5001E-06       -88.2674E+03 
               51.0001E-06       -89.136E+03  
               52.5001E-06       -89.2631E+03 
               54.0001E-06       -88.5132E+03 
               55.5001E-06       -87.3508E+03 
               57.E-06           -88.8126E+03 
               58.5001E-06       -91.5118E+03 
               60.0001E-06       -94.3129E+03 
               61.5001E-06       -96.5029E+03 
               63.0001E-06       -99.12E+03   
               64.5001E-06      -102.861E+03  
               66.0001E-06      -102.558E+03  
               67.5001E-06      -101.705E+03  
               69.0001E-06      -101.303E+03  
               70.5E-06         -103.349E+03  
               72.E-06          -109.136E+03  
               73.5E-06         -111.854E+03  
               75.0001E-06      -112.466E+03  
               76.5E-06         -115.26E+03   
               78.0001E-06      -116.817E+03  
               79.5E-06         -102.987E+03  
               81.E-06          -117.901E+03  
               82.5E-06         -127.433E+03  
               84.0001E-06      -127.495E+03  
               85.5E-06         -126.932E+03  
               87.0001E-06      -128.027E+03  
               88.5E-06         -101.684E+03  
               90.0001E-06       -92.6892E+03 
               91.5E-06         -105.242E+03  
               93.0001E-06      -114.712E+03  
               94.5E-06         -105.097E+03  
               96.E-06          -110.104E+03  
               97.5E-06         -114.819E+03  
               99.0001E-06      -125.245E+03  
              100.5E-06         -126.657E+03  
              102.E-06          -128.607E+03  
              103.5E-06         -123.428E+03  
              105.E-06          -127.639E+03  
              106.5E-06         -131.92E+03   
              108.E-06          -135.905E+03  
              109.5E-06         -124.204E+03  
              111.E-06          -126.277E+03  
              112.5E-06         -126.341E+03  
              114.E-06          -130.868E+03  
              115.5E-06         -133.204E+03  
              117.E-06          -134.497E+03  
              118.5E-06         -134.919E+03  
              120.E-06          -136.029E+03  
              121.5E-06         -137.348E+03  
              123.E-06          -121.851E+03  
              124.5E-06         -103.077E+03  
              126.E-06          -115.48E+03   
              127.5E-06         -121.103E+03  
              129.E-06          -137.74E+03   
              130.5E-06         -140.112E+03  
              132.E-06          -144.695E+03  
              133.5E-06         -144.029E+03  
              135.E-06          -143.104E+03  
              136.5E-06         -148.325E+03  
              138.E-06          -147.016E+03  
              139.5E-06         -149.769E+03  
              141.E-06          -160.676E+03  
              142.5E-06         -166.904E+03  
              144.E-06          -171.222E+03  
              145.5E-06         -170.855E+03  
              147.E-06          -169.922E+03  
              148.5E-06         -170.063E+03  
              150.E-06          -173.088E+03  
              151.5E-06         -176.523E+03  
              153.E-06          -181.396E+03  
              154.5E-06         -186.218E+03  
              156.E-06          -189.233E+03  
              157.5E-06         -192.281E+03  
              159.E-06          -166.501E+03  
              160.5E-06         -177.07E+03   
              162.E-06          -186.908E+03  
              163.5E-06         -168.822E+03  
              165.E-06          -169.878E+03  
              166.5E-06         -171.668E+03  
              168.E-06          -184.104E+03  
              169.5E-06         -186.338E+03  
              171.E-06          -193.553E+03  
              172.5E-06         -194.863E+03  
              174.E-06          -198.277E+03  
              175.5E-06         -201.803E+03  
              177.E-06          -204.723E+03  
              178.5E-06         -205.765E+03  
              180.E-06          -208.893E+03  
              181.5E-06         -210.369E+03  
              183.E-06          -213.43E+03   
              184.5E-06         -216.362E+03  
              186.E-06          -152.871E+03  
              187.5E-06         -161.546E+03  
              189.E-06          -121.704E+03  
              190.5E-06         -137.914E+03  
              192.E-06          -151.887E+03  
              193.5E-06         -159.227E+03  
              195.E-06          -156.124E+03  
              196.5E-06         -103.309E+03  
              198.E-06          -110.382E+03  
              199.5E-06         -111.041E+03  
              201.E-06          -121.87E+03   
              202.5E-06         -129.086E+03  
              204.E-06          -134.577E+03  
              205.5E-06         -135.941E+03  
              207.E-06          -137.365E+03  
              208.5E-06         -118.397E+03  
              210.E-06          -132.373E+03  
              211.5E-06         -149.434E+03  
              213.E-06          -131.216E+03  
              214.5E-06         -136.992E+03  
              216.E-06          -145.271E+03  
              217.5E-06         -147.414E+03  
              219.E-06          -150.352E+03  
              220.5E-06         -147.439E+03  
              222.E-06          -146.662E+03  
              223.5E-06         -152.098E+03  
              225.E-06          -153.329E+03  
              226.5E-06         -155.38E+03   
              228.E-06          -157.644E+03  
              229.5E-06         -159.184E+03  
              231.E-06          -160.409E+03  
              232.5E-06         -162.093E+03  
              234.E-06          -154.562E+03  
              235.5E-06         -164.584E+03  
              237.E-06          -166.241E+03  
              238.5E-06         -166.498E+03  
              240.E-06          -169.694E+03  
              241.5E-06         -160.378E+03  
              243.E-06          -163.082E+03  
              244.5E-06         -164.176E+03  
              246.E-06          -155.904E+03  
              247.5E-06         -164.011E+03  
              249.E-06          -175.915E+03  
              250.5E-06         -128.454E+03  
              252.E-06          -139.473E+03  
              253.5E-06         -141.066E+03  
              255.E-06          -140.886E+03  
              256.5E-06         -116.395E+03  
              258.E-06          -116.544E+03  
              259.5E-06         -113.78E+03   
              261.E-06          -123.42E+03   
              262.5E-06         -131.749E+03  
              264.E-06          -135.106E+03  
              265.5E-06         -136.688E+03  
              267.E-06          -141.912E+03  
              268.5E-06         -145.22E+03   
              270.E-06          -157.576E+03  
              271.5E-06         -170.835E+03  
              273.E-06          -189.112E+03  
              274.5E-06         -200.423E+03  
              276.E-06          -204.438E+03  
              277.5E-06         -207.299E+03  
              279.E-06          -206.482E+03  
              280.5E-06         -208.185E+03  
              282.E-06          -208.862E+03  
              283.5E-06         -208.03E+03   
              285.E-06          -153.955E+03  
              286.5E-06         -156.251E+03  
              288.E-06          -157.851E+03  
              289.5E-06         -151.752E+03  
              291.E-06          -160.474E+03  
              292.5E-06         -163.959E+03  
              294.E-06          -168.509E+03  
              295.5E-06         -173.19E+03   
              297.E-06          -176.472E+03  
              298.5E-06         -171.686E+03  
              300.E-06          -175.133E+03  
              301.5E-06         -179.136E+03  
              303.E-06          -182.311E+03  
              304.5E-06         -186.989E+03  
              306.E-06          -161.54E+03   
              307.5E-06         -155.019E+03  
              309.E-06          -165.169E+03  
              310.5E-06         -183.417E+03  
              312.E-06          -201.672E+03  
              313.5E-06         -201.538E+03  
              315.E-06          -201.486E+03  
              316.5E-06         -203.411E+03  
              318.E-06          -205.262E+03  
              319.5E-06         -206.639E+03  
              321.E-06          -207.134E+03  
              322.5E-06         -207.434E+03  
              324.E-06          -208.047E+03  
              325.5E-06         -206.755E+03  
              327.E-06          -205.875E+03  
              328.5E-06         -161.804E+03  
              330.E-06          -159.99E+03   
              331.5E-06         -172.354E+03  
              333.E-06          -169.988E+03  
              334.5E-06         -177.982E+03  
              336.E-06          -176.331E+03  
              337.5E-06         -179.27E+03   
              339.E-06          -178.355E+03  
              340.5E-06         -175.183E+03  
              342.E-06          -175.059E+03  
              343.5E-06         -177.579E+03  
              345.E-06          -175.17E+03   
              346.5E-06         -177.213E+03  
              348.E-06          -178.876E+03  
              349.5E-06         -167.905E+03  
              351.E-06          -173.761E+03  
              352.5E-06         -185.497E+03  
              354.E-06          -191.889E+03  
              355.5E-06         -194.514E+03  
              357.E-06          -196.64E+03   
              358.5E-06         -198.948E+03  
              360.E-06          -201.767E+03  
              361.5E-06         -202.004E+03  
              363.E-06          -203.783E+03  
              364.5E-06         -200.256E+03  
              366.E-06          -203.591E+03  
              367.5E-06         -212.672E+03  
              369.E-06          -214.302E+03  
              370.5E-06         -215.415E+03  
              372.E-06          -216.799E+03  
              373.5E-06         -209.665E+03  
              375.E-06          -213.728E+03  
              376.5E-06         -138.532E+03  
              378.E-06          -145.469E+03  
              379.5E-06         -160.936E+03  
              381.E-06          -166.18E+03   
              382.5E-06         -174.847E+03  
              384.E-06          -180.296E+03  
              385.5E-06         -185.115E+03  
              387.E-06          -193.058E+03  
              388.5E-06         -200.739E+03  
              390.E-06          -203.097E+03  
              391.5E-06         -205.484E+03  
              393.E-06          -206.81E+03   
              394.5E-06         -208.596E+03  
              396.E-06          -209.356E+03  
              397.5E-06         -212.085E+03  
              399.E-06          -201.769E+03  
              400.5E-06         -207.708E+03  
              402.E-06          -208.338E+03  
              403.5E-06         -207.816E+03  
              405.E-06          -208.91E+03   
              406.5E-06         -196.619E+03  
              408.E-06          -195.451E+03  
              409.5E-06         -198.497E+03  
              411.E-06          -192.872E+03  
              412.5E-06         -193.765E+03  
              414.E-06          -193.479E+03  
              415.5E-06         -193.465E+03  
              417.E-06          -195.025E+03  
              418.5E-06         -194.842E+03  
              420.E-06          -196.535E+03  
              421.5E-06         -209.03E+03   
              423.E-06          -233.564E+03  
              424.5E-06         -215.523E+03  
              426.E-06          -221.417E+03  
              427.5E-06         -201.543E+03  
              429.E-06          -211.127E+03  
              430.5E-06         -207.258E+03  
              432.E-06          -205.93E+03   
              433.5E-06         -201.666E+03  
              435.E-06          -208.223E+03  
              436.5E-06         -209.217E+03  
              438.E-06          -211.367E+03  
              439.5E-06         -212.613E+03  
              441.E-06          -214.503E+03  
              442.5E-06         -213.339E+03  
              444.E-06          -222.773E+03  
              445.5E-06         -225.137E+03  
              447.E-06          -217.775E+03  
              448.5E-06         -219.982E+03  
              450.E-06          -215.645E+03  
              451.5E-06         -216.41E+03   
              453.E-06          -220.803E+03  
              454.5E-06         -185.486E+03  
              456.E-06          -196.516E+03  
              457.5E-06         -200.011E+03  
              459.E-06          -199.254E+03  
              460.5E-06         -208.583E+03  
              462.E-06          -221.431E+03  
              463.5E-06         -228.86E+03   
              465.E-06          -220.999E+03  
              466.5E-06         -224.436E+03  
              468.E-06          -228.507E+03  
              469.5E-06         -230.002E+03  
              471.E-06          -224.348E+03  
              472.5E-06         -228.442E+03  
              474.E-06          -224.076E+03  
              475.5E-06         -206.815E+03  
              477.E-06          -211.038E+03  
              478.5E-06         -217.358E+03  
              480.E-06          -228.752E+03  
              481.5E-06         -208.23E+03   
              483.E-06          -219.286E+03  
              484.5E-06         -224.137E+03  
              486.E-06          -224.069E+03  
              487.5E-06         -228.777E+03  
              489.E-06          -231.456E+03  
              490.5E-06         -233.478E+03  
              492.E-06          -211.873E+03  
              493.5E-06         -221.544E+03  
              495.E-06          -205.634E+03  
              496.5E-06         -222.97E+03   
              498.E-06          -229.235E+03  
              499.5E-06         -234.18E+03   
              501.E-06          -231.149E+03  
              502.5E-06         -234.763E+03  
              504.E-06          -214.252E+03  
              505.5E-06         -229.072E+03  
              507.E-06          -234.918E+03  
              508.5E-06         -235.966E+03  
              510.E-06          -238.352E+03  
              511.5E-06         -247.786E+03  
              513.E-06          -249.339E+03  
              514.5E-06         -255.48E+03   
              516.E-06          -259.825E+03  
              517.5E-06         -269.104E+03  
              519.E-06          -275.747E+03  
              520.5E-06         -278.196E+03  
              522.E-06          -265.292E+03  
              523.5E-06         -267.36E+03   
              525.E-06          -274.658E+03  
              526.5E-06         -283.934E+03  
              528.E-06          -243.596E+03  
              529.5E-06         -259.129E+03  
              531.E-06          -284.589E+03  
              532.5E-06         -291.291E+03  
              534.E-06          -292.851E+03  
              535.5E-06         -298.412E+03  
              537.E-06          -304.237E+03  
              538.5E-06         -305.611E+03  
              540.E-06          -300.603E+03  
              541.5E-06         -293.468E+03  
              543.E-06          -289.561E+03  
              544.5E-06         -289.252E+03  
              546.E-06          -283.503E+03  
              547.5E-06         -285.303E+03  
              549.E-06          -289.089E+03  
              550.5E-06         -292.811E+03  
              552.E-06          -296.829E+03  
              553.5E-06         -295.309E+03  
              555.E-06          -294.068E+03  
              556.5E-06         -296.904E+03  
              558.E-06          -301.285E+03  
              559.5E-06         -304.787E+03  
              561.E-06          -270.152E+03  
              562.5E-06         -278.523E+03  
              564.E-06          -223.245E+03  
              565.5E-06         -239.413E+03  
              567.E-06          -243.141E+03  
              568.5E-06         -243.429E+03  
              570.E-06          -256.44E+03   
              571.5E-06         -266.737E+03  
              573.E-06          -272.802E+03  
              574.5E-06         -275.779E+03  
              576.E-06          -280.614E+03  
              577.5E-06         -280.775E+03  
              579.E-06          -272.802E+03  
              580.5E-06         -271.771E+03  
              582.E-06          -270.721E+03  
              583.5E-06         -269.884E+03  
              585.E-06          -245.916E+03  
              586.5E-06         -235.205E+03  
              588.E-06          -240.97E+03   
              589.5E-06         -248.031E+03  
              591.E-06          -264.878E+03  
              592.5E-06         -293.766E+03  
              594.E-06          -301.602E+03  
              595.5E-06         -305.337E+03  
              597.E-06          -275.154E+03  
              598.5E-06         -290.424E+03  
              600.E-06          -298.971E+03  
              601.5E-06         -281.682E+03  
              603.E-06          -269.74E+03   
              604.5E-06         -276.909E+03  
              606.E-06          -273.04E+03   
              607.5E-06         -273.489E+03  
              609.E-06          -271.656E+03  
              610.5E-06         -274.783E+03  
              612.E-06          -277.295E+03  
              613.5E-06         -279.908E+03  
              615.E-06          -280.609E+03  
              616.5E-06         -229.079E+03  
              618.E-06          -221.266E+03  
              619.5E-06         -229.983E+03  
              621.E-06          -228.894E+03  
              622.5E-06         -236.929E+03  
              624.E-06          -246.532E+03  
              625.5E-06         -251.126E+03  
              627.E-06          -253.558E+03  
              628.5E-06         -257.56E+03   
              630.E-06          -266.713E+03  
              631.5E-06         -271.681E+03  
              633.E-06          -274.128E+03  
              634.5E-06         -278.434E+03  
              636.E-06          -244.646E+03  
              637.5E-06         -258.21E+03   
              639.E-06          -270.132E+03  
              640.5E-06         -269.718E+03  
              642.E-06          -276.599E+03  
              643.5E-06         -281.955E+03  
              645.E-06          -287.688E+03  
              646.5E-06         -290.627E+03  
              648.E-06          -182.369E+03  
              649.5E-06         -190.135E+03  
              651.E-06          -209.795E+03  
              652.5E-06         -236.032E+03  
              654.E-06          -254.423E+03  
              655.5E-06         -265.006E+03  
              657.E-06          -274.773E+03  
              658.5E-06         -279.156E+03  
              660.E-06          -286.099E+03  
              661.5E-06         -291.162E+03  
              663.E-06          -226.782E+03  
              664.5E-06         -168.129E+03  
              666.E-06          -157.997E+03  
              667.5E-06         -179.261E+03  
              669.E-06          -195.45E+03   
              670.5E-06         -197.525E+03  
              672.E-06          -205.423E+03  
              673.5E-06         -208.687E+03  
              675.E-06          -214.725E+03  
              676.5E-06         -217.731E+03  
              678.E-06          -228.157E+03  
              679.5E-06         -238.752E+03  
              681.E-06          -239.364E+03  
              682.5E-06         -249.833E+03  
              684.E-06          -257.415E+03  
              685.5E-06         -263.357E+03  
              687.E-06          -268.671E+03  
              688.5E-06         -277.832E+03  
              690.E-06          -280.407E+03  
              691.5E-06         -207.958E+03  
              693.E-06          -221.07E+03   
              694.5E-06         -234.202E+03  
              696.E-06          -237.161E+03  
              697.5E-06         -247.703E+03  
              699.E-06          -262.712E+03  
              700.5E-06         -280.197E+03  
              702.E-06          -245.641E+03  
              703.5E-06         -248.511E+03  
              705.E-06          -235.868E+03  
              706.5E-06         -236.006E+03  
              708.E-06          -250.864E+03  
              709.5E-06         -262.491E+03  
              711.E-06          -273.114E+03  
              712.5E-06         -241.709E+03  
              714.E-06          -258.871E+03  
              715.5E-06         -267.015E+03  
              717.E-06          -270.669E+03  
              718.5E-06         -266.925E+03  
              720.E-06          -276.667E+03  
              721.5E-06         -263.705E+03  
              723.E-06          -271.933E+03  
              724.5E-06         -265.282E+03  
              726.E-06          -263.454E+03  
              727.5E-06         -266.797E+03  
              729.E-06          -265.292E+03  
              730.5E-06         -273.621E+03  
              732.E-06          -240.056E+03  
              733.5E-06         -227.766E+03  
              735.E-06          -251.284E+03  
              736.5E-06         -265.31E+03   
              738.E-06          -279.088E+03  
              739.5E-06         -276.286E+03  
              741.E-06          -291.072E+03  
              742.5E-06         -293.598E+03  
              744.E-06          -300.582E+03  
              745.5E-06         -311.106E+03  
              747.E-06          -306.412E+03  
              748.5E-06         -323.661E+03  
              750.E-06          -200.928E+03  
              751.5E-06         -234.675E+03  
              753.E-06          -262.773E+03  
              754.5E-06         -273.211E+03  
              756.E-06          -282.142E+03  
              757.5E-06         -242.733E+03  
              759.E-06          -250.963E+03  
              760.5E-06         -269.015E+03  
              762.E-06          -264.895E+03  
              763.5E-06         -277.199E+03  
              765.E-06          -282.228E+03  
              766.5E-06         -268.028E+03  
              768.E-06          -271.684E+03  
              769.5E-06         -271.588E+03  
              771.E-06          -277.201E+03  
              772.5E-06         -285.475E+03  
              774.E-06          -283.604E+03  
              775.5E-06         -290.689E+03  
              777.E-06          -293.314E+03  
              778.5E-06         -279.7E+03    
              780.E-06          -285.53E+03   
              781.5E-06         -277.827E+03  
              783.E-06          -292.572E+03  
              784.5E-06         -291.44E+03   
              786.E-06          -292.687E+03  
              787.5E-06         -289.928E+03  
              789.E-06          -293.615E+03  
              790.5E-06         -262.526E+03  
              792.E-06          -275.846E+03  
              793.5E-06         -282.425E+03  
              795.E-06          -290.499E+03  
              796.5E-06         -289.881E+03  
              798.E-06          -298.542E+03  
              799.5E-06         -297.615E+03  
              801.E-06          -263.124E+03  
              802.5E-06         -312.128E+03  
              804.E-06          -332.153E+03  
              805.5E-06         -341.151E+03  
              807.E-06          -329.294E+03  
              808.5E-06         -339.162E+03  
              810.E-06          -338.696E+03  
              811.5E-06         -343.263E+03  
              813.E-06          -270.964E+03  
              814.5E-06         -290.885E+03  
              816.E-06          -304.35E+03   
              817.5E-06         -282.165E+03  
              819.E-06          -286.687E+03  
              820.5E-06         -284.877E+03  
              822.E-06          -304.176E+03  
              823.5E-06         -284.489E+03  
              825.E-06          -290.747E+03  
              826.5E-06         -298.461E+03  
              828.E-06          -304.447E+03  
              829.5E-06         -311.83E+03   
              831.E-06          -306.449E+03  
              832.5E-06         -303.008E+03  
              834.E-06          -288.971E+03  
              835.5E-06         -266.477E+03  
              837.E-06          -295.796E+03  
              838.5E-06         -308.916E+03  
              840.E-06          -286.685E+03  
              841.5E-06         -305.043E+03  
              843.E-06          -300.394E+03  
              844.5E-06         -224.623E+03  
              846.E-06          -255.947E+03  
              847.5E-06         -254.809E+03  
              849.E-06          -273.512E+03  
              850.5E-06         -283.317E+03  
              852.E-06          -298.429E+03  
              853.5E-06         -308.845E+03  
              855.E-06          -320.816E+03  
              856.5E-06         -324.196E+03  
              858.E-06          -334.547E+03  
              859.5E-06         -338.627E+03  
              861.E-06          -329.942E+03  
              862.5E-06         -317.409E+03  
              864.E-06          -319.599E+03  
              865.5E-06         -315.161E+03  
              867.E-06          -320.517E+03  
              868.5E-06         -323.381E+03  
              870.E-06          -323.533E+03  
              871.5E-06         -326.957E+03  
              873.E-06          -326.314E+03  
              874.5E-06         -324.237E+03  
              876.E-06          -273.357E+03  
              877.5E-06         -257.369E+03  
              879.E-06          -256.935E+03  
              880.5E-06         -272.788E+03  
              882.E-06          -267.059E+03  
              883.5E-06         -237.855E+03  
              885.E-06          -261.407E+03  
              886.5E-06         -266.584E+03  
              888.E-06          -279.342E+03  
              889.5E-06         -283.802E+03  
              891.E-06          -281.201E+03  
              892.5E-06         -291.648E+03  
              894.E-06          -309.692E+03  
              895.5E-06         -295.013E+03  
              897.E-06          -309.332E+03  
              898.5E-06         -309.287E+03  
              900.E-06          -311.531E+03  
              901.5E-06         -290.812E+03  
              903.E-06          -305.978E+03  
              904.5E-06         -309.27E+03   
              906.E-06          -317.752E+03  
              907.5E-06         -300.024E+03  
              909.E-06          -315.229E+03  
              910.5E-06         -332.921E+03  
              912.E-06          -317.669E+03  
              913.5E-06         -289.445E+03  
              915.E-06          -290.593E+03  
              916.5E-06         -276.376E+03  
              918.E-06          -246.069E+03  
              919.5E-06         -265.305E+03  
              921.E-06          -274.905E+03  
              922.5E-06         -278.232E+03  
              924.E-06          -281.308E+03  
              925.5E-06         -293.101E+03  
              927.E-06          -279.174E+03  
              928.5E-06         -279.819E+03  
              930.E-06          -299.908E+03  
              931.5E-06         -291.455E+03  
              933.E-06          -303.01E+03   
              934.5E-06         -309.909E+03  
              936.E-06          -303.029E+03  
              937.5E-06         -278.064E+03  
              939.E-06          -290.815E+03  
              940.5E-06         -250.139E+03  
              942.E-06          -267.619E+03  
              943.5E-06         -289.094E+03  
              945.E-06          -302.435E+03  
              946.5E-06         -302.587E+03  
              948.E-06          -314.034E+03  
              949.5E-06         -315.462E+03  
              951.E-06          -311.228E+03  
              952.5E-06         -228.249E+03  
              954.E-06          -256.661E+03  
              955.5E-06         -281.247E+03  
              957.E-06          -290.694E+03  
              958.5E-06         -296.376E+03  
              960.E-06          -302.512E+03  
              961.5E-06         -309.249E+03  
              963.E-06          -317.544E+03  
              964.5E-06         -321.846E+03  
              966.E-06          -321.443E+03  
              967.5E-06         -250.795E+03  
              969.E-06          -239.697E+03  
              970.5E-06         -242.407E+03  
              972.E-06          -250.316E+03  
              973.5E-06         -256.778E+03  
              975.E-06          -256.84E+03   
              976.5E-06         -260.378E+03  
              978.E-06          -253.605E+03  
              979.5E-06         -264.101E+03  
              981.E-06          -268.309E+03  
              982.5E-06         -265.625E+03  
              984.E-06          -268.989E+03  
              985.5E-06         -277.119E+03  
              987.E-06          -281.582E+03  
              988.5E-06         -283.135E+03  
              990.E-06          -281.484E+03  
              991.5E-06         -252.121E+03  
              993.E-06          -263.127E+03  
              994.5E-06         -259.407E+03  
              996.E-06          -258.349E+03  
              997.5E-06         -252.252E+03  
              999.E-06          -251.122E+03  
                1.0005E-03      -265.866E+03  
                1.002E-03       -270.613E+03  
                1.0035E-03      -276.862E+03  
                1.005E-03       -278.047E+03  
                1.0065E-03      -285.569E+03  
                1.008E-03       -292.07E+03   
                1.0095E-03      -289.961E+03  
                1.011E-03       -191.686E+03  
                1.0125E-03      -196.22E+03   
                1.014E-03       -189.253E+03  
                1.0155E-03      -196.254E+03  
                1.017E-03       -190.261E+03  
                1.0185E-03      -211.645E+03  
                1.02E-03        -222.292E+03  
                1.0215E-03      -236.806E+03  
                1.023E-03       -250.181E+03  
                1.0245E-03      -217.889E+03  
                1.026E-03       -225.147E+03  
                1.0275E-03      -234.107E+03  
                1.029E-03       -251.606E+03  
                1.0305E-03      -249.852E+03  
                1.032E-03       -256.9E+03    
                1.0335E-03      -264.85E+03   
                1.035E-03       -269.748E+03  
                1.0365E-03      -258.686E+03  
                1.038E-03       -266.883E+03  
                1.0395E-03      -278.666E+03  
                1.041E-03       -281.024E+03  
                1.0425E-03      -288.806E+03  
                1.044E-03       -290.774E+03  
                1.0455E-03      -278.332E+03  
                1.047E-03       -282.257E+03  
                1.0485E-03      -203.457E+03  
                1.05E-03        -229.18E+03   
                1.0515E-03      -236.184E+03  
                1.053E-03       -240.951E+03  
                1.0545E-03      -243.816E+03  
                1.056E-03       -253.933E+03  
                1.0575E-03      -250.513E+03  
                1.059E-03       -252.462E+03  
                1.0605E-03      -259.07E+03   
                1.062E-03       -263.238E+03  
                1.0635E-03      -261.208E+03  
                1.065E-03       -271.114E+03  
                1.0665E-03      -279.585E+03  
                1.068E-03       -284.311E+03  
                1.0695E-03      -288.884E+03  
                1.071E-03       -297.845E+03  
                1.0725E-03      -307.376E+03  
                1.074E-03       -313.659E+03  
                1.0755E-03      -315.793E+03  
                1.077E-03       -314.305E+03  
                1.0785E-03      -320.892E+03  
                1.08E-03        -323.846E+03  
                1.0815E-03      -326.815E+03  
                1.083E-03       -323.75E+03   
                1.0845E-03      -329.843E+03  
                1.086E-03       -285.407E+03  
                1.0875E-03      -270.31E+03   
                1.089E-03       -271.102E+03  
                1.0905E-03      -255.752E+03  
                1.092E-03       -268.093E+03  
                1.0935E-03      -269.304E+03  
                1.095E-03       -279.51E+03   
                1.0965E-03      -283.741E+03  
                1.098E-03       -280.667E+03  
                1.0995E-03      -282.029E+03  
                1.101E-03       -284.13E+03   
                1.1025E-03      -284.822E+03  
                1.104E-03       -277.001E+03  
                1.1055E-03      -285.39E+03   
                1.107E-03       -282.944E+03  
                1.1085E-03      -284.124E+03  
                1.11E-03        -285.07E+03   
                1.1115E-03      -294.935E+03  
                1.113E-03       -298.745E+03  
                1.1145E-03      -305.867E+03  
                1.116E-03       -316.826E+03  
                1.1175E-03      -322.495E+03  
                1.119E-03       -277.121E+03  
                1.1205E-03      -303.023E+03  
                1.122E-03       -306.958E+03  
                1.1235E-03      -291.557E+03  
                1.125E-03       -296.017E+03  
                1.1265E-03      -302.611E+03  
                1.128E-03       -292.039E+03  
                1.1295E-03      -292.544E+03  
                1.131E-03       -263.598E+03  
                1.1325E-03      -266.739E+03  
                1.134E-03       -280.423E+03  
                1.1355E-03      -293.366E+03  
                1.137E-03       -292.685E+03  
                1.1385E-03      -293.07E+03   
                1.14E-03        -297.098E+03  
                1.1415E-03      -304.813E+03  
                1.143E-03       -310.753E+03  
                1.1445E-03      -319.642E+03  
                1.146E-03       -311.153E+03  
                1.1475E-03      -292.609E+03  
                1.149E-03       -295.029E+03  
                1.1505E-03      -305.083E+03  
                1.152E-03       -310.411E+03  
                1.1535E-03      -316.371E+03  
                1.155E-03       -304.999E+03  
                1.1565E-03      -309.404E+03  
                1.158E-03       -306.512E+03  
                1.1595E-03      -308.231E+03  
                1.161E-03       -314.28E+03   
                1.1625E-03      -314.475E+03  
                1.164E-03       -312.786E+03  
                1.1655E-03      -312.215E+03  
                1.167E-03       -318.34E+03   
                1.1685E-03      -318.065E+03  
                1.17E-03        -318.291E+03  
                1.1715E-03      -325.227E+03  
                1.173E-03       -324.589E+03  
                1.1745E-03      -323.209E+03  
                1.176E-03       -323.322E+03  
                1.1775E-03      -322.194E+03  
                1.179E-03       -324.869E+03  
                1.1805E-03      -325.764E+03  
                1.182E-03       -327.239E+03  
                1.1835E-03      -325.968E+03  
                1.185E-03       -326.48E+03   
                1.1865E-03      -326.509E+03  
                1.188E-03       -244.96E+03   
                1.1895E-03      -230.704E+03  
                1.191E-03       -200.944E+03  
                1.1925E-03      -205.918E+03  
                1.194E-03       -212.356E+03  
                1.1955E-03      -219.815E+03  
                1.197E-03       -209.971E+03  
                1.1985E-03      -214.562E+03  
                1.2E-03         -222.421E+03  
                1.2015E-03      -225.297E+03  
                1.203E-03       -231.25E+03   
                1.2045E-03      -240.708E+03  
                1.206E-03       -244.714E+03  
                1.2075E-03      -251.516E+03  
                1.209E-03       -261.43E+03   
                1.2105E-03      -249.818E+03  
                1.212E-03       -258.224E+03  
                1.2135E-03      -257.237E+03  
                1.215E-03       -262.585E+03  
                1.2165E-03      -263.279E+03  
                1.218E-03       -267.808E+03  
                1.2195E-03      -268.091E+03  
                1.221E-03       -274.76E+03   
                1.2225E-03      -279.582E+03  
                1.224E-03       -233.56E+03   
                1.2255E-03      -244.689E+03  
                1.227E-03       -171.103E+03  
                1.2285E-03      -189.603E+03  
                1.23E-03        -211.886E+03  
                1.2315E-03      -222.019E+03  
                1.233E-03       -234.257E+03  
                1.2345E-03      -239.726E+03  
                1.236E-03       -239.809E+03  
                1.2375E-03      -256.411E+03  
                1.239E-03       -254.938E+03  
                1.2405E-03      -259.174E+03  
                1.242E-03       -262.018E+03  
                1.2435E-03      -262.73E+03   
                1.245E-03       -265.073E+03  
                1.2465E-03      -275.376E+03  
                1.248E-03       -271.26E+03   
                1.2495E-03      -272.483E+03  
                1.251E-03       -276.027E+03  
                1.2525E-03      -273.552E+03  
                1.254E-03       -273.797E+03  
                1.2555E-03      -273.166E+03  
                1.257E-03       -273.047E+03  
                1.2585E-03      -264.284E+03  
                1.26E-03        -264.583E+03  
                1.2615E-03      -261.35E+03   
                1.263E-03       -249.72E+03   
                1.2645E-03      -255.906E+03  
                1.266E-03       -263.746E+03  
                1.2675E-03      -267.978E+03  
                1.269E-03       -271.356E+03  
                1.2705E-03      -261.947E+03  
                1.272E-03       -257.785E+03  
                1.2735E-03      -266.252E+03  
                1.275E-03       -255.805E+03  
                1.2765E-03      -263.578E+03  
                1.278E-03       -267.201E+03  
                1.2795E-03      -275.965E+03  
                1.281E-03       -277.561E+03  
                1.2825E-03      -280.227E+03  
                1.284E-03       -286.19E+03   
                1.2855E-03      -288.289E+03  
                1.287E-03       -289.965E+03  
                1.2885E-03      -283.187E+03  
                1.29E-03        -290.811E+03  
                1.2915E-03      -294.801E+03  
                1.293E-03       -278.109E+03  
                1.2945E-03      -286.253E+03  
                1.296E-03       -289.341E+03  
                1.2975E-03      -276.933E+03  
                1.299E-03       -271.54E+03   
                1.3005E-03      -281.677E+03  
                1.302E-03       -281.641E+03  
                1.3035E-03      -288.188E+03  
                1.305E-03       -272.958E+03  
                1.3065E-03      -209.255E+03  
                1.308E-03       -215.532E+03  
                1.3095E-03      -207.409E+03  
                1.311E-03       -208.235E+03  
                1.3125E-03      -222.514E+03  
                1.314E-03       -226.368E+03  
                1.3155E-03      -237.724E+03  
                1.317E-03       -228.541E+03  
                1.3185E-03      -224.677E+03  
                1.32E-03        -238.985E+03  
                1.3215E-03      -250.028E+03  
                1.323E-03       -251.556E+03  
                1.3245E-03      -266.528E+03  
                1.326E-03       -264.6E+03    
                1.3275E-03      -278.5E+03    
                1.329E-03       -277.312E+03  
                1.3305E-03      -286.229E+03  
                1.332E-03       -282.631E+03  
                1.3335E-03      -268.209E+03  
                1.335E-03       -266.654E+03  
                1.3365E-03      -266.427E+03  
                1.338E-03       -270.027E+03  
                1.3395E-03      -267.315E+03  
                1.341E-03       -257.917E+03  
                1.3425E-03      -257.697E+03  
                1.344E-03       -263.707E+03  
                1.3455E-03      -258.825E+03  
                1.347E-03       -270.481E+03  
                1.3485E-03      -269.489E+03  
                1.35E-03        -275.307E+03  
                1.3515E-03      -281.464E+03  
                1.353E-03       -282.219E+03  
                1.3545E-03      -284.832E+03  
                1.356E-03       -286.008E+03  
                1.3575E-03      -287.609E+03  
                1.359E-03       -228.913E+03  
                1.3605E-03      -237.975E+03  
                1.362E-03       -236.937E+03  
                1.3635E-03      -253.837E+03  
                1.365E-03       -264.79E+03   
                1.3665E-03      -275.729E+03  
                1.368E-03       -285.521E+03  
                1.3695E-03      -268.881E+03  
                1.371E-03       -269.56E+03   
                1.3725E-03      -277.784E+03  
                1.374E-03       -280.993E+03  
                1.3755E-03      -279.427E+03  
                1.377E-03       -282.698E+03  
                1.3785E-03      -289.256E+03  
                1.38E-03        -291.307E+03  
                1.3815E-03      -297.226E+03  
                1.383E-03       -298.123E+03  
                1.3845E-03      -296.037E+03  
                1.386E-03       -302.105E+03  
                1.3875E-03      -299.891E+03  
                1.389E-03       -302.858E+03  
                1.3905E-03      -304.981E+03  
                1.392E-03       -299.105E+03  
                1.3935E-03      -291.373E+03  
                1.395E-03       -224.601E+03  
                1.3965E-03      -237.848E+03  
                1.398E-03       -251.259E+03  
                1.3995E-03      -223.667E+03  
                1.401E-03       -229.604E+03  
                1.4025E-03      -239.184E+03  
                1.404E-03       -241.425E+03  
                1.4055E-03      -253.598E+03  
                1.407E-03       -242.041E+03  
                1.4085E-03      -246.831E+03  
                1.41E-03        -258.826E+03  
                1.4115E-03      -251.934E+03  
                1.413E-03       -263.54E+03   
                1.4145E-03      -269.919E+03  
                1.416E-03       -272.382E+03  
                1.4175E-03      -242.355E+03  
                1.419E-03       -254.627E+03  
                1.4205E-03      -257.004E+03  
                1.422E-03       -266.689E+03  
                1.4235E-03      -275.321E+03  
                1.425E-03       -283.426E+03  
                1.4265E-03      -295.483E+03  
                1.428E-03       -293.64E+03   
                1.4295E-03      -301.47E+03   
                1.431E-03       -305.211E+03  
                1.4325E-03      -309.478E+03  
                1.434E-03       -309.7E+03    
                1.4355E-03      -321.072E+03  
                1.437E-03       -319.081E+03  
                1.4385E-03      -319.406E+03  
                1.44E-03        -328.505E+03  
                1.4415E-03      -313.119E+03  
                1.443E-03       -317.974E+03  
                1.4445E-03      -321.736E+03  
                1.446E-03       -320.452E+03  
                1.4475E-03      -324.729E+03  
                1.449E-03       -319.506E+03  
                1.4505E-03      -327.073E+03  
                1.452E-03       -329.57E+03   
                1.4535E-03      -331.291E+03  
                1.455E-03       -326.215E+03  
                1.4565E-03      -338.21E+03   
                1.458E-03       -320.258E+03  
                1.4595E-03      -333.502E+03  
                1.461E-03       -329.118E+03  
                1.4625E-03      -327.607E+03  
                1.464E-03       -283.75E+03   
                1.4655E-03      -292.564E+03  
                1.467E-03       -292.884E+03  
                1.4685E-03      -301.49E+03   
                1.47E-03        -300.622E+03  
                1.4715E-03      -263.894E+03  
                1.473E-03       -243.253E+03  
                1.4745E-03      -244.707E+03  
                1.476E-03       -242.238E+03  
                1.4775E-03      -247.954E+03  
                1.479E-03       -258.653E+03  
                1.4805E-03      -254.574E+03  
                1.482E-03       -256.485E+03  
                1.4835E-03      -241.391E+03  
                1.485E-03       -226.411E+03  
                1.4865E-03      -234.808E+03  
                1.488E-03       -235.237E+03  
                1.4895E-03      -239.782E+03  
                1.491E-03       -233.416E+03  
                1.4925E-03      -242.518E+03  
                1.494E-03       -241.68E+03   
                1.4955E-03      -250.001E+03  
                1.497E-03       -246.244E+03  
                1.4985E-03      -251.588E+03  
                1.5E-03         -250.191E+03  
                1.5015E-03      -252.995E+03  
                1.503E-03       -248.023E+03  
                1.5045E-03      -257.594E+03  
                1.506E-03       -256.344E+03  
                1.5075E-03      -264.815E+03  
                1.509E-03       -263.648E+03  
                1.5105E-03      -266.408E+03  
                1.512E-03       -268.074E+03  
                1.5135E-03      -271.214E+03  
                1.515E-03       -274.286E+03  
                1.5165E-03      -269.903E+03  
                1.518E-03       -274.961E+03  
                1.5195E-03      -272.856E+03  
                1.521E-03       -274.861E+03  
                1.5225E-03      -270.575E+03  
                1.524E-03       -277.239E+03  
                1.5255E-03      -275.717E+03  
                1.527E-03       -280.086E+03  
                1.5285E-03      -267.698E+03  
                1.53E-03        -270.999E+03  
                1.5315E-03      -209.982E+03  
                1.533E-03       -206.571E+03  
                1.5345E-03      -216.14E+03   
                1.536E-03       -218.749E+03  
                1.5375E-03      -218.348E+03  
                1.539E-03       -218.48E+03   
                1.5405E-03      -222.089E+03  
                1.542E-03       -238.219E+03  
                1.5435E-03      -248.881E+03  
                1.545E-03       -254.336E+03  
                1.5465E-03      -254.208E+03  
                1.548E-03       -259.515E+03  
                1.5495E-03      -267.323E+03  
                1.551E-03       -272.747E+03  
                1.5525E-03      -277.281E+03  
                1.554E-03       -275.425E+03  
                1.5555E-03      -281.353E+03  
                1.557E-03       -230.695E+03  
                1.5585E-03      -248.117E+03  
                1.56E-03        -246.572E+03  
                1.5615E-03      -249.644E+03  
                1.563E-03       -219.811E+03  
                1.5645E-03      -225.072E+03  
                1.566E-03       -226.444E+03  
                1.5675E-03      -217.543E+03  
                1.569E-03       -216.117E+03  
                1.5705E-03      -214.827E+03  
                1.572E-03       -233.767E+03  
                1.5735E-03      -227.652E+03  
                1.575E-03       -242.153E+03  
                1.5765E-03      -244.996E+03  
                1.578E-03       -246.419E+03  
                1.5795E-03      -238.406E+03  
                1.581E-03       -252.903E+03  
                1.5825E-03      -259.026E+03  
                1.584E-03       -261.179E+03  
                1.5855E-03      -264.793E+03  
                1.587E-03       -272.819E+03  
                1.5885E-03      -278.032E+03  
                1.59E-03        -280.525E+03  
                1.5915E-03      -285.553E+03  
                1.593E-03       -288.156E+03  
                1.5945E-03      -294.845E+03  
                1.596E-03       -290.347E+03  
                1.5975E-03      -295.27E+03   
                1.599E-03       -297.957E+03  
                1.6005E-03      -266.733E+03  
                1.602E-03       -256.103E+03  
                1.6035E-03      -216.813E+03  
                1.605E-03       -221.387E+03  
                1.6065E-03      -235.825E+03  
                1.608E-03       -237.402E+03  
                1.6095E-03      -211.324E+03  
                1.611E-03       -211.605E+03  
                1.6125E-03      -224.481E+03  
                1.614E-03       -235.986E+03  
                1.6155E-03      -249.136E+03  
                1.617E-03       -239.039E+03  
                1.6185E-03      -254.166E+03  
                1.62E-03        -258.397E+03  
                1.6215E-03      -264.311E+03  
                1.623E-03       -272.626E+03  
                1.6245E-03      -273.49E+03   
                1.626E-03       -274.53E+03   
                1.6275E-03      -283.315E+03  
                1.629E-03       -282.116E+03  
                1.6305E-03      -224.516E+03  
                1.632E-03       -209.992E+03  
                1.6335E-03      -229.823E+03  
                1.635E-03       -232.974E+03  
                1.6365E-03      -242.751E+03  
                1.638E-03       -252.241E+03  
                1.6395E-03      -256.706E+03  
                1.641E-03       -268.861E+03  
                1.6425E-03      -276.44E+03   
                1.644E-03       -279.095E+03  
                1.6455E-03      -269.723E+03  
                1.647E-03       -275.925E+03  
                1.6485E-03      -279.997E+03  
                1.65E-03        -275.424E+03  
                1.6515E-03      -282.769E+03  
                1.653E-03       -239.301E+03  
                1.6545E-03      -228.918E+03  
                1.656E-03       -244.212E+03  
                1.6575E-03      -194.543E+03  
                1.659E-03       -180.757E+03  
                1.6605E-03      -183.509E+03  
                1.662E-03       -200.228E+03  
                1.6635E-03      -221.189E+03  
                1.665E-03       -237.585E+03  
                1.6665E-03      -238.703E+03  
                1.668E-03       -249.26E+03   




