                0.                 0.         
                3.00001E-06        0.         
                6.E-06             0.         
                9.00035E-06        0.         
               12.0002E-06         0.         
               15.0001E-06         0.         
               18.0002E-06         0.         
               21.0001E-06         0.         
               24.0001E-06         0.         
               27.E-06            -9.03456E+03
               30.0001E-06       -19.9072E+03 
               33.0002E-06       -29.5746E+03 
               36.0001E-06       -36.972E+03  
               39.0002E-06       -45.1014E+03 
               42.0001E-06       -50.1311E+03 
               45.E-06           -54.0766E+03 
               48.0003E-06       -58.4997E+03 
               51.0001E-06       -63.6081E+03 
               54.0002E-06       -67.5469E+03 
               57.0002E-06       -71.1227E+03 
               60.E-06           -75.8578E+03 
               63.0001E-06       -79.9056E+03 
               66.E-06           -77.1962E+03 
               69.0002E-06       -76.9901E+03 
               72.E-06           -78.0644E+03 
               75.0001E-06       -80.4013E+03 
               78.0001E-06       -82.6274E+03 
               81.0001E-06       -86.2179E+03 
               84.0001E-06       -84.879E+03  
               87.0001E-06       -82.1621E+03 
               90.0001E-06       -80.921E+03  
               93.E-06           -82.4926E+03 
               96.E-06           -83.2541E+03 
               99.E-06           -85.2498E+03 
              102.E-06           -88.0557E+03 
              105.E-06           -91.142E+03  
              108.E-06           -93.8353E+03 
              111.E-06           -92.3183E+03 
              114.E-06           -92.7171E+03 
              117.E-06           -93.222E+03  
              120.E-06           -92.8919E+03 
              123.E-06           -92.8276E+03 
              126.E-06           -92.8437E+03 
              129.E-06           -97.3299E+03 
              132.E-06           -99.5321E+03 
              135.E-06          -101.739E+03  
              138.E-06          -103.112E+03  
              141.E-06          -104.332E+03  
              144.E-06          -110.015E+03  
              147.E-06          -111.676E+03  
              150.E-06          -112.974E+03  
              153.E-06          -120.573E+03  
              156.E-06          -129.543E+03  
              159.E-06          -110.918E+03  
              162.E-06          -116.713E+03  
              165.E-06          -129.767E+03  
              168.E-06          -127.242E+03  
              171.E-06          -130.884E+03  
              174.E-06          -131.502E+03  
              177.E-06          -130.424E+03  
              180.E-06          -129.725E+03  
              183.E-06          -131.38E+03   
              186.E-06          -133.027E+03  
              189.E-06          -132.783E+03  
              192.E-06          -133.64E+03   
              195.E-06          -135.16E+03   
              198.E-06          -114.303E+03  
              201.E-06          -116.426E+03  
              204.E-06          -132.863E+03  
              207.E-06          -136.661E+03  
              210.E-06          -131.178E+03  
              213.E-06          -142.247E+03  
              216.E-06          -144.653E+03  
              219.E-06          -136.958E+03  
              222.E-06          -142.725E+03  
              225.E-06          -145.262E+03  
              228.E-06          -146.669E+03  
              231.E-06          -146.054E+03  
              234.E-06          -141.312E+03  
              237.E-06          -141.942E+03  
              240.E-06          -141.94E+03   
              243.E-06          -142.866E+03  
              246.E-06          -143.028E+03  
              249.E-06          -144.737E+03  
              252.E-06          -147.109E+03  
              255.E-06          -150.374E+03  
              258.E-06          -147.895E+03  
              261.E-06          -147.552E+03  
              264.E-06          -149.375E+03  
              267.E-06          -152.37E+03   
              270.E-06          -157.06E+03   
              273.E-06          -138.491E+03  
              276.E-06          -146.644E+03  
              279.E-06          -156.888E+03  
              282.E-06          -157.988E+03  
              285.E-06          -163.619E+03  
              288.E-06          -166.733E+03  
              291.E-06          -136.298E+03  
              294.E-06          -150.384E+03  
              297.E-06          -161.052E+03  
              300.E-06          -165.323E+03  
              303.E-06          -175.15E+03   
              306.E-06          -183.217E+03  
              309.E-06          -185.939E+03  
              312.E-06          -182.452E+03  
              315.E-06          -187.071E+03  
              318.E-06          -193.619E+03  
              321.E-06          -186.148E+03  
              324.E-06          -188.989E+03  
              327.E-06          -191.639E+03  
              330.E-06          -193.466E+03  
              333.E-06          -198.639E+03  
              336.E-06          -203.044E+03  
              339.E-06          -197.377E+03  
              342.E-06          -199.425E+03  
              345.E-06          -199.095E+03  
              348.E-06          -197.326E+03  
              351.E-06          -200.103E+03  
              354.E-06          -202.096E+03  
              357.E-06          -204.684E+03  
              360.E-06          -208.736E+03  
              363.E-06          -212.374E+03  
              366.E-06          -214.964E+03  
              369.E-06          -180.734E+03  
              372.E-06          -185.062E+03  
              375.E-06          -194.612E+03  
              378.E-06          -203.27E+03   
              381.E-06          -207.325E+03  
              384.E-06          -209.044E+03  
              387.E-06          -212.934E+03  
              390.E-06          -214.515E+03  
              393.E-06          -142.082E+03  
              396.E-06          -144.438E+03  
              399.E-06          -149.863E+03  
              402.E-06          -146.869E+03  
              405.E-06          -155.554E+03  
              408.E-06          -152.524E+03  
              411.E-06          -151.391E+03  
              414.E-06          -158.85E+03   
              417.E-06          -159.084E+03  
              420.E-06          -162.863E+03  
              423.E-06          -159.144E+03  
              426.E-06          -161.136E+03  
              429.E-06          -156.041E+03  
              432.E-06          -158.506E+03  
              435.E-06          -158.255E+03  
              438.E-06          -158.139E+03  
              441.E-06          -162.653E+03  
              444.E-06          -163.703E+03  
              447.E-06          -164.209E+03  
              450.E-06          -167.422E+03  
              453.E-06          -165.999E+03  
              456.E-06          -167.256E+03  
              459.E-06          -164.479E+03  
              462.E-06          -170.886E+03  
              465.E-06          -168.378E+03  
              468.E-06          -122.864E+03  
              471.E-06          -114.419E+03  
              474.E-06          -122.873E+03  
              477.E-06          -133.519E+03  
              480.E-06          -139.069E+03  
              483.E-06          -146.864E+03  
              486.E-06          -151.525E+03  
              489.E-06          -142.866E+03  
              492.E-06          -147.124E+03  
              495.E-06          -151.56E+03   
              498.E-06          -154.6E+03    
              501.E-06          -152.039E+03  
              504.E-06          -152.187E+03  
              507.E-06          -158.435E+03  
              510.E-06          -162.75E+03   
              513.E-06          -168.398E+03  
              516.E-06          -128.659E+03  
              519.E-06          -127.122E+03  
              522.E-06          -142.002E+03  
              525.E-06          -144.368E+03  
              528.E-06          -150.074E+03  
              531.E-06          -147.358E+03  
              534.E-06          -145.958E+03  
              537.E-06          -154.555E+03  
              540.E-06          -162.594E+03  
              543.E-06          -167.312E+03  
              546.E-06          -170.807E+03  
              549.E-06          -178.439E+03  
              552.E-06          -170.234E+03  
              555.E-06          -173.438E+03  
              558.E-06          -170.432E+03  
              561.E-06          -172.795E+03  
              564.E-06          -172.589E+03  
              567.E-06          -183.658E+03  
              570.E-06          -178.887E+03  
              573.E-06          -192.659E+03  
              576.E-06          -185.646E+03  
              579.E-06          -187.646E+03  
              582.E-06          -196.249E+03  
              585.E-06          -197.166E+03  
              588.E-06          -201.248E+03  
              591.E-06          -208.656E+03  
              594.E-06          -196.557E+03  
              597.E-06          -201.964E+03  
              600.E-06          -208.937E+03  
              603.E-06          -215.94E+03   
              606.E-06          -213.891E+03  
              609.E-06          -213.715E+03  
              612.E-06          -221.013E+03  
              615.E-06          -176.487E+03  
              618.E-06          -179.524E+03  
              621.E-06          -201.819E+03  
              624.E-06          -205.653E+03  
              627.E-06          -213.979E+03  
              630.E-06          -220.293E+03  
              633.E-06          -224.064E+03  
              636.E-06          -232.521E+03  
              639.E-06          -230.701E+03  
              642.E-06          -226.276E+03  
              645.E-06          -223.142E+03  
              648.E-06          -185.706E+03  
              651.E-06          -184.895E+03  
              654.E-06          -200.031E+03  
              657.E-06          -182.162E+03  
              660.E-06          -181.417E+03  
              663.E-06          -172.8E+03    
              666.E-06          -186.005E+03  
              669.E-06          -195.345E+03  
              672.E-06          -202.572E+03  
              675.E-06          -208.242E+03  
              678.E-06          -211.748E+03  
              681.E-06          -216.917E+03  
              684.E-06          -193.901E+03  
              687.E-06          -200.209E+03  
              690.E-06          -188.264E+03  
              693.E-06          -194.367E+03  
              696.E-06          -182.777E+03  
              699.E-06          -193.83E+03   
              702.E-06          -188.825E+03  
              705.E-06          -192.453E+03  
              708.E-06          -197.603E+03  
              711.E-06          -176.051E+03  
              714.E-06          -172.705E+03  
              717.E-06          -183.715E+03  
              720.E-06          -184.395E+03  
              723.E-06          -195.857E+03  
              726.E-06          -200.715E+03  
              729.E-06          -211.448E+03  
              732.E-06          -213.788E+03  
              735.E-06          -209.504E+03  
              738.E-06          -197.972E+03  
              741.E-06          -187.764E+03  
              744.E-06          -192.951E+03  
              747.E-06          -199.938E+03  
              750.E-06          -197.379E+03  
              753.E-06          -207.585E+03  
              756.E-06          -218.592E+03  
              759.E-06          -223.646E+03  
              762.E-06          -200.006E+03  
              765.E-06          -192.967E+03  
              768.E-06          -201.83E+03   
              771.E-06          -192.106E+03  
              774.E-06          -197.527E+03  
              777.E-06          -198.065E+03  
              780.E-06          -187.966E+03  
              783.E-06          -187.741E+03  
              786.E-06          -204.743E+03  
              789.E-06          -219.765E+03  
              792.E-06          -223.11E+03   
              795.E-06          -225.443E+03  
              798.E-06          -230.76E+03   
              801.E-06          -230.788E+03  
              804.E-06          -233.036E+03  
              807.E-06          -196.843E+03  
              810.E-06          -194.54E+03   
              813.E-06          -153.69E+03   
              816.E-06          -178.332E+03  
              819.E-06          -193.817E+03  
              822.E-06          -198.748E+03  
              825.E-06          -203.085E+03  
              828.E-06          -218.894E+03  
              831.E-06          -233.342E+03  
              834.E-06          -240.592E+03  
              837.E-06          -249.811E+03  
              840.E-06          -250.659E+03  
              843.E-06          -255.137E+03  
              846.E-06          -262.044E+03  
              849.E-06          -176.256E+03  
              852.E-06          -200.575E+03  
              855.E-06          -194.113E+03  
              858.E-06          -201.511E+03  
              861.E-06          -202.748E+03  
              864.E-06          -196.928E+03  
              867.E-06          -210.753E+03  
              870.E-06          -227.724E+03  
              873.E-06          -242.186E+03  
              876.E-06          -226.877E+03  
              879.E-06          -229.988E+03  
              882.E-06          -217.035E+03  
              885.E-06          -211.65E+03   
              888.E-06          -212.79E+03   
              891.E-06          -211.342E+03  
              894.E-06          -206.523E+03  
              897.E-06          -207.965E+03  
              900.E-06          -205.671E+03  
              903.E-06          -209.662E+03  
              906.E-06          -206.069E+03  
              909.E-06          -210.217E+03  
              912.E-06          -214.302E+03  
              915.E-06          -209.28E+03   
              918.E-06          -210.571E+03  
              921.E-06          -215.479E+03  
              924.E-06          -207.642E+03  
              927.E-06          -212.805E+03  
              930.E-06          -214.59E+03   
              933.E-06          -208.875E+03  
              936.E-06          -233.092E+03  
              939.E-06          -233.948E+03  
              942.E-06          -238.015E+03  
              945.E-06          -241.208E+03  
              948.E-06          -203.987E+03  
              951.E-06          -208.391E+03  
              954.E-06          -199.227E+03  
              957.E-06          -196.672E+03  
              960.E-06          -192.88E+03   
              963.E-06          -207.219E+03  
              966.E-06          -199.432E+03  
              969.E-06          -180.014E+03  
              972.E-06          -179.661E+03  
              975.E-06          -177.967E+03  
              978.E-06          -194.789E+03  
              981.E-06          -172.702E+03  
              984.E-06          -169.522E+03  
              987.E-06          -170.042E+03  
              990.E-06          -178.691E+03  
              993.E-06          -188.419E+03  
              996.E-06          -198.001E+03  
              999.E-06          -206.78E+03   
                1.002E-03       -181.828E+03  
                1.005E-03       -188.994E+03  
                1.008E-03       -192.619E+03  
                1.011E-03       -193.891E+03  
                1.014E-03       -199.676E+03  
                1.017E-03       -208.526E+03  
                1.02E-03        -212.735E+03  
                1.023E-03       -217.587E+03  
                1.026E-03       -224.298E+03  
                1.029E-03       -225.489E+03  
                1.032E-03       -229.364E+03  
                1.035E-03       -230.854E+03  
                1.038E-03       -234.71E+03   
                1.041E-03       -237.856E+03  
                1.044E-03       -240.521E+03  
                1.047E-03       -250.922E+03  
                1.05E-03        -255.32E+03   
                1.053E-03       -261.675E+03  
                1.056E-03       -265.009E+03  
                1.059E-03       -266.034E+03  
                1.062E-03       -267.777E+03  
                1.065E-03       -268.614E+03  
                1.068E-03       -270.373E+03  
                1.071E-03       -270.99E+03   
                1.074E-03       -275.375E+03  
                1.077E-03       -277.658E+03  
                1.08E-03        -258.484E+03  
                1.083E-03       -260.815E+03  
                1.086E-03       -267.042E+03  
                1.089E-03       -271.892E+03  
                1.092E-03       -273.461E+03  
                1.095E-03       -273.632E+03  
                1.098E-03       -271.774E+03  
                1.101E-03       -277.649E+03  
                1.104E-03       -268.19E+03   
                1.107E-03       -268.798E+03  
                1.11E-03        -266.724E+03  
                1.113E-03       -268.009E+03  
                1.116E-03       -265.423E+03  
                1.119E-03       -265.009E+03  
                1.122E-03       -268.033E+03  
                1.125E-03       -258.059E+03  
                1.128E-03       -260.257E+03  
                1.131E-03       -259.189E+03  
                1.134E-03       -232.488E+03  
                1.137E-03       -231.001E+03  
                1.14E-03        -237.554E+03  
                1.143E-03       -237.942E+03  
                1.146E-03       -224.501E+03  
                1.149E-03       -223.106E+03  
                1.152E-03       -222.699E+03  
                1.155E-03       -225.409E+03  
                1.158E-03       -228.941E+03  
                1.161E-03       -234.4E+03    
                1.164E-03       -237.278E+03  
                1.167E-03       -246.826E+03  
                1.17E-03        -250.418E+03  
                1.173E-03       -254.633E+03  
                1.176E-03       -212.976E+03  
                1.179E-03       -215.794E+03  
                1.182E-03       -219.057E+03  
                1.185E-03       -220.109E+03  
                1.188E-03       -222.182E+03  
                1.191E-03       -221.174E+03  
                1.194E-03       -207.435E+03  
                1.197E-03       -206.961E+03  
                1.2E-03         -195.047E+03  
                1.203E-03       -198.392E+03  
                1.206E-03       -198.619E+03  
                1.209E-03       -201.442E+03  
                1.212E-03       -204.668E+03  
                1.215E-03       -215.5E+03    
                1.218E-03       -223.505E+03  
                1.221E-03       -230.448E+03  
                1.224E-03       -234.966E+03  
                1.227E-03       -240.549E+03  
                1.23E-03        -247.337E+03  
                1.233E-03       -250.499E+03  
                1.236E-03       -252.814E+03  
                1.239E-03       -254.536E+03  
                1.242E-03       -247.053E+03  
                1.245E-03       -250.757E+03  
                1.248E-03       -255.985E+03  
                1.251E-03       -258.468E+03  
                1.254E-03       -259.318E+03  
                1.257E-03       -261.581E+03  
                1.26E-03        -262.97E+03   
                1.263E-03       -264.205E+03  
                1.266E-03       -268.294E+03  
                1.269E-03       -268.575E+03  
                1.272E-03       -270.426E+03  
                1.275E-03       -270.481E+03  
                1.278E-03       -210.008E+03  
                1.281E-03       -205.351E+03  
                1.284E-03       -204.245E+03  
                1.287E-03       -207.696E+03  
                1.29E-03        -213.744E+03  
                1.293E-03       -213.392E+03  
                1.296E-03       -217.299E+03  
                1.299E-03       -216.186E+03  
                1.302E-03       -211.212E+03  
                1.305E-03       -215.473E+03  
                1.308E-03       -224.009E+03  
                1.311E-03       -234.795E+03  
                1.314E-03       -245.653E+03  
                1.317E-03       -262.48E+03   
                1.32E-03        -266.083E+03  
                1.323E-03       -249.845E+03  
                1.326E-03       -253.866E+03  
                1.329E-03       -259.635E+03  
                1.332E-03       -263.115E+03  
                1.335E-03       -263.337E+03  
                1.338E-03       -248.756E+03  
                1.341E-03       -247.825E+03  
                1.344E-03       -257.199E+03  
                1.347E-03       -257.325E+03  
                1.35E-03        -261.49E+03   
                1.353E-03       -266.923E+03  
                1.356E-03       -267.873E+03  
                1.359E-03       -273.198E+03  
                1.362E-03       -274.915E+03  
                1.365E-03       -250.36E+03   
                1.368E-03       -247.681E+03  
                1.371E-03       -256.302E+03  
                1.374E-03       -261.329E+03  
                1.377E-03       -243.166E+03  
                1.38E-03        -247.454E+03  
                1.383E-03       -246.047E+03  
                1.386E-03       -249.431E+03  
                1.389E-03       -248.23E+03   
                1.392E-03       -231.373E+03  
                1.395E-03       -227.015E+03  
                1.398E-03       -229.039E+03  
                1.401E-03       -228.504E+03  
                1.404E-03       -231.983E+03  
                1.407E-03       -235.078E+03  
                1.41E-03        -234.925E+03  
                1.413E-03       -237.602E+03  
                1.416E-03       -245.334E+03  
                1.419E-03       -251.904E+03  
                1.422E-03       -254.072E+03  
                1.425E-03       -259.497E+03  
                1.428E-03       -262.048E+03  
                1.431E-03       -266.03E+03   
                1.434E-03       -271.646E+03  
                1.437E-03       -271.687E+03  
                1.44E-03        -273.853E+03  
                1.443E-03       -276.258E+03  
                1.446E-03       -279.006E+03  
                1.449E-03       -279.23E+03   
                1.452E-03       -283.625E+03  
                1.455E-03       -286.169E+03  
                1.458E-03       -286.557E+03  
                1.461E-03       -286.25E+03   
                1.464E-03       -286.748E+03  
                1.467E-03       -289.498E+03  
                1.47E-03        -287.742E+03  
                1.473E-03       -227.832E+03  
                1.476E-03       -224.792E+03  
                1.479E-03       -214.341E+03  
                1.482E-03       -224.982E+03  
                1.485E-03       -228.378E+03  
                1.488E-03       -231.695E+03  
                1.491E-03       -229.344E+03  
                1.494E-03       -221.393E+03  
                1.497E-03       -226.109E+03  
                1.5E-03         -216.644E+03  
                1.503E-03       -225.03E+03   
                1.506E-03       -230.809E+03  
                1.509E-03       -238.319E+03  
                1.512E-03       -246.256E+03  
                1.515E-03       -247.154E+03  
                1.518E-03       -250.483E+03  
                1.521E-03       -250.138E+03  
                1.524E-03       -250.324E+03  
                1.527E-03       -251.341E+03  
                1.53E-03        -254.553E+03  
                1.533E-03       -255.725E+03  
                1.536E-03       -256.418E+03  
                1.539E-03       -258.956E+03  
                1.542E-03       -249.698E+03  
                1.545E-03       -260.549E+03  
                1.548E-03       -263.042E+03  
                1.551E-03       -266.513E+03  
                1.554E-03       -269.275E+03  
                1.557E-03       -270.976E+03  
                1.56E-03        -273.18E+03   
                1.563E-03       -269.821E+03  
                1.566E-03       -270.375E+03  
                1.569E-03       -276.4E+03    
                1.572E-03       -283.748E+03  
                1.575E-03       -279.612E+03  
                1.578E-03       -287.358E+03  
                1.581E-03       -286.867E+03  




