                 0.                 0.         
              750.302E-09          0.         
                1.50017E-06        0.         
                2.25034E-06        0.         
                3.00001E-06        0.         
                3.75006E-06        0.         
                4.50014E-06        0.         
                5.25026E-06        0.         
                6.E-06             0.         
                6.75013E-06       -9.83525E+03
                7.50016E-06      -19.755E+03  
                8.25026E-06      -29.4704E+03 
                9.00017E-06      -36.3769E+03 
                9.75017E-06      -44.7233E+03 
               10.5003E-06       -49.7168E+03 
               11.2503E-06       -54.2267E+03 
               12.0001E-06       -60.0949E+03 
               12.7502E-06       -63.529E+03  
               13.5002E-06       -67.6286E+03 
               14.2501E-06       -71.6379E+03 
               15.E-06           -71.7528E+03 
               15.7501E-06       -70.9106E+03 
               16.5002E-06       -70.944E+03  
               17.25E-06         -75.8198E+03 
               18.0002E-06       -79.5517E+03 
               18.75E-06         -85.553E+03  
               19.5E-06          -76.7502E+03 
               20.25E-06         -77.8381E+03 
               21.E-06           -80.1196E+03 
               21.75E-06         -80.4042E+03 
               22.5E-06          -84.0029E+03 
               23.2501E-06       -83.1285E+03 
               24.E-06           -82.7161E+03 
               24.7501E-06       -81.4713E+03 
               25.5001E-06       -82.6271E+03 
               26.2501E-06       -84.2446E+03 
               27.E-06           -87.0099E+03 
               27.75E-06         -89.5277E+03 
               28.5E-06          -93.6102E+03 
               29.25E-06         -96.6208E+03 
               30.0001E-06       -97.0549E+03 
               30.75E-06         -95.9375E+03 
               31.5E-06          -96.6593E+03 
               32.25E-06         -98.3194E+03 
               33.0001E-06       -99.2171E+03 
               33.7501E-06      -100.813E+03  
               34.5001E-06      -104.268E+03  
               35.25E-06        -108.365E+03  
               36.0001E-06      -107.034E+03  
               36.7501E-06      -108.741E+03  
               37.5E-06         -112.823E+03  
               38.25E-06        -115.259E+03  
               39.E-06          -114.261E+03  
               39.75E-06         -86.2223E+03 
               40.5E-06          -97.7204E+03 
               41.2501E-06       -97.5305E+03 
               42.E-06           -97.4662E+03 
               42.7501E-06      -105.926E+03  
               43.5E-06         -114.741E+03  
               44.2501E-06      -106.518E+03  
               45.E-06          -110.626E+03  
               45.75E-06        -113.281E+03  
               46.5001E-06      -117.359E+03  
               47.25E-06         -81.784E+03  
               48.E-06           -95.2735E+03 
               48.75E-06        -107.866E+03  
               49.5001E-06      -118.116E+03  
               50.25E-06        -107.377E+03  
               51.E-06          -106.434E+03  
               51.75E-06        -111.538E+03  
               52.5001E-06      -120.905E+03  
               53.25E-06        -130.176E+03  
               54.E-06          -136.852E+03  
               54.75E-06        -131.379E+03  
               55.5001E-06      -134.614E+03  
               56.25E-06        -141.457E+03  
               57.0001E-06      -131.27E+03   
               57.7501E-06      -136.757E+03  
               58.5E-06         -139.36E+03   
               59.25E-06        -142.972E+03  
               60.0001E-06      -135.912E+03  
               60.75E-06        -136.112E+03  
               61.5E-06         -144.421E+03  
               62.2501E-06      -144.737E+03  
               63.E-06          -155.733E+03  
               63.75E-06        -148.687E+03  
               64.5E-06         -149.43E+03   
               65.25E-06        -152.49E+03   
               66.E-06          -157.995E+03  
               66.7501E-06      -154.877E+03  
               67.5001E-06      -155.869E+03  
               68.2501E-06      -160.674E+03  
               69.E-06          -168.862E+03  
               69.75E-06        -171.295E+03  
               70.5001E-06      -164.288E+03  
               71.25E-06        -170.849E+03  
               72.0001E-06      -173.973E+03  
               72.75E-06        -164.503E+03  
               73.5E-06         -164.372E+03  
               74.2501E-06      -169.66E+03   
               75.E-06          -175.717E+03  
               75.75E-06        -177.422E+03  
               76.5001E-06      -179.021E+03  
               77.25E-06        -145.289E+03  
               78.0001E-06      -163.771E+03  
               78.7501E-06      -161.801E+03  
               79.5E-06         -176.439E+03  
               80.2501E-06      -183.38E+03   
               81.0001E-06      -174.785E+03  
               81.7501E-06      -180.348E+03  
               82.5001E-06      -185.433E+03  
               83.25E-06        -179.481E+03  
               84.E-06          -172.972E+03  
               84.75E-06        -186.934E+03  
               85.5E-06         -190.018E+03  
               86.25E-06        -189.066E+03  
               87.E-06          -193.804E+03  
               87.75E-06        -197.418E+03  
               88.5001E-06      -202.35E+03   
               89.25E-06        -206.217E+03  
               90.E-06          -204.92E+03   
               90.75E-06        -207.607E+03  
               91.5001E-06      -213.365E+03  
               92.25E-06        -213.31E+03   
               93.0001E-06      -212.423E+03  
               93.75E-06        -147.186E+03  
               94.5001E-06      -147.831E+03  
               95.25E-06        -148.574E+03  
               96.0001E-06      -150.667E+03  
               96.7501E-06      -156.734E+03  
               97.5E-06         -170.512E+03  
               98.25E-06        -175.566E+03  
               99.E-06          -127.695E+03  
               99.75E-06        -138.46E+03   
              100.5E-06         -133.439E+03  
              101.25E-06        -142.177E+03  
              102.E-06          -142.463E+03  
              102.75E-06        -151.504E+03  
              103.5E-06         -150.723E+03  
              104.25E-06        -152.674E+03  
              105.E-06          -155.306E+03  
              105.75E-06        -162.874E+03  
              106.5E-06         -165.514E+03  
              107.25E-06        -165.735E+03  
              108.E-06          -167.826E+03  
              108.75E-06        -169.571E+03  
              109.5E-06         -135.106E+03  
              110.25E-06        -135.019E+03  
              111.E-06          -144.443E+03  
              111.75E-06        -130.354E+03  
              112.5E-06         -145.955E+03  
              113.25E-06        -149.755E+03  
              114.E-06          -158.635E+03  
              114.75E-06        -165.95E+03   
              115.5E-06         -177.707E+03  
              116.25E-06        -188.381E+03  
              117.E-06          -194.59E+03   
              117.75E-06        -199.841E+03  
              118.5E-06         -202.308E+03  
              119.25E-06        -207.904E+03  
              120.E-06          -208.731E+03  
              120.75E-06        -198.182E+03  
              121.5E-06         -201.078E+03  
              122.25E-06        -145.705E+03  
              123.E-06          -164.559E+03  
              123.75E-06        -154.952E+03  
              124.5E-06         -163.169E+03  
              125.25E-06        -170.896E+03  
              126.E-06          -171.776E+03  
              126.75E-06        -114.072E+03  
              127.5E-06         -114.075E+03  
              128.25E-06        -112.51E+03   
              129.E-06          -122.047E+03  
              129.75E-06        -121.289E+03  
              130.5E-06         -118.935E+03  
              131.25E-06        -133.588E+03  
              132.E-06          -142.332E+03  
              132.75E-06        -143.26E+03   
              133.5E-06         -146.224E+03  
              134.25E-06        -155.944E+03  
              135.E-06          -162.295E+03  
              135.75E-06        -166.766E+03  
              136.5E-06         -169.704E+03  
              137.25E-06        -173.724E+03  
              138.E-06          -175.644E+03  
              138.75E-06        -179.002E+03  
              139.5E-06         -178.15E+03   
              140.25E-06        -175.382E+03  
              141.E-06          -178.173E+03  
              141.75E-06        -186.15E+03   
              142.5E-06         -195.68E+03   
              143.25E-06        -180.72E+03   
              144.E-06          -182.168E+03  
              144.75E-06        -177.227E+03  
              145.5E-06         -203.268E+03  
              146.25E-06        -208.993E+03  
              147.E-06          -207.018E+03  
              147.75E-06        -198.854E+03  
              148.5E-06         -205.706E+03  
              149.25E-06        -204.673E+03  
              150.E-06          -214.005E+03  
              150.75E-06        -215.605E+03  
              151.5E-06         -221.532E+03  
              152.25E-06        -221.394E+03  
              153.E-06          -223.844E+03  
              153.75E-06        -190.11E+03   
              154.5E-06         -178.2E+03    
              155.25E-06        -165.184E+03  
              156.E-06          -175.475E+03  
              156.75E-06        -177.074E+03  
              157.5E-06         -175.855E+03  
              158.25E-06        -174.075E+03  
              159.E-06          -176.999E+03  
              159.75E-06        -195.155E+03  
              160.5E-06         -210.784E+03  
              161.25E-06        -207.95E+03   
              162.E-06          -199.668E+03  
              162.75E-06        -208.004E+03  
              163.5E-06         -204.835E+03  
              164.25E-06        -206.342E+03  
              165.E-06          -207.467E+03  
              165.75E-06        -209.358E+03  
              166.5E-06         -210.861E+03  
              167.25E-06        -209.486E+03  
              168.E-06          -209.19E+03   
              168.75E-06        -210.945E+03  
              169.5E-06         -213.404E+03  
              170.25E-06        -213.18E+03   
              171.E-06          -214.366E+03  
              171.75E-06        -196.211E+03  
              172.5E-06         -204.601E+03  
              173.25E-06        -202.667E+03  
              174.E-06          -207.308E+03  
              174.75E-06        -213.033E+03  
              175.5E-06         -217.008E+03  
              176.25E-06        -222.392E+03  
              177.E-06          -236.621E+03  
              177.75E-06        -222.665E+03  
              178.5E-06         -229.085E+03  
              179.25E-06        -224.828E+03  
              180.E-06          -230.125E+03  
              180.75E-06        -238.943E+03  
              181.5E-06         -210.979E+03  
              182.25E-06        -216.338E+03  
              183.E-06          -215.931E+03  
              183.75E-06        -207.104E+03  
              184.5E-06         -211.284E+03  
              185.25E-06        -215.365E+03  
              186.E-06          -215.202E+03  
              186.75E-06        -215.596E+03  
              187.5E-06         -218.707E+03  
              188.25E-06        -219.986E+03  
              189.E-06          -219.2E+03    
              189.75E-06        -221.706E+03  
              190.5E-06         -184.939E+03  
              191.25E-06        -182.506E+03  
              192.E-06          -176.779E+03  
              192.75E-06        -178.501E+03  
              193.5E-06         -184.091E+03  
              194.25E-06        -190.612E+03  
              195.E-06          -194.943E+03  
              195.75E-06        -192.557E+03  
              196.5E-06         -204.299E+03  
              197.25E-06        -207.451E+03  
              198.E-06          -223.876E+03  
              198.75E-06        -231.72E+03   
              199.5E-06         -239.977E+03  
              200.25E-06        -241.618E+03  
              201.E-06          -241.382E+03  
              201.75E-06        -244.44E+03   
              202.5E-06         -245.729E+03  
              203.25E-06        -247.043E+03  
              204.E-06          -249.073E+03  
              204.75E-06        -249.58E+03   
              205.5E-06         -250.582E+03  
              206.25E-06        -250.29E+03   
              207.E-06          -250.78E+03   
              207.75E-06        -249.857E+03  
              208.5E-06         -218.228E+03  
              209.25E-06        -219.603E+03  
              210.E-06          -211.624E+03  
              210.75E-06        -221.371E+03  
              211.5E-06         -222.489E+03  
              212.25E-06        -224.236E+03  
              213.E-06          -223.386E+03  
              213.75E-06        -229.69E+03   
              214.5E-06         -242.652E+03  
              215.25E-06        -244.574E+03  
              216.E-06          -250.674E+03  
              216.75E-06        -248.588E+03  
              217.5E-06         -219.87E+03   
              218.25E-06        -234.146E+03  
              219.E-06          -231.376E+03  
              219.75E-06        -238.174E+03  
              220.5E-06         -238.122E+03  
              221.25E-06        -239.844E+03  
              222.E-06          -239.723E+03  
              222.75E-06        -238.651E+03  
              223.5E-06         -242.627E+03  
              224.25E-06        -207.14E+03   
              225.E-06          -214.753E+03  
              225.75E-06        -194.778E+03  
              226.5E-06         -195.442E+03  
              227.25E-06        -202.108E+03  
              228.E-06          -207.851E+03  
              228.75E-06        -216.942E+03  
              229.5E-06         -214.255E+03  
              230.25E-06        -217.523E+03  
              231.E-06          -219.161E+03  
              231.75E-06        -221.037E+03  
              232.5E-06         -213.068E+03  
              233.25E-06        -215.515E+03  
              234.E-06          -215.837E+03  
              234.75E-06        -215.552E+03  
              235.5E-06         -217.822E+03  
              236.25E-06        -219.479E+03  
              237.E-06          -219.11E+03   
              237.75E-06        -220.092E+03  
              238.5E-06         -221.582E+03  
              239.25E-06        -199.207E+03  
              240.E-06          -188.808E+03  
              240.75E-06        -184.217E+03  
              241.5E-06         -194.381E+03  
              242.25E-06        -207.509E+03  
              243.E-06          -214.039E+03  
              243.75E-06        -217.382E+03  
              244.5E-06         -223.282E+03  
              245.25E-06        -226.398E+03  
              246.E-06          -231.605E+03  
              246.75E-06        -237.607E+03  
              247.5E-06         -241.395E+03  
              248.25E-06        -244.229E+03  
              249.E-06          -245.718E+03  
              249.75E-06        -245.806E+03  
              250.5E-06         -248.363E+03  
              251.25E-06        -249.341E+03  
              252.E-06          -250.115E+03  
              252.75E-06        -254.017E+03  
              253.5E-06         -254.449E+03  
              254.25E-06        -254.964E+03  
              255.E-06          -256.053E+03  
              255.75E-06        -257.176E+03  
              256.5E-06         -258.965E+03  
              257.25E-06        -249.561E+03  
              258.E-06          -263.574E+03  
              258.75E-06        -272.706E+03  
              259.5E-06         -271.918E+03  
              260.25E-06        -277.412E+03  
              261.E-06          -277.965E+03  
              261.75E-06        -270.344E+03  
              262.5E-06         -272.292E+03  
              263.25E-06        -274.104E+03  
              264.E-06          -277.051E+03  
              264.75E-06        -275.962E+03  
              265.5E-06         -276.984E+03  
              266.25E-06        -268.057E+03  
              267.E-06          -275.095E+03  
              267.75E-06        -244.858E+03  
              268.5E-06         -253.923E+03  
              269.25E-06        -245.858E+03  
              270.E-06          -258.744E+03  
              270.75E-06        -261.171E+03  
              271.5E-06         -270.991E+03  
              272.25E-06        -275.111E+03  
              273.E-06          -267.841E+03  
              273.75E-06        -269.198E+03  
              274.5E-06         -262.969E+03  
              275.25E-06        -264.599E+03  
              276.E-06          -254.721E+03  
              276.75E-06        -256.929E+03  
              277.5E-06         -226.43E+03   
              278.25E-06        -211.71E+03   
              279.E-06          -212.212E+03  
              279.75E-06        -224.668E+03  
              280.5E-06         -229.343E+03  
              281.25E-06        -234.589E+03  
              282.E-06          -225.96E+03   
              282.75E-06        -133.589E+03  
              283.5E-06         -144.293E+03  
              284.25E-06        -176.559E+03  
              285.E-06          -171.1E+03    
              285.75E-06        -178.085E+03  
              286.5E-06         -181.234E+03  
              287.25E-06        -177.479E+03  
              288.E-06          -179.417E+03  
              288.75E-06        -164.034E+03  
              289.5E-06         -166.734E+03  
              290.25E-06        -173.139E+03  
              291.E-06          -176.791E+03  
              291.75E-06        -185.881E+03  
              292.5E-06         -188.702E+03  
              293.25E-06        -194.691E+03  
              294.E-06          -202.051E+03  
              294.75E-06        -200.247E+03  
              295.5E-06         -201.295E+03  
              296.25E-06        -194.767E+03  
              297.E-06          -193.743E+03  
              297.75E-06        -194.5E+03    
              298.5E-06         -211.472E+03  
              299.25E-06        -205.945E+03  
              300.E-06          -203.675E+03  
              300.75E-06        -209.057E+03  
              301.5E-06         -210.835E+03  
              302.25E-06        -211.247E+03  
              303.E-06          -216.879E+03  
              303.75E-06        -216.934E+03  
              304.5E-06         -211.28E+03   
              305.25E-06        -217.305E+03  
              306.E-06          -215.988E+03  
              306.75E-06        -223.608E+03  
              307.5E-06         -224.453E+03  
              308.25E-06        -219.629E+03  
              309.E-06          -230.343E+03  
              309.75E-06        -220.685E+03  
              310.5E-06         -226.352E+03  
              311.25E-06        -229.505E+03  
              312.E-06          -238.422E+03  
              312.75E-06        -240.24E+03   
              313.5E-06         -214.815E+03  
              314.25E-06        -213.723E+03  
              315.E-06          -197.008E+03  
              315.75E-06        -211.986E+03  
              316.5E-06         -223.408E+03  
              317.25E-06        -231.038E+03  
              318.E-06          -237.686E+03  
              318.75E-06        -238.611E+03  
              319.5E-06         -245.517E+03  
              320.25E-06        -243.717E+03  
              321.E-06          -245.948E+03  
              321.75E-06        -248.512E+03  
              322.5E-06         -249.525E+03  
              323.25E-06        -249.128E+03  
              324.E-06          -212.583E+03  
              324.75E-06        -220.38E+03   
              325.5E-06         -228.912E+03  
              326.25E-06        -232.156E+03  
              327.E-06          -235.43E+03   
              327.75E-06        -241.469E+03  
              328.5E-06         -251.274E+03  
              329.25E-06        -256.726E+03  
              330.E-06          -255.051E+03  
              330.75E-06        -258.905E+03  
              331.5E-06         -260.631E+03  
              332.25E-06        -261.778E+03  
              333.E-06          -259.343E+03  
              333.75E-06        -261.604E+03  
              334.5E-06         -257.079E+03  
              335.25E-06        -232.757E+03  
              336.E-06          -249.513E+03  
              336.75E-06        -251.992E+03  
              337.5E-06         -258.446E+03  
              338.25E-06        -259.642E+03  
              339.E-06          -261.745E+03  
              339.75E-06        -263.253E+03  
              340.5E-06         -263.347E+03  
              341.25E-06        -258.502E+03  
              342.E-06          -236.241E+03  
              342.75E-06        -239.179E+03  
              343.5E-06         -245.153E+03  
              344.25E-06        -248.567E+03  
              345.E-06          -257.718E+03  
              345.75E-06        -245.541E+03  
              346.5E-06         -253.531E+03  
              347.25E-06        -257.923E+03  
              348.E-06          -194.78E+03   
              348.75E-06        -222.094E+03  
              349.5E-06         -246.135E+03  
              350.25E-06        -245.201E+03  
              351.E-06          -258.644E+03  
              351.75E-06        -257.343E+03  
              352.5E-06         -258.85E+03   
              353.25E-06        -259.463E+03  
              354.E-06          -262.163E+03  
              354.75E-06        -263.126E+03  
              355.5E-06         -237.673E+03  
              356.25E-06        -246.638E+03  
              357.E-06          -255.887E+03  
              357.75E-06        -253.934E+03  
              358.5E-06         -258.389E+03  
              359.25E-06        -270.836E+03  
              360.E-06          -274.216E+03  
              360.75E-06        -273.264E+03  
              361.5E-06         -277.12E+03   
              362.25E-06        -272.905E+03  
              363.E-06          -275.322E+03  
              363.75E-06        -274.453E+03  
              364.5E-06         -273.491E+03  
              365.25E-06        -269.477E+03  
              366.E-06          -260.447E+03  
              366.75E-06        -232.72E+03   
              367.5E-06         -246.897E+03  
              368.25E-06        -250.562E+03  
              369.E-06          -254.959E+03  
              369.75E-06        -217.536E+03  
              370.5E-06         -238.934E+03  
              371.25E-06        -258.978E+03  
              372.E-06          -286.182E+03  
              372.75E-06        -285.997E+03  
              373.5E-06         -293.28E+03   
              374.25E-06        -293.205E+03  
              375.E-06          -257.839E+03  
              375.75E-06        -267.704E+03  
              376.5E-06         -233.427E+03  
              377.25E-06        -259.167E+03  
              378.E-06          -260.624E+03  
              378.75E-06        -262.931E+03  
              379.5E-06         -265.798E+03  
              380.25E-06        -265.816E+03  
              381.E-06          -260.897E+03  
              381.75E-06        -264.224E+03  
              382.5E-06         -230.286E+03  
              383.25E-06        -208.043E+03  
              384.E-06          -221.231E+03  
              384.75E-06        -236.273E+03  
              385.5E-06         -247.033E+03  
              386.25E-06        -271.623E+03  
              387.E-06          -275.113E+03  
              387.75E-06        -273.85E+03   
              388.5E-06         -272.173E+03  
              389.25E-06        -284.373E+03  
              390.E-06          -302.493E+03  
              390.75E-06        -296.271E+03  
              391.5E-06         -299.107E+03  
              392.25E-06        -306.797E+03  
              393.E-06          -302.876E+03  
              393.75E-06        -294.911E+03  
              394.5E-06         -297.419E+03  
              395.25E-06        -299.353E+03  
              396.E-06          -294.939E+03  
              396.75E-06        -251.948E+03  
              397.5E-06         -270.703E+03  
              398.25E-06        -278.57E+03   
              399.E-06          -277.3E+03    
              399.75E-06        -272.75E+03   
              400.5E-06         -270.466E+03  
              401.25E-06        -278.394E+03  
              402.E-06          -274.545E+03  
              402.75E-06        -281.312E+03  
              403.5E-06         -289.543E+03  
              404.25E-06        -286.321E+03  
              405.E-06          -284.062E+03  
              405.75E-06        -288.567E+03  
              406.5E-06         -307.469E+03  
              407.25E-06        -285.646E+03  
              408.E-06          -268.316E+03  
              408.75E-06        -273.983E+03  
              409.5E-06         -276.761E+03  
              410.25E-06        -286.627E+03  
              411.E-06          -277.916E+03  
              411.75E-06        -266.93E+03   
              412.5E-06         -272.771E+03  
              413.25E-06        -275.946E+03  
              414.E-06          -251.63E+03   
              414.75E-06        -226.225E+03  
              415.5E-06         -250.172E+03  
              416.25E-06        -260.961E+03  
              417.E-06          -234.282E+03  
              417.75E-06        -252.902E+03  
              418.5E-06         -259.878E+03  
              419.25E-06        -262.115E+03  
              420.E-06          -260.68E+03   
              420.75E-06        -270.718E+03  
              421.5E-06         -287.29E+03   
              422.25E-06        -259.54E+03   
              423.E-06          -272.243E+03  
              423.75E-06        -273.911E+03  
              424.5E-06         -249.48E+03   
              425.25E-06        -262.612E+03  
              426.E-06          -272.752E+03  
              426.75E-06        -282.774E+03  
              427.5E-06         -293.438E+03  
              428.25E-06        -285.274E+03  
              429.E-06          -291.507E+03  
              429.75E-06        -300.633E+03  
              430.5E-06         -308.032E+03  
              431.25E-06        -315.236E+03  
              432.E-06          -311.595E+03  
              432.75E-06        -265.465E+03  
              433.5E-06         -270.11E+03   
              434.25E-06        -273.909E+03  
              435.E-06          -266.141E+03  
              435.75E-06        -285.607E+03  
              436.5E-06         -282.574E+03  
              437.25E-06        -299.701E+03  
              438.E-06          -315.495E+03  
              438.75E-06        -312.762E+03  
              439.5E-06         -299.491E+03  
              440.25E-06        -305.056E+03  
              441.E-06          -311.623E+03  
              441.75E-06        -321.714E+03  
              442.5E-06         -330.599E+03  
              443.25E-06        -325.372E+03  
              444.E-06          -290.064E+03  
              444.75E-06        -299.241E+03  
              445.5E-06         -300.286E+03  
              446.25E-06        -304.695E+03  
              447.E-06          -306.767E+03  
              447.75E-06        -300.563E+03  
              448.5E-06         -301.898E+03  
              449.25E-06        -295.96E+03   
              450.E-06          -291.928E+03  
              450.75E-06        -292.858E+03  
              451.5E-06         -299.753E+03  
              452.25E-06        -319.42E+03   
              453.E-06          -316.966E+03  
              453.75E-06        -319.308E+03  
              454.5E-06         -322.213E+03  
              455.25E-06        -324.173E+03  
              456.E-06          -328.183E+03  
              456.75E-06        -327.428E+03  
              457.5E-06         -326.703E+03  
              458.25E-06        -329.517E+03  
              459.E-06          -329.097E+03  
              459.75E-06        -328.767E+03  
              460.5E-06         -319.73E+03   
              461.25E-06        -325.355E+03  
              462.E-06          -324.084E+03  
              462.75E-06        -280.676E+03  
              463.5E-06         -309.229E+03  
              464.25E-06        -306.693E+03  
              465.E-06          -317.046E+03  
              465.75E-06        -322.801E+03  
              466.5E-06         -284.064E+03  
              467.25E-06        -289.525E+03  
              468.E-06          -269.838E+03  
              468.75E-06        -286.024E+03  
              469.5E-06         -267.114E+03  
              470.25E-06        -246.421E+03  
              471.E-06          -264.289E+03  
              471.75E-06        -279.95E+03   
              472.5E-06         -270.816E+03  
              473.25E-06        -207.406E+03  
              474.E-06          -206.085E+03  
              474.75E-06        -228.428E+03  
              475.5E-06         -252.135E+03  
              476.25E-06        -279.647E+03  
              477.E-06          -281.584E+03  
              477.75E-06        -287.789E+03  
              478.5E-06         -274.796E+03  
              479.25E-06        -277.143E+03  
              480.E-06          -276.808E+03  
              480.75E-06        -288.154E+03  
              481.5E-06         -289.227E+03  
              482.25E-06        -295.803E+03  
              483.E-06          -292.621E+03  
              483.75E-06        -290.818E+03  
              484.5E-06         -216.514E+03  
              485.25E-06        -202.729E+03  
              486.E-06          -231.422E+03  
              486.75E-06        -245.711E+03  
              487.5E-06         -262.714E+03  
              488.25E-06        -281.202E+03  
              489.E-06          -305.389E+03  
              489.75E-06        -262.534E+03  
              490.5E-06         -262.285E+03  
              491.25E-06        -271.112E+03  
              492.E-06          -283.795E+03  
              492.75E-06        -290.24E+03   
              493.5E-06         -300.045E+03  
              494.25E-06        -302.094E+03  
              495.E-06          -307.613E+03  
              495.75E-06        -302.741E+03  
              496.5E-06         -298.22E+03   
              497.25E-06        -312.257E+03  
              498.E-06          -315.365E+03  
              498.75E-06        -311.944E+03  
              499.5E-06         -312.501E+03  
              500.25E-06        -316.988E+03  
              501.E-06          -293.551E+03  
              501.75E-06        -261.668E+03  
              502.5E-06         -289.466E+03  
              503.25E-06        -308.955E+03  
              504.E-06          -319.53E+03   
              504.75E-06        -300.1E+03    
              505.5E-06         -296.67E+03   
              506.25E-06        -295.918E+03  
              507.E-06          -309.034E+03  
              507.75E-06        -265.796E+03  
              508.5E-06         -277.945E+03  
              509.25E-06        -283.394E+03  
              510.E-06          -294.971E+03  
              510.75E-06        -296.465E+03  
              511.5E-06         -234.37E+03   
              512.25E-06        -271.329E+03  
              513.E-06          -284.78E+03   
              513.75E-06        -284.737E+03  
              514.5E-06         -296.664E+03  
              515.25E-06        -306.119E+03  
              516.E-06          -313.692E+03  
              516.75E-06        -320.864E+03  
              517.5E-06         -323.817E+03  
              518.25E-06        -327.498E+03  
              519.E-06          -331.882E+03  
              519.75E-06        -332.924E+03  
              520.5E-06         -333.837E+03  
              521.25E-06        -337.402E+03  
              522.E-06          -333.674E+03  
              522.75E-06        -329.766E+03  
              523.5E-06         -319.415E+03  
              524.25E-06        -328.037E+03  
              525.E-06          -333.054E+03  
              525.75E-06        -340.033E+03  
              526.5E-06         -354.723E+03  
              527.25E-06        -312.012E+03  
              528.E-06          -324.109E+03  
              528.75E-06        -335.599E+03  
              529.5E-06         -323.003E+03  
              530.25E-06        -322.295E+03  
              531.E-06          -328.471E+03  
              531.75E-06        -331.509E+03  
              532.5E-06         -331.295E+03  
              533.25E-06        -331.28E+03   
              534.E-06          -339.436E+03  
              534.75E-06        -311.508E+03  
              535.5E-06         -306.945E+03  
              536.25E-06        -311.644E+03  
              537.E-06          -302.138E+03  
              537.75E-06        -313.982E+03  
              538.5E-06         -310.082E+03  
              539.25E-06        -319.991E+03  
              540.E-06          -331.259E+03  
              540.75E-06        -337.66E+03   
              541.5E-06         -328.942E+03  
              542.25E-06        -333.555E+03  
              543.E-06          -338.886E+03  
              543.75E-06        -340.291E+03  
              544.5E-06         -348.979E+03  
              545.25E-06        -337.636E+03  
              546.E-06          -338.55E+03   
              546.75E-06        -336.972E+03  
              547.5E-06         -334.206E+03  
              548.25E-06        -341.518E+03  
              549.E-06          -341.282E+03  
              549.75E-06        -266.336E+03  
              550.5E-06         -243.844E+03  
              551.25E-06        -232.22E+03   
              552.E-06          -251.306E+03  
              552.75E-06        -262.707E+03  
              553.5E-06         -272.557E+03  
              554.25E-06        -260.766E+03  
              555.E-06          -243.275E+03  
              555.75E-06        -242.56E+03   
              556.5E-06         -251.975E+03  
              557.25E-06        -255.127E+03  
              558.E-06          -253.391E+03  
              558.75E-06        -257.453E+03  
              559.5E-06         -260.807E+03  
              560.25E-06        -264.208E+03  
              561.E-06          -269.905E+03  
              561.75E-06        -261.052E+03  
              562.5E-06         -245.886E+03  
              563.25E-06        -259.292E+03  
              564.E-06          -234.996E+03  
              564.75E-06        -241.274E+03  
              565.5E-06         -253.553E+03  
              566.25E-06        -261.535E+03  
              567.E-06          -262.163E+03  
              567.75E-06        -269.599E+03  
              568.5E-06         -274.411E+03  
              569.25E-06        -271.274E+03  
              570.E-06          -271.364E+03  
              570.75E-06        -273.606E+03  
              571.5E-06         -260.427E+03  
              572.25E-06        -262.601E+03  
              573.E-06          -262.817E+03  
              573.75E-06        -269.809E+03  
              574.5E-06         -230.042E+03  
              575.25E-06        -217.325E+03  
              576.E-06          -225.565E+03  
              576.75E-06        -216.984E+03  
              577.5E-06         -224.359E+03  
              578.25E-06        -234.404E+03  
              579.E-06          -234.267E+03  
              579.75E-06        -239.207E+03  
              580.5E-06         -248.459E+03  
              581.25E-06        -255.269E+03  
              582.E-06          -246.68E+03   
              582.75E-06        -255.419E+03  
              583.5E-06         -255.217E+03  
              584.25E-06        -226.467E+03  
              585.E-06          -240.892E+03  
              585.75E-06        -235.811E+03  
              586.5E-06         -244.11E+03   
              587.25E-06        -247.554E+03  
              588.E-06          -247.807E+03  
              588.75E-06        -249.761E+03  
              589.5E-06         -252.998E+03  
              590.25E-06        -249.369E+03  
              591.E-06          -250.107E+03  
              591.75E-06        -243.681E+03  
              592.5E-06         -246.983E+03  
              593.25E-06        -235.584E+03  
              594.E-06          -237.524E+03  
              594.75E-06        -260.321E+03  
              595.5E-06         -276.704E+03  
              596.25E-06        -266.869E+03  
              597.E-06          -260.815E+03  
              597.75E-06        -258.48E+03   
              598.5E-06         -257.271E+03  
              599.25E-06        -252.481E+03  
              600.E-06          -253.342E+03  
              600.75E-06        -240.385E+03  
              601.5E-06         -252.168E+03  
              602.25E-06        -267.501E+03  
              603.E-06          -271.533E+03  
              603.75E-06        -258.11E+03   
              604.5E-06         -268.754E+03  
              605.25E-06        -263.944E+03  
              606.E-06          -263.443E+03  
              606.75E-06        -261.097E+03  
              607.5E-06         -264.92E+03   
              608.25E-06        -215.575E+03  
              609.E-06          -218.998E+03  
              609.75E-06        -217.211E+03  
              610.5E-06         -234.205E+03  
              611.25E-06        -230.954E+03  
              612.E-06          -238.991E+03  
              612.75E-06        -230.866E+03  
              613.5E-06         -243.814E+03  
              614.25E-06        -252.665E+03  
              615.E-06          -254.429E+03  
              615.75E-06        -246.122E+03  
              616.5E-06         -246.693E+03  
              617.25E-06        -251.029E+03  
              618.E-06          -260.356E+03  
              618.75E-06        -254.988E+03  
              619.5E-06         -255.862E+03  
              620.25E-06        -261.041E+03  
              621.E-06          -258.693E+03  
              621.75E-06        -249.735E+03  
              622.5E-06         -263.595E+03  
              623.25E-06        -262.645E+03  
              624.E-06          -276.588E+03  
              624.75E-06        -300.621E+03  
              625.5E-06         -307.566E+03  
              626.25E-06        -305.264E+03  
              627.E-06          -306.225E+03  
              627.75E-06        -296.731E+03  
              628.5E-06         -289.676E+03  
              629.25E-06        -280.916E+03  
              630.E-06          -227.815E+03  
              630.75E-06        -243.687E+03  
              631.5E-06         -252.727E+03  
              632.25E-06        -262.932E+03  
              633.E-06          -267.882E+03  
              633.75E-06        -262.091E+03  
              634.5E-06         -252.702E+03  
              635.25E-06        -251.617E+03  
              636.E-06          -263.193E+03  
              636.75E-06        -267.818E+03  
              637.5E-06         -260.697E+03  
              638.25E-06        -253.257E+03  
              639.E-06          -221.581E+03  
              639.75E-06        -218.986E+03  
              640.5E-06         -234.228E+03  
              641.25E-06        -236.009E+03  
              642.E-06          -191.856E+03  
              642.75E-06        -202.026E+03  
              643.5E-06         -183.044E+03  
              644.25E-06        -197.815E+03  
              645.E-06          -208.03E+03   
              645.75E-06        -218.022E+03  
              646.5E-06         -233.072E+03  
              647.25E-06        -235.202E+03  
              648.E-06          -231.285E+03  
              648.75E-06        -214.917E+03  
              649.5E-06         -224.172E+03  
              650.25E-06        -210.987E+03  
              651.E-06          -223.446E+03  
              651.75E-06        -225.143E+03  
              652.5E-06         -228.93E+03   
              653.25E-06        -236.191E+03  
              654.E-06          -246.119E+03  
              654.75E-06        -249.713E+03  
              655.5E-06         -217.605E+03  
              656.25E-06        -240.425E+03  
              657.E-06          -239.388E+03  
              657.75E-06        -247.689E+03  
              658.5E-06         -247.017E+03  
              659.25E-06        -244.492E+03  
              660.E-06          -257.29E+03   
              660.75E-06        -253.931E+03  
              661.5E-06         -255.752E+03  
              662.25E-06        -259.697E+03  
              663.E-06          -263.053E+03  
              663.75E-06        -265.108E+03  
              664.5E-06         -259.922E+03  
              665.25E-06        -258.293E+03  
              666.E-06          -256.122E+03  
              666.75E-06        -270.038E+03  
              667.5E-06         -274.516E+03  
              668.25E-06        -272.615E+03  
              669.E-06          -282.208E+03  
              669.75E-06        -281.36E+03   
              670.5E-06         -267.902E+03  
              671.25E-06        -272.651E+03  
              672.E-06          -275.918E+03  
              672.75E-06        -283.917E+03  
              673.5E-06         -280.314E+03  
              674.25E-06        -275.582E+03  
              675.E-06          -272.422E+03  
              675.75E-06        -268.603E+03  
              676.5E-06         -275.971E+03  
              677.25E-06        -280.321E+03  
              678.E-06          -234.592E+03  
              678.75E-06        -229.865E+03  
              679.5E-06         -238.06E+03   
              680.25E-06        -247.459E+03  
              681.E-06          -255.286E+03  
              681.75E-06        -256.037E+03  
              682.5E-06         -244.589E+03  
              683.25E-06        -237.736E+03  
              684.E-06          -247.419E+03  
              684.75E-06        -260.329E+03  
              685.5E-06         -259.444E+03  
              686.25E-06        -262.899E+03  
              687.E-06          -266.469E+03  
              687.75E-06        -259.613E+03  
              688.5E-06         -249.5E+03    
              689.25E-06        -263.839E+03  
              690.E-06          -259.719E+03  
              690.75E-06        -284.125E+03  
              691.5E-06         -269.659E+03  
              692.25E-06        -267.299E+03  
              693.E-06          -264.312E+03  
              693.75E-06        -258.326E+03  
              694.5E-06         -260.038E+03  
              695.25E-06        -263.025E+03  
              696.E-06          -260.136E+03  
              696.75E-06        -256.537E+03  
              697.5E-06         -255.171E+03  
              698.25E-06        -256.997E+03  
              699.E-06          -246.617E+03  
              699.75E-06        -250.132E+03  
              700.5E-06         -238.984E+03  
              701.25E-06        -248.749E+03  
              702.E-06          -262.328E+03  
              702.75E-06        -255.822E+03  
              703.5E-06         -269.778E+03  
              704.25E-06        -289.649E+03  
              705.E-06          -279.509E+03  
              705.75E-06        -283.266E+03  
              706.5E-06         -283.8E+03    
              707.25E-06        -287.813E+03  
              708.E-06          -274.442E+03  
              708.75E-06        -279.535E+03  
              709.5E-06         -278.845E+03  
              710.25E-06        -271.776E+03  
              711.E-06          -270.988E+03  
              711.75E-06        -284.646E+03  
              712.5E-06         -279.021E+03  
              713.25E-06        -286.546E+03  
              714.E-06          -277.679E+03  
              714.75E-06        -289.816E+03  
              715.5E-06         -287.724E+03  
              716.25E-06        -288.305E+03  
              717.E-06          -276.063E+03  
              717.75E-06        -282.917E+03  
              718.5E-06         -293.321E+03  
              719.25E-06        -300.936E+03  
              720.E-06          -290.974E+03  
              720.75E-06        -292.447E+03  
              721.5E-06         -286.252E+03  
              722.25E-06        -282.828E+03  
              723.E-06          -296.177E+03  
              723.75E-06        -299.965E+03  
              724.5E-06         -291.686E+03  
              725.25E-06        -283.276E+03  
              726.E-06          -278.863E+03  
              726.75E-06        -279.855E+03  
              727.5E-06         -253.322E+03  
              728.25E-06        -267.891E+03  
              729.E-06          -259.02E+03   
              729.75E-06        -265.604E+03  
              730.5E-06         -274.158E+03  
              731.25E-06        -266.781E+03  
              732.E-06          -265.781E+03  
              732.75E-06        -266.292E+03  
              733.5E-06         -277.72E+03   
              734.25E-06        -252.16E+03   
              735.E-06          -233.913E+03  
              735.75E-06        -241.898E+03  
              736.5E-06         -246.102E+03  
              737.25E-06        -263.622E+03  
              738.E-06          -268.037E+03  
              738.75E-06        -256.904E+03  
              739.5E-06         -268.147E+03  
              740.25E-06        -275.091E+03  
              741.E-06          -278.88E+03   
              741.75E-06        -288.895E+03  
              742.5E-06         -283.615E+03  
              743.25E-06        -276.584E+03  
              744.E-06          -286.909E+03  
              744.75E-06        -289.844E+03  
              745.5E-06         -292.137E+03  
              746.25E-06        -300.177E+03  
              747.E-06          -291.063E+03  
              747.75E-06        -286.614E+03  
              748.5E-06         -283.391E+03  
              749.25E-06        -290.346E+03  
              750.E-06          -275.052E+03  
              750.75E-06        -269.69E+03   
              751.5E-06         -278.28E+03   
              752.25E-06        -288.668E+03  
              753.E-06          -303.144E+03  
              753.75E-06        -302.118E+03  
              754.5E-06         -313.534E+03  
              755.25E-06        -322.867E+03  
              756.E-06          -299.731E+03  
              756.75E-06        -295.855E+03  
              757.5E-06         -287.89E+03   
              758.25E-06        -297.787E+03  
              759.E-06          -292.378E+03  
              759.75E-06        -290.255E+03  
              760.5E-06         -291.334E+03  
              761.25E-06        -287.71E+03   
              762.E-06          -303.002E+03  
              762.75E-06        -296.25E+03   
              763.5E-06         -304.51E+03   
              764.25E-06        -290.986E+03  
              765.E-06          -248.698E+03  
              765.75E-06        -272.476E+03  
              766.5E-06         -271.17E+03   
              767.25E-06        -267.677E+03  
              768.E-06          -283.157E+03  
              768.75E-06        -295.717E+03  
              769.5E-06         -304.414E+03  
              770.25E-06        -291.681E+03  
              771.E-06          -284.466E+03  
              771.75E-06        -292.733E+03  
              772.5E-06         -295.563E+03  
              773.25E-06        -301.895E+03  
              774.E-06          -296.414E+03  
              774.75E-06        -299.671E+03  
              775.5E-06         -292.253E+03  
              776.25E-06        -295.179E+03  
              777.E-06          -311.459E+03  
              777.75E-06        -282.503E+03  
              778.5E-06         -277.501E+03  
              779.25E-06        -263.709E+03  
              780.E-06          -282.717E+03  
              780.75E-06        -248.191E+03  
              781.5E-06         -266.78E+03   
              782.25E-06        -265.618E+03  
              783.E-06          -276.116E+03  
              783.75E-06        -276.172E+03  
              784.5E-06         -264.095E+03  
              785.25E-06        -279.087E+03  
              786.E-06          -296.361E+03  
              786.75E-06        -287.26E+03   
              787.5E-06         -295.979E+03  
              788.25E-06        -294.557E+03  
              789.E-06          -292.941E+03  
              789.75E-06        -291.851E+03  
              790.5E-06         -295.555E+03  
              791.25E-06        -291.622E+03  
              792.E-06          -282.195E+03  
              792.75E-06        -280.903E+03  
              793.5E-06         -272.574E+03  
              794.25E-06        -275.529E+03  
              795.E-06          -281.514E+03  
              795.75E-06        -289.722E+03  
              796.5E-06         -300.307E+03  
              797.25E-06        -292.469E+03  
              798.E-06          -277.912E+03  
              798.75E-06        -279.774E+03  
              799.5E-06         -288.246E+03  
              800.25E-06        -303.348E+03  
              801.E-06          -309.549E+03  
              801.75E-06        -325.384E+03  
              802.5E-06         -298.563E+03  
              803.25E-06        -276.037E+03  
              804.E-06          -298.675E+03  
              804.75E-06        -302.906E+03  
              805.5E-06         -305.706E+03  
              806.25E-06        -319.224E+03  
              807.E-06          -310.21E+03   
              807.75E-06        -307.167E+03  
              808.5E-06         -300.796E+03  
              809.25E-06        -314.972E+03  
              810.E-06          -293.373E+03  
              810.75E-06        -294.716E+03  
              811.5E-06         -296.703E+03  
              812.25E-06        -310.61E+03   
              813.E-06          -304.478E+03  
              813.75E-06        -304.153E+03  
              814.5E-06         -294.87E+03   
              815.25E-06        -303.632E+03  
              816.E-06          -272.679E+03  
              816.75E-06        -243.972E+03  
              817.5E-06         -240.627E+03  
              818.25E-06        -248.801E+03  
              819.E-06          -247.256E+03  
              819.75E-06        -255.858E+03  
              820.5E-06         -272.334E+03  
              821.25E-06        -279.366E+03  
              822.E-06          -279.05E+03   
              822.75E-06        -247.762E+03  
              823.5E-06         -258.102E+03  
              824.25E-06        -262.669E+03  
              825.E-06          -281.176E+03  
              825.75E-06        -280.644E+03  
              826.5E-06         -295.061E+03  
              827.25E-06        -296.097E+03  
              828.E-06          -300.298E+03  
              828.75E-06        -288.63E+03   
              829.5E-06         -284.806E+03  
              830.25E-06        -291.016E+03  
              831.E-06          -287.31E+03   
              831.75E-06        -294.984E+03  
              832.5E-06         -307.048E+03  
              833.25E-06        -307.673E+03  
              834.E-06          -280.767E+03  
              834.75E-06        -300.495E+03  
              835.5E-06         -303.76E+03   
              836.25E-06        -305.36E+03   
              837.E-06          -320.715E+03  
              837.75E-06        -319.334E+03  
              838.5E-06         -296.132E+03  
              839.25E-06        -306.113E+03  
              840.E-06          -327.644E+03  
              840.75E-06        -324.269E+03  
              841.5E-06         -315.444E+03  
              842.25E-06        -315.65E+03   
              843.E-06          -345.562E+03  
              843.75E-06        -318.623E+03  
              844.5E-06         -333.699E+03  
              845.25E-06        -346.618E+03  
              846.E-06          -334.513E+03  
              846.75E-06        -292.324E+03  
              847.5E-06         -299.496E+03  
              848.25E-06        -307.993E+03  
              849.E-06          -313.958E+03  
              849.75E-06        -293.736E+03  
              850.5E-06         -317.012E+03  
              851.25E-06        -311.906E+03  
              852.E-06          -327.117E+03  
              852.75E-06        -297.723E+03  
              853.5E-06         -313.585E+03  
              854.25E-06        -329.926E+03  
              855.E-06          -314.516E+03  
              855.75E-06        -322.857E+03  
              856.5E-06         -316.926E+03  
              857.25E-06        -314.426E+03  
              858.E-06          -325.05E+03   
              858.75E-06        -333.16E+03   
              859.5E-06         -316.59E+03   
              860.25E-06        -322.294E+03  
              861.E-06          -316.369E+03  
              861.75E-06        -317.431E+03  
              862.5E-06         -321.567E+03  
              863.25E-06        -321.999E+03  
              864.E-06          -319.967E+03  
              864.75E-06        -328.351E+03  
              865.5E-06         -319.027E+03  
              866.25E-06        -335.493E+03  
              867.E-06          -322.288E+03  
              867.75E-06        -334.882E+03  
              868.5E-06         -273.121E+03  
              869.25E-06        -212.72E+03   
              870.E-06          -193.335E+03  
              870.75E-06        -200.812E+03  
              871.5E-06         -223.067E+03  
              872.25E-06        -219.389E+03  
              873.E-06          -221.844E+03  
              873.75E-06        -222.698E+03  
              874.5E-06         -203.185E+03  
              875.25E-06        -188.714E+03  
              876.E-06          -188.456E+03  
              876.75E-06        -194.512E+03  
              877.5E-06         -195.874E+03  
              878.25E-06        -198.287E+03  
              879.E-06          -201.049E+03  
              879.75E-06        -213.692E+03  
              880.5E-06         -205.217E+03  
              881.25E-06        -233.863E+03  
              882.E-06          -228.603E+03  
              882.75E-06        -234.864E+03  
              883.5E-06         -241.086E+03  
              884.25E-06        -218.253E+03  
              885.E-06          -241.929E+03  
              885.75E-06        -242.082E+03  
              886.5E-06         -244.133E+03  
              887.25E-06        -252.657E+03  
              888.E-06          -232.087E+03  
              888.75E-06        -239.015E+03  
              889.5E-06         -253.117E+03  
              890.25E-06        -229.608E+03  
              891.E-06          -255.306E+03  
              891.75E-06        -241.726E+03  
              892.5E-06         -194.836E+03  
              893.25E-06        -188.015E+03  
              894.E-06          -210.275E+03  
              894.75E-06        -227.541E+03  
              895.5E-06         -226.216E+03  
              896.25E-06        -210.596E+03  
              897.E-06          -232.087E+03  
              897.75E-06        -235.371E+03  
              898.5E-06         -236.403E+03  
              899.25E-06        -226.032E+03  
              900.E-06          -230.595E+03  
              900.75E-06        -247.486E+03  
              901.5E-06         -249.069E+03  
              902.25E-06        -242.875E+03  
              903.E-06          -248.354E+03  
              903.75E-06        -215.473E+03  
              904.5E-06         -240.35E+03   
              905.25E-06        -234.638E+03  
              906.E-06          -228.946E+03  
              906.75E-06        -236.574E+03  
              907.5E-06         -266.681E+03  
              908.25E-06        -269.837E+03  
              909.E-06          -272.985E+03  
              909.75E-06        -265.702E+03  
              910.5E-06         -266.045E+03  
              911.25E-06        -263.7E+03    
              912.E-06          -269.777E+03  
              912.75E-06        -268.318E+03  
              913.5E-06         -262.567E+03  
              914.25E-06        -266.893E+03  
              915.E-06          -210.463E+03  
              915.75E-06        -202.079E+03  
              916.5E-06         -190.354E+03  
              917.25E-06        -213.947E+03  
              918.E-06          -221.843E+03  
              918.75E-06        -213.264E+03  
              919.5E-06         -193.456E+03  
              920.25E-06        -213.955E+03  
              921.E-06          -219.022E+03  
              921.75E-06        -252.228E+03  
              922.5E-06         -235.387E+03  
              923.25E-06        -184.288E+03  
              924.E-06          -220.114E+03  
              924.75E-06        -226.581E+03  
              925.5E-06         -239.807E+03  
              926.25E-06        -247.866E+03  
              927.E-06          -227.382E+03  
              927.75E-06        -252.486E+03  
              928.5E-06         -257.525E+03  
              929.25E-06        -254.951E+03  
              930.E-06          -263.89E+03   
              930.75E-06        -245.238E+03  
              931.5E-06         -230.008E+03  
              932.25E-06        -224.772E+03  
              933.E-06          -244.069E+03  
              933.75E-06        -258.534E+03  
              934.5E-06         -254.581E+03  
              935.25E-06        -258.918E+03  
              936.E-06          -229.913E+03  
              936.75E-06        -236.84E+03   
              937.5E-06         -241.961E+03  
              938.25E-06        -253.117E+03  
              939.E-06          -247.555E+03  
              939.75E-06        -246.951E+03  
              940.5E-06         -261.86E+03   
              941.25E-06        -257.773E+03  
              942.E-06          -255.339E+03  
              942.75E-06        -250.769E+03  
              943.5E-06         -255.77E+03   
              944.25E-06        -276.237E+03  
              945.E-06          -281.146E+03  
              945.75E-06        -264.014E+03  
              946.5E-06         -261.048E+03  
              947.25E-06        -278.112E+03  
              948.E-06          -279.754E+03  
              948.75E-06        -267.314E+03  
              949.5E-06         -265.791E+03  
              950.25E-06        -273.845E+03  
              951.E-06          -241.225E+03  
              951.75E-06        -253.667E+03  
              952.5E-06         -252.634E+03  
              953.25E-06        -269.513E+03  
              954.E-06          -276.057E+03  
              954.75E-06        -265.587E+03  
              955.5E-06         -281.456E+03  
              956.25E-06        -283.794E+03  
              957.E-06          -272.292E+03  
              957.75E-06        -252.918E+03  
              958.5E-06         -234.784E+03  
              959.25E-06        -244.753E+03  
              960.E-06          -254.528E+03  
              960.75E-06        -253.23E+03   
              961.5E-06         -266.67E+03   
              962.25E-06        -267.343E+03  
              963.E-06          -267.622E+03  
              963.75E-06        -273.441E+03  
              964.5E-06         -281.492E+03  
              965.25E-06        -285.852E+03  
              966.E-06          -277.518E+03  
              966.75E-06        -282.369E+03  
              967.5E-06         -282.103E+03  
              968.25E-06        -288.975E+03  
              969.E-06          -279.269E+03  
              969.75E-06        -263.205E+03  
              970.5E-06         -266.204E+03  
              971.25E-06        -220.613E+03  
              972.E-06          -213.996E+03  
              972.75E-06        -218.169E+03  
              973.5E-06         -224.859E+03  
              974.25E-06        -221.724E+03  
              975.E-06          -190.63E+03   
              975.75E-06        -209.998E+03  
              976.5E-06         -188.724E+03  




