
                  X               _temp_2     

                0.                 0.         
                5.00077E-06       34.7355     
               10.0003E-06        49.3272     
               15.0011E-06        10.5493     
               20.0006E-06       -16.5533     
               25.0002E-06       -24.0937     
               30.001E-06        -21.611      
               35.0012E-06      -463.046E-03  
               40.0007E-06         6.98979    
               45.0001E-06         2.51443    
               50.0008E-06        -2.40834    
               55.0002E-06       -10.5391     
               60.0009E-06       -10.2496     
               65.0004E-06        -1.54764    
               70.0011E-06         3.53035    
               75.001E-06       -414.09E-03   
               80.001E-06         -7.35002    
               85.0011E-06       -15.7023     
               90.0011E-06       -21.8797     
               95.0011E-06       -25.8037     
              100.E-06           -27.4058     
              105.E-06           -29.3307     
              110.E-06           -31.6188     
              115.E-06           -33.9804     
              120.E-06           -36.2887     
              125.E-06           -39.7105     
              130.E-06           -43.579      
              135.E-06           -45.0993     
              140.E-06           -46.5022     
              145.E-06           -47.0068     
              150.E-06           -47.7587     
              155.E-06           -48.9638     
              160.E-06           -50.7689     
              165.001E-06        -53.3275     
              170.001E-06        -54.9177     
              175.001E-06        -56.6088     
              180.001E-06        -57.9267     
              185.001E-06        -61.3439     
              190.001E-06        -64.7359     
              195.001E-06        -67.3265     
              200.001E-06        -68.9564     
              205.001E-06        -70.4309     
              210.001E-06        -71.8206     
              215.001E-06        -74.2829     
              220.E-06           -60.7787     
              225.001E-06        -80.83       
              230.E-06           -85.0995     
              235.001E-06        -58.7348     
              240.E-06           -83.4864     
              245.001E-06        -90.8783     
              250.001E-06        -91.8385     
              255.E-06           -97.228      
              260.001E-06       -100.801      
              265.001E-06       -101.781      
              270.E-06          -104.211      
              275.E-06          -104.37       
              280.E-06          -104.704      
              285.E-06          -106.151      
              290.E-06           -81.4538     
              295.001E-06        -90.2339     
              300.E-06          -102.24       
              305.E-06          -110.03       
              310.E-06          -110.586      
              315.E-06          -107.987      
              320.E-06          -112.561      
              325.E-06           -55.3461     
              330.E-06           -74.087      
              335.E-06           -93.9262     
              340.E-06          -107.766      
              345.E-06          -118.508      
              350.001E-06       -113.363      
              355.001E-06       -118.367      
              360.001E-06       -122.329      
              365.001E-06       -124.162      
              370.E-06           -60.8447     
              375.E-06           -90.5003     
              380.E-06          -115.278      
              385.E-06          -123.005      
              390.E-06          -129.258      
              395.E-06          -131.964      
              400.E-06          -134.63       
              405.E-06          -140.227      
              410.E-06          -143.091      
              415.E-06          -144.015      
              420.E-06           -95.6556     
              425.E-06          -125.173      
              430.E-06          -140.841      
              435.E-06          -141.74       
              440.E-06          -153.994      
              445.E-06          -155.902      
              450.E-06          -158.43       
              455.001E-06         -1.59582    
              460.001E-06        -96.9759     
              465.001E-06       -128.953      
              470.001E-06       -142.934      
              475.001E-06       -166.079      
              480.001E-06       -166.071      
              485.001E-06       -164.515      
              490.001E-06       -160.893      
              495.001E-06       -164.496      
              500.E-06          -102.862      
              505.E-06          -138.766      
              510.E-06          -153.688      
              515.E-06          -162.916      
              520.E-06          -165.539      
              525.E-06          -164.582      
              530.E-06          -165.777      
              535.E-06          -183.469      
              540.E-06          -171.814      
              545.E-06          -175.644      
              550.001E-06       -106.116      
              555.001E-06       -137.07       
              560.001E-06       -157.652      
              565.001E-06       -181.362      
              570.001E-06       -181.614      
              575.001E-06       -174.276      
              580.001E-06       -176.111      
              585.001E-06       -173.811      
              590.001E-06       -174.369      
              595.001E-06       -178.272      
              600.001E-06       -179.675      
              605.E-06          -138.71       
              610.E-06          -160.792      
              615.E-06          -166.338      
              620.E-06          -171.611      
              625.E-06          -172.028      
              630.E-06          -180.94       
              635.001E-06       -179.188      
              640.001E-06       -177.331      
              645.001E-06       -177.127      
              650.E-06          -144.92       
              655.E-06          -169.282      
              660.E-06          -170.078      
              665.E-06          -177.42       
              670.E-06          -172.552      
              675.001E-06       -170.975      
              680.001E-06       -176.353      
              685.001E-06       -179.815      
              690.001E-06       -179.966      
              695.E-06          -144.229      
              700.E-06          -164.694      
              705.E-06          -175.978      
              710.E-06          -176.654      
              715.E-06          -179.755      
              720.E-06          -120.836      
              725.E-06          -153.948      
              730.E-06          -204.215      
              735.E-06          -196.768      
              740.E-06          -188.963      
              745.001E-06       -155.953      
              750.001E-06       -185.771      
              755.001E-06       -194.217      
              760.001E-06       -188.127      
              765.001E-06       -185.997      
              770.001E-06       -183.076      
              775.001E-06        -49.2265     
              780.001E-06       -110.399      
              785.001E-06       -140.054      
              790.E-06          -158.581      
              795.E-06          -162.824      
              800.001E-06       -160.36       
              805.001E-06       -177.317      
              810.001E-06       -186.182      
              815.001E-06       -193.315      
              820.001E-06       -195.433      
              825.E-06           -18.4904     
              830.001E-06        -30.5899     
              835.E-06           -63.4816     
              840.001E-06        -68.6298     
              845.001E-06        -85.791      
              850.E-06           -92.6362     
              855.001E-06        -99.8271     
              860.E-06          -106.889      
              865.001E-06       -112.47       
              870.E-06          -116.902      
              875.001E-06         -8.53688E-03
              880.001E-06        -33.8784     
              885.E-06           -12.2579     
              890.001E-06         -8.97224    
              895.E-06            -4.47169    
              900.001E-06         -5.49864    
              905.E-06            -5.36477    
              910.001E-06         -5.38486    
              915.E-06            -3.5729     
              920.001E-06         -3.4581     
              925.001E-06        -19.368      
              930.E-06           -60.5237     
              935.E-06           -14.1397     
              940.E-06           -56.3289     
              945.E-06           -97.5519     
              950.E-06          -114.062      
              955.E-06          -130.249      
              960.001E-06        -62.4864     
              965.E-06           -95.6539     
              970.E-06          -117.756      
              975.E-06          -139.848      
              980.E-06          -158.374      
              985.E-06          -170.848      
              990.E-06          -180.999      
              995.E-06          -180.011      
                1.E-03          -179.923      
                1.005E-03       -180.889      
                1.01E-03        -183.236      
                1.015E-03       -184.143      
                1.02E-03         -89.9369     
                1.025E-03       -131.765      
                1.03E-03        -152.288      
                1.035E-03       -161.93       
                1.04E-03        -169.204      
                1.045E-03       -161.55       
                1.05E-03        -181.839      
                1.055E-03       -174.011      
                1.06E-03        -171.381      
                1.065E-03       -167.344      
                1.07E-03        -177.375      
                1.075E-03       -177.85       
                1.08E-03        -178.961      
                1.085E-03       -177.765      
                1.09E-03        -168.029      
                1.095E-03       -165.632      
                1.1E-03         -162.102      
                1.105E-03       -131.621      
                1.11E-03        -113.469      
                1.115E-03       -139.03       
                1.12E-03        -147.597      
                1.125E-03       -138.522      
                1.13E-03        -125.298      
                1.135E-03       -122.331      
                1.14E-03        -122.554      
                1.145E-03       -130.917      
                1.15E-03        -122.032      
                1.155E-03       -119.613      
                1.16E-03        -122.846      
                1.165E-03       -122.983      
                1.17E-03        -113.223      
                1.175E-03       -119.266      
                1.18E-03        -124.777      
                1.185E-03       -123.523      
                1.19E-03        -110.681      
                1.195E-03       -120.419      
                1.2E-03         -128.305      
                1.205E-03        -81.3041     
                1.21E-03         -54.646      
                1.215E-03        -86.8074     
                1.22E-03         -68.2607     
                1.225E-03        -71.3981     
                1.23E-03        -110.112      
                1.235E-03       -122.16       
                1.24E-03        -130.428      
                1.245E-03        -79.34       
                1.25E-03         -86.5502     
                1.255E-03       -121.991      
                1.26E-03        -148.761      
                1.265E-03       -145.901      
                1.27E-03        -144.464      
                1.275E-03       -147.839      
                1.28E-03        -151.13       
                1.285E-03       -151.636      
                1.29E-03        -101.563      
                1.295E-03       -136.603      
                1.3E-03         -152.624      
                1.305E-03       -152.102      
                1.31E-03        -151.643      
                1.315E-03       -153.032      
                1.32E-03        -151.487      
                1.325E-03       -151.482      
                1.33E-03        -112.311      
                1.335E-03       -122.345      
                1.34E-03        -136.037      
                1.345E-03       -158.734      
                1.35E-03        -148.709      
                1.355E-03       -147.237      
                1.36E-03        -147.808      
                1.365E-03       -100.111      
                1.37E-03        -119.692      
                1.375E-03       -133.772      
                1.38E-03        -155.374      
                1.385E-03       -151.318      
                1.39E-03        -144.207      
                1.395E-03       -144.662      
                1.4E-03         -145.523      
                1.405E-03       -110.237      
                1.41E-03        -122.638      
                1.415E-03       -145.369      
                1.42E-03        -142.898      
                1.425E-03       -138.918      
                1.43E-03        -135.786      
                1.435E-03       -101.196      
                1.44E-03        -104.117      
                1.445E-03       -131.261      
                1.45E-03        -129.279      
                1.455E-03       -133.056      
                1.46E-03        -126.983      
                1.465E-03        -90.9835     
                1.47E-03        -120.891      
                1.475E-03       -121.573      
                1.48E-03        -124.86       
                1.485E-03       -121.41       
                1.49E-03         -94.4677     
                1.495E-03       -115.969      
                1.5E-03         -122.461      
                1.505E-03       -118.598      
                1.51E-03        -119.302      
                1.515E-03        -83.8175     
                1.52E-03        -113.253      
                1.525E-03       -123.058      
                1.53E-03        -116.045      
                1.535E-03       -116.761      
                1.54E-03         -98.4216     
                1.545E-03       -118.687      
                1.55E-03        -118.142      
                1.555E-03       -119.687      
                1.56E-03        -120.947      
                1.565E-03        -83.6558     
                1.57E-03         -88.679      
                1.575E-03       -112.285      
                1.58E-03        -107.243      
                1.585E-03       -112.359      
                1.59E-03         -79.7012     
                1.595E-03        -93.1583     
                1.6E-03          -97.3269     
                1.605E-03       -118.392      
                1.61E-03        -112.026      
                1.615E-03       -112.427      
                1.62E-03         -88.1695     
                1.625E-03        -85.6492     
                1.63E-03        -101.996      
                1.635E-03       -105.2        
                1.64E-03        -120.397      
                1.645E-03       -112.701      
                1.65E-03         -81.2918     
                1.655E-03        -97.6736     
                1.66E-03        -100.213      
                1.665E-03       -110.255      
                1.67E-03        -109.938      
                1.675E-03        -79.0552     
                1.68E-03         -89.8917     
                1.685E-03        -97.256      
                1.69E-03        -102.769      
                1.695E-03       -108.642      
                1.7E-03          -78.5511     
                1.705E-03        -83.8213     
                1.71E-03         -92.6444     
                1.715E-03       -100.828      
                1.72E-03        -101.065      
                1.725E-03        -62.3151     
                1.73E-03         -77.198      
                1.735E-03        -87.3009     
                1.74E-03         -89.5378     
                1.745E-03        -95.4029     
                1.75E-03         -69.2023     
                1.755E-03        -75.2312     
                1.76E-03         -80.1271     
                1.765E-03        -86.6812     
                1.77E-03         -94.5578     
                1.775E-03        -62.1385     
                1.78E-03         -68.2238     
                1.785E-03        -78.2783     
                1.79E-03         -80.7817     
                1.795E-03        -43.7939     
                1.8E-03          -58.48       
                1.805E-03        -73.2371     
                1.81E-03         -75.1328     
                1.815E-03        -74.9287     
                1.82E-03         -48.2282     
                1.825E-03        -58.8494     
                1.83E-03         -61.7968     
                1.835E-03        -74.6741     
                1.84E-03          -3.92009    
                1.845E-03        -43.8044     
                1.85E-03         -55.1429     
                1.855E-03        -60.3595     
                1.86E-03         -21.3248     
                1.865E-03        -45.4412     
                1.87E-03         -53.8272     
                1.875E-03        -54.9907     
                1.88E-03         -63.0074     
                1.885E-03         -6.78537    
                1.89E-03         -26.928      
                1.895E-03        -41.597      
                1.9E-03          -43.7224     
                1.905E-03        -59.3313     
                1.91E-03         -65.8279     
                1.915E-03        -22.2786     
                1.92E-03         -33.3482     
                1.925E-03        -40.133      
                1.93E-03         -48.7164     
                1.935E-03        -61.4628     
                1.94E-03         -15.1101     
                1.945E-03        -28.9743     
                1.95E-03         -35.7649     
                1.955E-03        -39.16       
                1.96E-03         -39.577      
                1.965E-03         -5.72239    
                1.97E-03         -17.1522     
                1.975E-03        -22.2907     
                1.98E-03         -27.6642     
                1.985E-03        -21.6191E-03 
                1.99E-03         -24.3269E-03 
                1.995E-03        -10.0788     
                2.E-03           -16.5327     
                2.005E-03        -16.4451     
                2.01E-03        -593.873E-03  
                2.015E-03       -217.687E-03  
                2.02E-03         -30.0481E-03 
                2.025E-03         -2.44077    
                2.03E-03          -6.02158    
                2.035E-03        -10.2022E-03 
                2.04E-03          -7.72425E-03
                2.045E-03         -1.34504    
                2.05E-03          -5.3491     
                2.055E-03         -3.84833    
                2.06E-03         540.525E-06  
                2.065E-03       -499.166E-03  
                2.07E-03          -5.49937    
                2.075E-03         -7.57964    
                2.08E-03         -10.4746     
                2.085E-03        -14.4147E-03 
                2.09E-03          -5.78611    
                2.095E-03        -13.3082     
                2.1E-03          -15.9166     
                2.105E-03        -12.657      
                2.11E-03         -13.0544     
                2.115E-03         -6.05462    
                2.12E-03          -5.77721    
                2.125E-03         -7.89094    
                2.13E-03          -8.80285    
                2.135E-03        -10.7925     
                2.14E-03          -7.52022    
                2.145E-03        -10.5333     
                2.15E-03          -7.67494    
                2.155E-03         -8.73492    
                2.16E-03         -11.2696     
                2.165E-03         -8.13002    
                2.17E-03         -10.7991     
                2.175E-03         -7.8234     
                2.18E-03         -12.4247     
                2.185E-03        -13.276      
                2.19E-03         -10.6721     
                2.195E-03        -11.9536     
                2.2E-03          -11.1782     
                2.205E-03        -15.1684     
                2.21E-03         -17.7332     
                2.215E-03        -14.8933     
                2.22E-03         -15.2115     
                2.225E-03        -12.2202     
                2.23E-03         -15.7529     
                2.235E-03        -18.2907     
                2.24E-03         -66.1898E-03 
                2.245E-03        -22.1866     
                2.25E-03         -30.2578     
                2.255E-03        -32.3131     
                2.26E-03         -32.6747     
                2.265E-03        -32.6365     
                2.27E-03         -32.6944     
                2.275E-03        -29.243      
                2.28E-03         -29.2211     
                2.285E-03        -28.7853     
                2.29E-03         -28.6592     
                2.295E-03        -25.6041     
                2.3E-03          -25.5241     
                2.305E-03        -25.4964     
                2.31E-03         -25.3125     
                2.315E-03        -25.2167     
                2.32E-03         -22.0461     
                2.325E-03        -22.5806     
                2.33E-03         -22.6858     
                2.335E-03        -22.4757     
                2.34E-03         -19.9513     
                2.345E-03        -22.2131     
                2.35E-03         -23.974      
                2.355E-03        -23.4259     
                2.36E-03         -22.5235     
                2.365E-03        -19.4314     
                2.37E-03         -19.3459     
                2.375E-03        -19.1236     
                2.38E-03         -17.7896     
                2.385E-03        -21.2083     
                2.39E-03         -20.9336     
                2.395E-03        -18.7397     
                2.4E-03          -18.0919     
                2.405E-03        -17.6581     
                2.41E-03         -17.4115     
                2.415E-03        -20.2547     
                2.42E-03         -16.5696     
                2.425E-03        -18.0971     
                2.43E-03         -17.5818     
                2.435E-03        -16.7685     
                2.44E-03         -17.2773     
                2.445E-03        -19.0789     
                2.45E-03         -16.3405     
                2.455E-03        -16.0561     
                2.46E-03         -17.2464     
                2.465E-03        -18.8505     
                2.47E-03         -16.8148     
                2.475E-03        -17.1394     
                2.48E-03         -14.9737     
                2.485E-03        -14.0897     
                2.49E-03         -17.5925     
                2.495E-03        -16.4988     
                2.5E-03          -15.8934     
                2.505E-03        -13.1755     
                2.51E-03         -13.1422     
                2.515E-03        -12.8666     
                2.52E-03         -15.3105     
                2.525E-03        -14.5979     
                2.53E-03         -12.0012     
                2.535E-03        -12.5996     
                2.54E-03         -11.4759     
                2.545E-03        398.085E-06  
                2.55E-03         -14.0569     
                2.555E-03        -13.1829     
                2.56E-03          -9.9649     
                2.565E-03        -10.7568     
                2.57E-03          -8.7086     
                2.575E-03         -8.27444    
                2.58E-03          -7.81624    
                2.585E-03         -8.74582    
                2.59E-03          -9.28872    
                2.595E-03         -8.34075    
                2.6E-03           -6.4603     
                2.605E-03         -6.92267    
                2.61E-03          -9.64037    
                2.615E-03         -1.61687    
                2.62E-03          -6.02683    
                2.625E-03         -9.604      
                2.63E-03          -9.35672    
                2.635E-03         -8.36992    
                2.64E-03         -11.0432     
                2.645E-03        -10.5026     
                2.65E-03         -10.0489     
                2.655E-03         -9.59825    
                2.66E-03         -13.6269     
                2.665E-03        -13.0574     
                2.67E-03         -11.9364     
                2.675E-03         -9.88736    
                2.68E-03          -9.23937    
                2.685E-03         -8.76641    
                2.69E-03          -8.09067    
                2.695E-03        -12.0244     
                2.7E-03          -11.2821     
                2.705E-03         -9.27381    
                2.71E-03          -8.40588    
                2.715E-03         -8.01351    
                2.72E-03          -9.17018    
                2.725E-03         -6.18887    
                2.73E-03          -5.93782    
                2.735E-03         -5.60853    
                2.74E-03          -5.24532    
                2.745E-03         -4.70958    
                2.75E-03          -7.02371    
                2.755E-03         -6.97342    
                2.76E-03          -6.47174    
                2.765E-03         -5.95109    
                2.77E-03          -5.50862    
                2.775E-03         -5.02577    
                2.78E-03          -4.01968    
                2.785E-03         -3.7737     
                2.79E-03          -3.68943    
                2.795E-03         -3.03978    
                2.8E-03           -3.07869    
                2.805E-03         -3.18298    
                2.81E-03          -2.69199    
                2.815E-03         -3.40481    
                2.82E-03           1.39882E-03
                2.825E-03        316.784E-06  
                2.83E-03        -482.634E-06  
                2.835E-03       -223.234E-06  
                2.84E-03          -3.90548    
                2.845E-03         -4.561      
                2.85E-03          -6.71734    
                2.855E-03         -8.86987    
                2.86E-03         -11.3703     
                2.865E-03        -11.3535     
                2.87E-03         -10.7756     
                2.875E-03         -7.72855    
                2.88E-03         -14.1148     
                2.885E-03        -13.9121     
                2.89E-03         -13.9016     
                2.895E-03        -32.6255     
                2.9E-03          -35.0041     
                2.905E-03        -34.5637     
                2.91E-03         -28.9024     
                2.915E-03        -27.9842     
                2.92E-03         -27.7467     
                2.925E-03        -27.5249     
                2.93E-03         -26.2631     
                2.935E-03        -21.2837     
                2.94E-03         -21.8672     
                2.945E-03        -20.8781     
                2.95E-03         -19.8169     
                2.955E-03        -24.5975     
                2.96E-03         -21.308      
                2.965E-03        -20.416      
                2.97E-03         -19.4602     
                2.975E-03        -18.3637     
                2.98E-03         -18.0239     
                2.985E-03        -19.7624     
                2.99E-03         -18.697      
                2.995E-03        -17.5085     
                3.E-03           -17.0658     
                3.005E-03        -13.575      
                3.01E-03         -13.7159     
                3.015E-03        -12.3145     
                3.02E-03         -12.0582     
                3.025E-03         -9.18784    
                3.03E-03          -9.44285    
                3.035E-03         -8.629      
                3.04E-03          -8.39509    
                3.045E-03         -8.1075     
                3.05E-03          -7.66532    
                3.055E-03         -6.12443    
                3.06E-03          -5.80089    
                3.065E-03         -5.31103    
                3.07E-03          -2.24474    
                3.075E-03       -779.726E-06  
                3.08E-03        -436.753E-06  
                3.085E-03        -17.4171     
                3.09E-03         -28.9251     
                3.095E-03        -32.233      
                3.1E-03          -34.7052     
                3.105E-03        -26.012      
                3.11E-03         -32.3051     
                3.115E-03        -34.2469     
                3.12E-03         -35.7916     
                3.125E-03        -36.1905     
                3.13E-03         -36.6693     
                3.135E-03        -30.2416     
                3.14E-03         -31.2004     
                3.145E-03        -31.177      
                3.15E-03         -30.9497     
                3.155E-03        -24.3053     
                3.16E-03         -25.7816     
                3.165E-03        -25.3323     
                3.17E-03         -25.5105     
                3.175E-03        -25.1844     
                3.18E-03         -21.2798     
                3.185E-03        -21.692      
                3.19E-03         -21.8122     
                3.195E-03        -21.6151     
                3.2E-03          -16.8028     
                3.205E-03        -21.558      
                3.21E-03         -22.3375     
                3.215E-03        -22.4791     
                3.22E-03         -22.1592     
                3.225E-03        -22.1588     
                3.23E-03         -19.594      
                3.235E-03        -18.6812     
                3.24E-03         -21.5834     
                3.245E-03        -22.138      
                3.25E-03         -21.4799     
                3.255E-03        -21.7662     
                3.26E-03         -19.5074     
                3.265E-03        -21.6388     
                3.27E-03         -23.5922     
                3.275E-03        -22.8003     
                3.28E-03         -21.4682     
                3.285E-03        -21.3522     
                3.29E-03         -18.4303     
                3.295E-03        -17.98       
                3.3E-03          -18.1364     
                3.305E-03        -21.782      
                3.31E-03         -20.9163     
                3.315E-03        -19.4183     
                3.32E-03         -15.9724     
                3.325E-03        -15.5937     
                3.33E-03         -15.9607     
                3.335E-03        -16.9396     
                3.34E-03         -16.4108     
                3.345E-03        -13.8478     
                3.35E-03         -13.8474     
                3.355E-03        -12.9475     
                3.36E-03         -12.82       
                3.365E-03        -11.1235     
                3.37E-03         -12.6769     
                3.375E-03        -13.6986     
                3.38E-03         -12.0485     
                3.385E-03        -12.3385     
                3.39E-03         -11.8235     
                3.395E-03        -11.2104     
                3.4E-03           -9.95236    
                3.405E-03        -11.9172     
                3.41E-03         -12.4588     
                3.415E-03        -11.1966     
                3.42E-03         -11.2383     
                3.425E-03        -10.6166     
                3.43E-03          -8.76731    
                3.435E-03         -8.8023     
                3.44E-03          -8.74376    
                3.445E-03        -11.6596     
                3.45E-03         -10.8926     
                3.455E-03         -9.91752    
                3.46E-03          -8.50877    
                3.465E-03         -8.2435     
                3.47E-03          -7.70872    
                3.475E-03         -7.54891    
                3.48E-03          -7.0844     
                3.485E-03         -6.89388    
                3.49E-03          -5.70765    
                3.495E-03         -5.3845     
                3.5E-03           -5.36632    
                3.505E-03         -5.50434    
                3.51E-03          -5.26087    
                3.515E-03         -4.8423     
                3.52E-03          -4.39814    
                3.525E-03         -3.10379    
                3.53E-03          -3.11175    
                3.535E-03         -6.40158    
                3.54E-03          -5.60212    
                3.545E-03         -5.20501    
                3.55E-03          -4.8643     
                3.555E-03          5.96046E-06
                3.56E-03         -99.4801E-06 
                3.565E-03       -147.529E-06  
                3.57E-03         -16.6599     
                3.575E-03        -23.6667     
                3.58E-03         -20.1336     
                3.585E-03        -23.156      
                3.59E-03         -25.4625     
                3.595E-03        -25.4334     
                3.6E-03          -27.5732     
                3.605E-03        -27.8816     
                3.61E-03         -28.4426     
                3.615E-03        -24.5918     
                3.62E-03         -25.3477     
                3.625E-03        -26.5043     
                3.63E-03         -26.4573     
                3.635E-03        -26.1561     
                3.64E-03         -26.6032     
                3.645E-03        -23.9896     
                3.65E-03         -24.0773     
                3.655E-03        -24.4166     
                3.66E-03         -24.5076     
                3.665E-03        -24.558      
                3.67E-03         -21.896      
                3.675E-03        -22.4657     
                3.68E-03         -22.5742     
                3.685E-03        -22.7305     
                3.69E-03         -22.661      
                3.695E-03        -20.0172     
                3.7E-03          -21.4465     
                3.705E-03        -17.7071     
                3.71E-03         -22.6671     
                3.715E-03        -22.2753     
                3.72E-03         -22.7722     
                3.725E-03        -20.2721     
                3.73E-03         -21.3544     
                3.735E-03        -21.5526     
                3.74E-03         -22.1633     
                3.745E-03        -21.6697     
                3.75E-03         -16.7172     
                3.755E-03        -23.3422     
                3.76E-03         -23.0877     
                3.765E-03        -24.5274     
                3.77E-03         -23.5743     
                3.775E-03        -22.6745     
                3.78E-03         -21.3774     
                3.785E-03        -19.1043     
                3.79E-03         -19.4049     
                3.795E-03        -19.8335     
                3.8E-03          -19.4501     
                3.805E-03        -18.9464     
                3.81E-03         -16.4618     
                3.815E-03        -16.6081     
                3.82E-03          -9.74615    
                3.825E-03        -16.4601     
                3.83E-03         -18.8193     
                3.835E-03        -20.7259     
                3.84E-03         -19.3512     
                3.845E-03        -15.9766     
                3.85E-03         -17.7589     
                3.855E-03        -16.888      
                3.86E-03         -15.6829     
                3.865E-03        -14.5411     
                3.87E-03         -13.977      
                3.875E-03        -11.3294     
                3.88E-03         -11.4095     
                3.885E-03        -10.8754     
                3.89E-03         -10.5731     
                3.895E-03        -13.1832     
                3.9E-03           -8.90206    
                3.905E-03       -145.651E-06  
                3.91E-03          -7.76662    
                3.915E-03        -11.178      
                3.92E-03          -9.81914    
                3.925E-03         -8.64523    
                3.93E-03          -9.58265    
                3.935E-03         -7.37438    
                3.94E-03          -1.67463E-03
                3.945E-03         -2.67242E-03
                3.95E-03          -1.92569E-03
                3.955E-03        -11.1858     
                3.96E-03          -7.80511    
                3.965E-03         -5.48551    
                3.97E-03        -103.474E-06  
                3.975E-03        -21.7544     
                3.98E-03         -30.4195     
                3.985E-03        -34.3736     
                3.99E-03         -32.8527     
                3.995E-03        -32.0035     
                4.E-03           -29.6133     
                4.005E-03        -23.0676     
                4.01E-03         -23.7668     
                4.015E-03        -23.1639     
                4.02E-03         -22.5508     
                4.025E-03        -22.2614     
                4.03E-03         -21.4221     
                4.035E-03        -20.2252     
                4.04E-03         -16.0705     
                4.045E-03        -15.6794     
                4.05E-03         -15.2105     
                4.055E-03        -13.6514     
                4.06E-03         -12.6214     
                4.065E-03        -12.2137     
                4.07E-03         -11.5356     
                4.075E-03         -8.57724    
                4.08E-03          -9.17326    
                4.085E-03         -8.75083    
                4.09E-03          -9.65115    
                4.095E-03        -11.6759     
                4.1E-03          -11.1227     
                4.105E-03        -10.5975     
                4.11E-03          -7.95785    
                4.115E-03         -7.86196    
                4.12E-03          -7.27067    
                4.125E-03         -7.27179    
                4.13E-03          -6.94888    
                4.135E-03         -6.73734    
                4.14E-03          -5.0765     
                4.145E-03         -5.07432    
                4.15E-03          -4.76579    
                4.155E-03         -4.45739    
                4.16E-03          -4.08013    
                4.165E-03         -3.84679    
                4.17E-03          -3.34029    
                4.175E-03         -3.2966     
                4.18E-03          -3.17809    
                4.185E-03       -820.609E-03  
                4.19E-03          -4.56229    
                4.195E-03         -4.98076    
                4.2E-03           -4.83359    
                4.205E-03         -4.15469    
                4.21E-03          -5.37955    
                4.215E-03         -4.16213    
                4.22E-03          -3.81602    
                4.225E-03         -3.72268    
                4.23E-03          -3.02386    
                4.235E-03         -2.92037    
                4.24E-03          -2.85878    
                4.245E-03         -2.79088    
                4.25E-03          -2.69086    
                4.255E-03         -2.70452    
                4.26E-03          -2.70427    
                4.265E-03         -2.69612    
                4.27E-03          -2.67048    
                4.275E-03         -2.39539    
                4.28E-03          -2.4874     
                4.285E-03         -2.46718    
                4.29E-03          -2.47958    
                4.295E-03         -2.51281    
                4.3E-03           -2.50457    
                4.305E-03         -2.9346     
                4.31E-03          -3.97312    
                4.315E-03         -1.59442    
                4.32E-03          -5.16572    
                4.325E-03         -1.46499E-03
                4.33E-03          -1.88786E-03
                4.335E-03       -506.61E-06   
                4.34E-03          -3.88999E-03
                4.345E-03         -1.96499E-03
                4.35E-03          -2.29709E-03
                4.355E-03         -1.41437E-03
                4.36E-03        -789.419E-06  
                4.365E-03         -7.27592E-03
                4.37E-03         -10.9025E-03 
                4.375E-03        749.543E-06  
                4.38E-03         574.663E-06  
                4.385E-03         -3.65567    
                4.39E-03          -8.26503    
                4.395E-03        -10.3265     
                4.4E-03          -14.8522E-03 
                4.405E-03       -191.912E-03  
                4.41E-03          -4.5349E-03 
                4.415E-03         70.7954E-06 
                4.42E-03           4.27213E-03
                4.425E-03          7.61259E-03
                4.43E-03         -16.6315     
                4.435E-03        -25.7612     
                4.44E-03         -26.845      
                4.445E-03        -24.2242     
                4.45E-03         -26.2647     
                4.455E-03        -36.527      
                4.46E-03         -35.506      
                4.465E-03        -33.6381     
                4.47E-03         -34.1169     
                4.475E-03        -32.1919     
                4.48E-03         -30.7458     
                4.485E-03        -27.5525     
                4.49E-03         -27.6735     
                4.495E-03        -27.0468     
                4.5E-03          -25.8082     
                4.505E-03        -25.8142     
                4.51E-03         -21.7871     
                4.515E-03        -21.7166     
                4.52E-03         -19.1457     
                4.525E-03        -25.3391     
                4.53E-03         -24.4426     
                4.535E-03        -24.1333     
                4.54E-03         -19.4615     
                4.545E-03        -19.3526     
                4.55E-03         -18.7713     
                4.555E-03        -17.095      
                4.56E-03         -17.0309     
                4.565E-03        -13.4663     
                4.57E-03         -12.9994     
                4.575E-03        -12.4752     
                4.58E-03         -11.9823     
                4.585E-03        -11.2796     
                4.59E-03         -10.4001     
                4.595E-03         -8.06948    
                4.6E-03           -7.87008    
                4.605E-03         -7.52987    
                4.61E-03          -7.11205    
                4.615E-03         -6.71058    
                4.62E-03          -6.24924    
                4.625E-03         -5.66644    
                4.63E-03          -5.11902    
                4.635E-03         -5.15237    
                4.64E-03          -5.10627    
                4.645E-03         -4.67771    
                4.65E-03          -4.34523    
                4.655E-03         -3.76655    
                4.66E-03          -5.17673    
                4.665E-03         -4.74533    
                4.67E-03          -5.50837    
                4.675E-03         -3.97228    
                4.68E-03          -3.56654    
                4.685E-03         -3.31972    
                4.69E-03          -2.19869    
                4.695E-03         -2.96061    
                4.7E-03           -2.87459    
                4.705E-03         -2.86729    
                4.71E-03          -2.79567    
                4.715E-03         -2.10647E-03
                4.72E-03          -4.12183E-03
                4.725E-03         -2.36243E-03
                4.73E-03          -1.91024E-03
                4.735E-03         -4.70881    
                4.74E-03          -6.50393    
                4.745E-03         -6.27404    
                4.75E-03          -6.83488    
                4.755E-03         -4.62367    
                4.76E-03          -5.65954    
                4.765E-03        -20.6833     
                4.77E-03         -21.2918     
                4.775E-03        -21.6813     
                4.78E-03         -14.14       
                4.785E-03        -19.6332     
                4.79E-03         -17.3162     
                4.795E-03        -17.4085     
                4.8E-03          -17.124      
                4.805E-03        -15.5265     
                4.81E-03         -15.47       
                4.815E-03        -14.6047     
                4.82E-03         -12.2699     
                4.825E-03        -12.3934     
                4.83E-03         -11.8967     
                4.835E-03        -11.4165     
                4.84E-03         -11.1167     
                4.845E-03        -10.7336     
                4.85E-03         -14.8623     
                4.855E-03        -14.4562     
                4.86E-03         -12.304      
                4.865E-03        -12.1032     
                4.87E-03         -11.5116     
                4.875E-03        -10.8392     
                4.88E-03         -10.6423     
                4.885E-03        -12.3708     
                4.89E-03         -13.1156     
                4.895E-03        -12.8332     
                4.9E-03          -10.6288     
                4.905E-03        -10.4955     
                4.91E-03          -9.94246    
                4.915E-03         -9.24153    
                4.92E-03          -8.89063    
                4.925E-03         -8.46846    
                4.93E-03          -7.15335    
                4.935E-03         -6.993      
                4.94E-03          -6.87701    
                4.945E-03         -6.43364    
                4.95E-03          -6.21063    
                4.955E-03         -5.11652    
                4.96E-03          -4.8343     
                4.965E-03         -4.80782    
                4.97E-03          -4.58731    
                4.975E-03         -6.32861    
                4.98E-03          -6.87612    
                4.985E-03         -7.12157    
                4.99E-03          -6.70858    
                4.995E-03         -6.08098    
                5.E-03            -5.24822    
                5.005E-03         -5.90795    
                5.01E-03          -4.62842    
                5.015E-03         -2.76452    
                5.02E-03          -1.94712    
                5.025E-03         -5.32949    
                5.03E-03          -6.37911    
                5.035E-03         -5.9335     
                5.04E-03          -5.58212    
                5.045E-03         -5.25823    
                5.05E-03          -4.20605    
                5.055E-03         -4.18266    
                5.06E-03          -3.94565    
                5.065E-03         -3.78078    
                5.07E-03          -3.56165    
                5.075E-03         -7.21018    
                5.08E-03          -7.09369    
                5.085E-03         -6.96031    
                5.09E-03          -6.49461    
                5.095E-03         -5.26389    
                5.1E-03           -5.3327     
                5.105E-03         -4.93322    
                5.11E-03          -4.87931    
                5.115E-03         -4.4628     
                5.12E-03          -4.26991    
                5.125E-03         -4.05991    
                5.13E-03          -3.78247    
                5.135E-03         -2.94249    
                5.14E-03          -3.02754    
                5.145E-03         -2.88837    
                5.15E-03          -2.84158    
                5.155E-03         -2.70112    
                5.16E-03          -3.30378    
                5.165E-03        578.903E-03  
                5.17E-03         874.177E-06  
                5.175E-03       -568.777E-06  
                5.18E-03         288.621E-06  
                5.185E-03          1.15772E-03
                5.19E-03          -3.17611    
                5.195E-03         -6.4355     
                5.2E-03           -6.7708     
                5.205E-03         -6.83238    
                5.21E-03          -9.10923    
                5.215E-03         -9.7706     
                5.22E-03          -9.8149     
                5.225E-03         -9.9801     
                5.23E-03          -7.68707    
                5.235E-03         -9.89895    
                5.24E-03         -12.8149     
                5.245E-03        -14.1533     
                5.25E-03         -13.9683     
                5.255E-03        -14.8083     
                5.26E-03         -15.0773     
                5.265E-03        -14.5934     
                5.27E-03         -14.3747     
                5.275E-03        -14.0639     
                5.28E-03         -11.5788     
                5.285E-03         -8.41402    
                5.29E-03         -16.5782     
                5.295E-03        -20.1368     
                5.3E-03          -19.5881     
                5.305E-03        -20.2202     
                5.31E-03         -19.9863     
                5.315E-03        -20.1358     
                5.32E-03         -14.1161     
                5.325E-03        -22.4131     
                5.33E-03         -23.1471     
                5.335E-03        -25.2974     
                5.34E-03         -25.4609     
                5.345E-03        -27.4797     
                5.35E-03         -27.8003     
                5.355E-03        -28.0548     
                5.36E-03         -28.2009     
                5.365E-03        -28.3329     
                5.37E-03         -28.2983     
                5.375E-03        -22.6027     
                5.38E-03         -25.2898     
                5.385E-03        -25.1637     
                5.39E-03         -25.8959     
                5.395E-03        -25.4955     
                5.4E-03          -25.4791     
                5.405E-03        -25.2481     
                5.41E-03         -22.3685     
                5.415E-03        -22.7798     
                5.42E-03         -22.3154     
                5.425E-03        -22.504      
                5.43E-03         -22.5985     
                5.435E-03        -18.2165     
                5.44E-03         -20.4318     
                5.445E-03        -20.1842     
                5.45E-03           1.33038E-03
                5.455E-03        -23.1639     
                5.46E-03         -23.495      
                5.465E-03        -23.7268     
                5.47E-03         -23.4257     
                5.475E-03        -20.311      
                5.48E-03         -20.3421     
                5.485E-03        -20.251      
                5.49E-03         -20.3436     
                5.495E-03        -19.9097     
                5.5E-03          -20.1399     
                5.505E-03        -19.7402     
                5.51E-03         -19.1304     
                5.515E-03        -19.9264     
                5.52E-03         -19.3749     
                5.525E-03        -19.9489     
                5.53E-03         -19.531      
                5.535E-03        -19.5327     
                5.54E-03         -16.3787     
                5.545E-03        -16.1882     
                5.55E-03         -16.392      
                5.555E-03        -16.1466     
                5.56E-03         -16.1004     
                5.565E-03        -18.2766     
                5.57E-03         -18.5564     
                5.575E-03        -18.1037     
                5.58E-03         -15.4038     
                5.585E-03        -15.8566     
                5.59E-03         -15.5291     
                5.595E-03        -14.9484     
                5.6E-03          -14.7888     
                5.605E-03        -14.4776     
                5.61E-03         -14.7568     
                5.615E-03        -17.2173     
                5.62E-03         -14.6511     
                5.625E-03        -14.9694     
                5.63E-03         -15.0579     
                5.635E-03        -13.7747     
                5.64E-03         -12.9417     
                5.645E-03        -14.6123     
                5.65E-03         -14.3279     
                5.655E-03        -14.114      
                5.66E-03         -11.3317     
                5.665E-03        -11.7058     
                5.67E-03         -11.0181     
                5.675E-03        -10.9486     
                5.68E-03         -13.5694     
                5.685E-03        -14.2827     
                5.69E-03         -17.2806     
                5.695E-03        -11.9912     
                5.7E-03          -11.5597     
                5.705E-03        -11.4254     
                5.71E-03         -11.2127     
                5.715E-03        -11.1092     
                5.72E-03          -9.60133    
                5.725E-03        -14.3619     
                5.73E-03         -13.0983     
                5.735E-03        -12.3865     
                5.74E-03          -3.059      
                5.745E-03        -13.4035     
                5.75E-03         -17.8615     
                5.755E-03        -17.9788     
                5.76E-03         -15.9671     
                5.765E-03        -16.132      
                5.77E-03         -16.1673     
                5.775E-03        -15.2034     
                5.78E-03         -15.2773     
                5.785E-03        -11.1387     
                5.79E-03         -15.1868     
                5.795E-03        -14.5696     
                5.8E-03          -14.6073     
                5.805E-03        -14.4065     
                5.81E-03         -13.855      
                5.815E-03        -13.7818     
                5.82E-03         -13.2385     
                5.825E-03        -12.5043     
                5.83E-03         -13.4288     
                5.835E-03        -13.8612     
                5.84E-03         -13.7569     
                5.845E-03        -13.2099     
                5.85E-03         -13.0958     
                5.855E-03        -12.7673     
                5.86E-03         -12.1011     
                5.865E-03        -10.2471     
                5.87E-03         -10.2166     
                5.875E-03         -9.96121    
                5.88E-03          -9.87527    
                5.885E-03        -12.3054     
                5.89E-03         -13.1004     
                5.895E-03        -12.3557     
                5.9E-03          -12.0297     
                5.905E-03        -10.0782     
                5.91E-03          -9.84853    
                5.915E-03         -9.64897    
                5.92E-03          -8.9718     
                5.925E-03         -8.67428    
                5.93E-03          -8.42402    
                5.935E-03         -8.15478    
                5.94E-03          -6.89184    
                5.945E-03         -7.21249    
                5.95E-03          -7.06678    
                5.955E-03         -6.98751    
                5.96E-03          -9.32036    
                5.965E-03        -10.2579     
                5.97E-03         -10.9842     
                5.975E-03         -9.54718    
                5.98E-03          -9.04963    
                5.985E-03         -7.80685    
                5.99E-03          -7.64089    
                5.995E-03         -7.51479    
                6.E-03            -7.50439    
                6.005E-03         -7.33596    
                6.01E-03          -7.14475    
                6.015E-03         -7.08385    
                6.02E-03          -6.98896    
                6.025E-03         -9.07093    
                6.03E-03          -9.1771     
                6.035E-03         -8.53942    
                6.04E-03          -8.57391    
                6.045E-03         -8.31487    
                6.05E-03         -11.5736     
                6.055E-03         -7.03525    
                6.06E-03          -7.50087    
                6.065E-03         -6.80966    
                6.07E-03          -7.14169    
                6.075E-03          1.41343E-03
                6.08E-03         992.984E-06  
                6.085E-03         -1.34467    
                6.09E-03          -4.45341    
                6.095E-03         -6.73266    
                6.1E-03           -8.36017    
                6.105E-03         -9.87517    
                6.11E-03         -10.1047     
                6.115E-03        -10.8262     
                6.12E-03         -10.9439     
                6.125E-03        -11.0374     
                6.13E-03         -10.8511     
                6.135E-03         -9.68646    
                6.14E-03         -10.6313     
                6.145E-03        178.069E-06  
                6.15E-03         175.774E-06  
                6.155E-03        -26.4063     
                6.16E-03         -44.2041     
                6.165E-03        -39.0507     
                6.17E-03         -40.9691     
                6.175E-03        -39.4142     
                6.18E-03         -39.4371     
                6.185E-03        -38.6841     
                6.19E-03         -37.5243     
                6.195E-03        -37.0241     
                6.2E-03          -29.9317     
                6.205E-03        -33.0532     
                6.21E-03         -31.1155     
                6.215E-03        -31.2905     
                6.22E-03         -30.2398     
                6.225E-03        -29.7273     
                6.23E-03         -29.0167     
                6.235E-03        -25.8086     
                6.24E-03         -24.9956     
                6.245E-03        -24.4697     
                6.25E-03         -24.2275     
                6.255E-03        -23.5617     
                6.26E-03         -19.5212     
                6.265E-03        -19.4807     
                6.27E-03         -19.5965     
                6.275E-03        -19.0098     
                6.28E-03         -18.7699     
                6.285E-03        -18.076      
                6.29E-03         -15.3975     
                6.295E-03        -15.1997     
                6.3E-03          -14.7356     
                6.305E-03        -14.7974     
                6.31E-03         -14.355      
                6.315E-03        -14.2582     
                6.32E-03         -11.9675     
                6.325E-03        -12.3469     
                6.33E-03         -13.6354     
                6.335E-03        -13.5207     
                6.34E-03         -13.2344     
                6.345E-03        -13.4397     
                6.35E-03         -12.8657     
                6.355E-03        -12.4912     
                6.36E-03         -10.1829     
                6.365E-03        -10.7288     
                6.37E-03         -12.0409     
                6.375E-03        -13.3562     
                6.38E-03         -12.7524     
                6.385E-03        -12.5808     
                6.39E-03         -11.9968     
                6.395E-03        -12.1588     
                6.4E-03          -11.3416     
                6.405E-03         -9.88897    
                6.41E-03          -9.89301    
                6.415E-03         -9.99281    
                6.42E-03         -10.1331     
                6.425E-03        -10.1884     
                6.43E-03          -9.75604    
                6.435E-03         -9.58329    
                6.44E-03         -12.4564     
                6.445E-03        -12.2675     
                6.45E-03         -10.4732     
                6.455E-03        -11.6443     
                6.46E-03         -10.6424     
                6.465E-03        -11.058      
                6.47E-03         -10.8523     
                6.475E-03         -7.62285    
                6.48E-03         -10.5682     
                6.485E-03        -12.2476     
                6.49E-03          -4.72583    
                6.495E-03        -19.1035     
                6.5E-03          -25.6197     
                6.505E-03        -25.7803     
                6.51E-03         -27.3055     
                6.515E-03        -23.7846     
                6.52E-03         -22.1679     
                6.525E-03        -19.2154     
                6.53E-03         -19.2101     
                6.535E-03        -19.2328     
                6.54E-03         -18.0503     
                6.545E-03        -12.9063     
                6.55E-03         -20.7503     
                6.555E-03        -19.4847     
                6.56E-03         -19.5057     
                6.565E-03        -17.4463     
                6.57E-03         -17.9725     
                6.575E-03        -17.0813     
                6.58E-03         -15.3252     
                6.585E-03        -15.159      
                6.59E-03         -14.1792     
                6.595E-03        -13.7114     
                6.6E-03          -13.1068     
                6.605E-03        -12.8471     
                6.61E-03          -9.89956    
                6.615E-03        -12.9303     
                6.62E-03         -18.5737     
                6.625E-03        -12.1229     
                6.63E-03         -14.3155     
                6.635E-03        -16.6683     
                6.64E-03         -11.795      
                6.645E-03        -11.7067     
                6.65E-03         -11.3896     
                6.655E-03         -9.61853    
                6.66E-03          -9.87511    
                6.665E-03         -8.4645     
                6.67E-03          -4.57953    
                6.675E-03         -8.88524    
                6.68E-03          -9.65695    
                6.685E-03         -9.37078    
                6.69E-03          -8.99819    
                6.695E-03         -8.62237    
                6.7E-03           -8.70428    
                6.705E-03         -8.34834    
                6.71E-03          -8.17362    
                6.715E-03         -6.78824    
                6.72E-03          -6.94987    
                6.725E-03         -6.89922    
                6.73E-03          -6.96349    
                6.735E-03         -8.37511    
                6.74E-03          -9.48057    
                6.745E-03         -8.66917    
                6.75E-03          -8.66363    
                6.755E-03         -7.9308     
                6.76E-03          -7.03111    
                6.765E-03         -6.98169    
                6.77E-03          -7.59777    
                6.775E-03         -5.52899    
                6.78E-03          -3.80747    
                6.785E-03         -7.9032     
                6.79E-03          -7.83302    
                6.795E-03         -8.74975    
                6.8E-03           -8.58083    
                6.805E-03         -7.99307    
                6.81E-03          -7.43098    
                6.815E-03         -7.29129    
                6.82E-03          -6.95421    
                6.825E-03         -6.89605    
                6.83E-03          -6.57649    
                6.835E-03         -6.25119    
                6.84E-03          -5.51251    
                6.845E-03         -5.53299    
                6.85E-03          -5.34127    
                6.855E-03         -5.35557    
                6.86E-03          -4.92271    
                6.865E-03         -4.85094    
                6.87E-03          -4.6944     
                6.875E-03         -4.65801    
                6.88E-03           3.15852E-03
                6.885E-03          3.1887E-03 
                6.89E-03         984.058E-06  
                6.895E-03         -1.05837E-03
                6.9E-03           -1.00398E-03
                6.905E-03        -26.1881     
                6.91E-03         -31.8904     
                6.915E-03        -32.6778     
                6.92E-03         -34.3631     
                6.925E-03        -34.9828     
                6.93E-03         -35.9336     
                6.935E-03        -35.9695     
                6.94E-03         -35.2605     
                6.945E-03        -30.7261     
                6.95E-03         -30.4458     
                6.955E-03        -31.0507     
                6.96E-03         -30.4266     
                6.965E-03        -31.0183     
                6.97E-03         -30.5896     
                6.975E-03        -30.9515     
                6.98E-03         -25.9205     
                6.985E-03        -27.1592     
                6.99E-03         -26.9364     
                6.995E-03        -26.9539     
                7.E-03           -26.3634     
                7.005E-03        -26.1508     
                7.01E-03         -22.7058     
                7.015E-03        -23.5289     
                7.02E-03         -23.5704     
                7.025E-03        -23.0895     
                7.03E-03         -23.1587     
                7.035E-03        -19.3651     
                7.04E-03         -21.151      
                7.045E-03        -20.5862     
                7.05E-03         -20.6963     
                7.055E-03        -15.0192     
                7.06E-03         -23.0574     
                7.065E-03        -23.8844     
                7.07E-03         -19.7188     
                7.075E-03        -20.1019     
                7.08E-03         -20.3666     
                7.085E-03        -20.1978     
                7.09E-03         -19.5852     
                7.095E-03        -19.6803     
                7.1E-03          -19.0803     
                7.105E-03        -17.0164     
                7.11E-03         -17.1239     
                7.115E-03         -9.98929    
                7.12E-03         -19.0426     
                7.125E-03        -18.7765     
                7.13E-03         -19.0916     
                7.135E-03        -18.9065     
                7.14E-03         -19.0783     
                7.145E-03        -18.1614     
                7.15E-03         -15.8529     
                7.155E-03        -16.3018     
                7.16E-03         -16.653      
                7.165E-03        -16.3254     
                7.17E-03         -15.9117     
                7.175E-03        -15.7228     
                7.18E-03         -15.8181     
                7.185E-03        -13.6898     
                7.19E-03         -14.5814     
                7.195E-03        -16.465      
                7.2E-03          -16.5541     
                7.205E-03        -16.3815     
                7.21E-03         -16.7176     
                7.215E-03        -13.7085     
                7.22E-03          -9.38636    
                7.225E-03        -12.6919     
                7.23E-03         -15.2721     
                7.235E-03        -14.0588     
                7.24E-03         -10.4898     
                7.245E-03        -12.7888     
                7.25E-03         -11.3847     
                7.255E-03        -16.8064     
                7.26E-03         -15.7444     
                7.265E-03        -11.8029     
                7.27E-03         -14.366      
                7.275E-03        -13.8201     
                7.28E-03         -13.887      
                7.285E-03        -11.6716     
                7.29E-03         -14.4108     
                7.295E-03        -10.1402     
                7.3E-03          -17.4902     
                7.305E-03        -25.148      
                7.31E-03         -25.2981     
                7.315E-03        -24.5891     
                7.32E-03         -29.9456     
                7.325E-03        -22.8737     
                7.33E-03         -25.39       
                7.335E-03        -23.3408     
                7.34E-03         627.354E-06  
                7.345E-03        -24.8016     
                7.35E-03         -28.9354     
                7.355E-03        -25.4548     
                7.36E-03         -27.5616     
                7.365E-03        -26.1989     
                7.37E-03         -25.0866     
                7.375E-03        -24.0135     
                7.38E-03         -24.499      
                7.385E-03         -7.96325    
                7.39E-03         -20.2874     
                7.395E-03        -22.7618     
                7.4E-03          -22.04       
                7.405E-03        -23.184      
                7.41E-03         -11.0223     
                7.415E-03        -21.9596     
                7.42E-03         -22.6263     
                7.425E-03        -21.9424     
                7.43E-03         -22.2155     
                7.435E-03        -18.2924     
                7.44E-03         -10.4792     
                7.445E-03        -19.9633     
                7.45E-03         -21.144      
                7.455E-03        -19.7826     
                7.46E-03         -20.1125     
                7.465E-03        -18.4984     
                7.47E-03         -16.3905     
                7.475E-03        -15.3177     
                7.48E-03         -14.6593     
                7.485E-03        -14.5142     
                7.49E-03         -13.3876     
                7.495E-03        -13.2024     
                7.5E-03          -10.0286     
                7.505E-03        -10.6974     
                7.51E-03          -9.72152    
                7.515E-03         -9.40655    
                7.52E-03          -8.83409    
                7.525E-03         -8.74763    
                7.53E-03          -8.45636    
                7.535E-03         -4.84371    
                7.54E-03          -7.63239    
                7.545E-03         -8.41148    
                7.55E-03          -8.47742    
                7.555E-03         -7.79786    
                7.56E-03          -7.54696    
                7.565E-03         -7.15617    
                7.57E-03          -6.84767    
                7.575E-03         -5.21576    
                7.58E-03          -5.67909    
                7.585E-03         -5.34302    
                7.59E-03          -5.31899    
                7.595E-03         -4.88294    
                7.6E-03           -4.56237    
                7.605E-03         -4.18488    
                7.61E-03          -3.9456     
                7.615E-03         -3.72668    
                7.62E-03          -2.90846    
                7.625E-03         -2.79694    
                7.63E-03          -2.74724    
                7.635E-03         -2.68419    
                7.64E-03          -2.69637    
                7.645E-03         -2.67976    
                7.65E-03          -2.60702    
                7.655E-03         -5.05609    
                7.66E-03          -5.90672    
                7.665E-03         -4.76604    
                7.67E-03          -4.82571    
                7.675E-03         -4.48742    
                7.68E-03          -4.19435    
                7.685E-03         -4.07909    
                7.69E-03          -3.98361    
                7.695E-03         -3.89129    
                7.7E-03           -3.74541    
                7.705E-03         -3.12597    
                7.71E-03          -3.24116    
                7.715E-03         -3.03799    
                7.72E-03          -3.00233    
                7.725E-03         -2.84732    
                7.73E-03          -2.80913    
                7.735E-03         -2.67536    
                7.74E-03          -3.96535    
                7.745E-03          1.12732E-03
                7.75E-03         839.069E-06  
                7.755E-03          1.21424E-03
                7.76E-03        -719.645E-03  
                7.765E-03        179.961E-06  
                7.77E-03         209.406E-06  
                7.775E-03       -275.329E-06  
                7.78E-03        -742.54E-06   
                7.785E-03         -1.93457E-03
                7.79E-03         -11.2997     
                7.795E-03        -22.852      
                7.8E-03          -25.6801     
                7.805E-03        -20.1263     
                7.81E-03         -24.3792     
                7.815E-03        -28.7144     
                7.82E-03         -31.1321     
                7.825E-03        -31.8253     
                7.83E-03         -32.1729     
                7.835E-03        -28.8787     
                7.84E-03         -30.2132     
                7.845E-03        -30.4046     
                7.85E-03         -30.8976     
                7.855E-03        -31.2327     
                7.86E-03         -27.8993     
                7.865E-03        -29.321      
                7.87E-03         -29.1589     
                7.875E-03        -29.2818     
                7.88E-03         -24.6681     
                7.885E-03        -26.5131     
                7.89E-03         -26.8676     
                7.895E-03        -26.5511     
                7.9E-03          -23.6634     
                7.905E-03        -20.3373     
                7.91E-03         -26.4795     
                7.915E-03        -26.7388     
                7.92E-03         -22.6413     
                7.925E-03        -24.5241     
                7.93E-03         -23.3591     
                7.935E-03        -17.3565     
                7.94E-03         -26.4302     
                7.945E-03        -22.9063     
                7.95E-03         -22.8448     
                7.955E-03        -22.5205     
                7.96E-03         -22.4241     
                7.965E-03        -20.0253     
                7.97E-03         -21.3947     
                7.975E-03        -20.9587     
                7.98E-03         -21.6512     
                7.985E-03        -21.3496     
                7.99E-03         -17.8852     
                7.995E-03        -18.5798     
                8.E-03           -12.2769     
                8.005E-03        -20.5188     
                8.01E-03         -20.4644     
                8.015E-03        -19.023      
                8.02E-03         -16.2199     
                8.025E-03        -15.625      
                8.03E-03         -15.3526     
                8.035E-03        -14.5234     
                8.04E-03         -14.1644     
                8.045E-03        -12.9329     
                8.05E-03         -13.2552     
                8.055E-03        -12.7712     
                8.06E-03         -13.0718     
                8.065E-03        -13.1095     
                8.07E-03         -13.4431     
                8.075E-03        -12.4851     
                8.08E-03         -12.7054     
                8.085E-03        -12.3926     
                8.09E-03         -11.7224     
                8.095E-03        -14.3857     
                8.1E-03          -12.8993     
                8.105E-03        -12.7685     
                8.11E-03         -12.5415     
                8.115E-03         -9.14472    
                8.12E-03         -15.212      
                8.125E-03        -13.1659     
                8.13E-03         -13.6468     
                8.135E-03        -14.5802     
                8.14E-03         -15.7865     
                8.145E-03        -15.902      
                8.15E-03         -13.1622     
                8.155E-03        -13.1646     
                8.16E-03         -12.5269     
                8.165E-03        -12.6099     
                8.17E-03         -11.9767     
                8.175E-03        -10.9224     
                8.18E-03         -16.643      
                8.185E-03        -14.371      
                8.19E-03         -14.1067     
                8.195E-03        -14.0182     
                8.2E-03          -18.2141     
                8.205E-03        -17.3872     
                8.21E-03         -14.8191     
                8.215E-03        -14.5425     
                8.22E-03         -18.5066     
                8.225E-03        -17.6748     
                8.23E-03         -17.3285     
                8.235E-03        -14.3739     
                8.24E-03         -14.0743     
                8.245E-03        -13.0448     
                8.25E-03         -17.2479     
                8.255E-03        -16.3618     
                8.26E-03         -14.517      
                8.265E-03        -13.8684     
                8.27E-03         -12.6074     
                8.275E-03        -15.1348     
                8.28E-03         -16.0269     
                8.285E-03        -16.0641     
                8.29E-03         -13.5366     
                8.295E-03        -12.9776     
                8.3E-03          -12.64       
                8.305E-03        -12.2003     
                8.31E-03         -11.5156     
                8.315E-03        -13.9284     
                8.32E-03         -13.7392     
                8.325E-03        -12.7369     
                8.33E-03         -12.6168     
                8.335E-03        -12.0914     
                8.34E-03         -10.3463     
                8.345E-03        -10.1372     
                8.35E-03         -13.7636     
                8.355E-03        -13.0715     
                8.36E-03         -13.2265     
                8.365E-03        -11.2514     
                8.37E-03         -10.5649     
                8.375E-03        -14.6131     
                8.38E-03         -13.7585     
                8.385E-03        -13.335      
                8.39E-03         -11.4056     
                8.395E-03        -11.5533     
                8.4E-03          -10.8001     
                8.405E-03        -10.7287     
                8.41E-03         -10.2928     
                8.415E-03         -9.70798    
                8.42E-03         -12.3893     
                8.425E-03        -11.8797     
                8.43E-03         -15.8077     
                8.435E-03        -15.4192     
                8.44E-03         -19.7869     
                8.445E-03        -17.0147     
                8.45E-03         -16.563      
                8.455E-03        -21.3624     
                8.46E-03         -20.7255     
                8.465E-03        -20.3203     
                8.47E-03         -19.3926     
                8.475E-03        -14.4567     
                8.48E-03         -25.507      
                8.485E-03        -25.5255     
                8.49E-03         -24.6236     
                8.495E-03        -23.818      
                8.5E-03          -21.387      
                8.505E-03        -20.535      
                8.51E-03         -19.4427     
                8.515E-03        -18.6965     
                8.52E-03         -17.3692     
                8.525E-03        -20.3519     
                8.53E-03         -19.7767     
                8.535E-03        -18.732      
                8.54E-03         -15.179      
                8.545E-03        -15.3905     
                8.55E-03         -11.0294     
                8.555E-03        -18.7183     
                8.56E-03         -17.372      
                8.565E-03        -14.3168     
                8.57E-03         -14.278      
                8.575E-03        -13.0679     
                8.58E-03         -12.3804     
                8.585E-03        -12.0479     
                8.59E-03         -10.22       
                8.595E-03         -9.77851    
                8.6E-03           -9.27854    
                8.605E-03         -8.7855     
                8.61E-03          -6.98269    
                8.615E-03         -9.43526    
                8.62E-03          -8.71381    
                8.625E-03         -8.11527    
                8.63E-03          -9.03226    
                8.635E-03        -11.3226     
                8.64E-03         -10.4964     
                8.645E-03         -6.6176     
                8.65E-03          -6.16431    
                8.655E-03         -7.9328     
                8.66E-03         -10.8487     
                8.665E-03        -10.1969     
                8.67E-03         -10.5155     
                8.675E-03         -9.05216    
                8.68E-03          -8.45414    
                8.685E-03         -7.9364     
                8.69E-03          -7.5946     
                8.695E-03         -1.5205E-03 
                8.7E-03           -9.78931    
                8.705E-03         -5.20602    
                8.71E-03         -22.5778     
                8.715E-03        -15.4337     
                8.72E-03         -14.3818     
                8.725E-03         -9.96022    
                8.73E-03         -11.2855     
                8.735E-03        -10.4201     
                8.74E-03         -14.673      
                8.745E-03        -12.6682     
                8.75E-03         -12.0508     
                8.755E-03        -11.1942     
                8.76E-03          -7.97073    
                8.765E-03        -13.6098     
                8.77E-03         -12.4628     
                8.775E-03        -12.0098     
                8.78E-03          -9.90877    
                8.785E-03         -9.80004    
                8.79E-03          -9.21173    
                8.795E-03         -8.807      
                8.8E-03           -7.60906    
                8.805E-03         -7.38804    
                8.81E-03          -7.09121    
                8.815E-03         -6.92836    
                8.82E-03          -5.92837    
                8.825E-03         -5.68735    
                8.83E-03          -8.71894    
                8.835E-03         -8.08508    
                8.84E-03          -4.73489    
                8.845E-03         -6.71605    
                8.85E-03          -1.40251    
                8.855E-03        -16.4798     
                8.86E-03         -24.9787     
                8.865E-03        -28.4424     
                8.87E-03         -30.9141     
                8.875E-03        -27.8218     
                8.88E-03         -30.3972     
                8.885E-03        -31.4753     
                8.89E-03         -31.4237     
                8.895E-03        -28.5019     
                8.9E-03          -29.87       
                8.905E-03        -34.2244     
                8.91E-03         -28.8177     
                8.915E-03        -28.3692     
                8.92E-03         -29.7806     
                8.925E-03        -26.3454     
                8.93E-03         -25.8176     
                8.935E-03        -25.598      
                8.94E-03         -21.9286     
                8.945E-03        -25.1811     
                8.95E-03         -25.2329     
                8.955E-03        -19.9323     
                8.96E-03         -22.0376     
                8.965E-03        -22.0712     
                8.97E-03         -23.7631     
                8.975E-03        -18.2789     
                8.98E-03         -20.3049     
                8.985E-03        -20.6274     
                8.99E-03         -17.4342     
                8.995E-03        -21.7072     
                9.E-03           -19.5376     
                9.005E-03        -18.8314     
                9.01E-03         -18.3687     
                9.015E-03        -20.4185     
                9.02E-03         -18.1192     
                9.025E-03        -17.9866     
                9.03E-03         -17.2124     
                9.035E-03        -10.5246     
                9.04E-03         -17.3034     
                9.045E-03        -16.4485     
                9.05E-03         -10.5067     
                9.055E-03        -19.2441     
                9.06E-03         -18.8382     
                9.065E-03        -22.9185     
                9.07E-03         -19.9025     
                9.075E-03        -15.8755     
                9.08E-03         -15.3287     
                9.085E-03        -10.0544     
                9.09E-03         -19.536      
                9.095E-03        -15.1397     
                9.1E-03          -14.6999     
                9.105E-03        -14.3273     
                9.11E-03         -12.1382     
                9.115E-03        -14.9806     
                9.12E-03         -14.1479     
                9.125E-03        -13.1934     
                9.13E-03         -10.9849     
                9.135E-03        -13.6459     
                9.14E-03         -13.1286     
                9.145E-03        -12.5041     
                9.15E-03         -11.3827     
                9.155E-03        -10.0431     
                9.16E-03         -10.1936     
                9.165E-03        -12.5564     
                9.17E-03         -11.517      
                9.175E-03        -10.1125     
                9.18E-03          -8.8544     
                9.185E-03         -8.79561    
                9.19E-03          -6.88332    
                9.195E-03         -6.97077    
                9.2E-03           -6.45606    
                9.205E-03         -5.90179    
                9.21E-03          -5.9039     
                9.215E-03         -4.45238    
                9.22E-03          -7.08473    
                9.225E-03         -8.53352    
                9.23E-03         666.231E-06  
                9.235E-03          1.89899E-03
                9.24E-03         -26.3116     
                9.245E-03        -25.4909     
                9.25E-03         -28.1028     
                9.255E-03        -29.625      
                9.26E-03         -30.5129     
                9.265E-03        -25.4476     
                9.27E-03         -26.2228     
                9.275E-03        -26.0234     
                9.28E-03         -21.833      
                9.285E-03        -26.6945     
                9.29E-03         -25.36       
                9.295E-03        -20.1952     
                9.3E-03          -19.7476     
                9.305E-03        -18.5886     
                9.31E-03         -15.6927     
                9.315E-03        -15.6672     
                9.32E-03         -15.1137     
                9.325E-03        -13.1457     
                9.33E-03         -14.7114     
                9.335E-03        -15.5005     
                9.34E-03         -15.7194     
                9.345E-03        -13.418      
                9.35E-03         -13.6271     
                9.355E-03        -12.2362     
                9.36E-03         -12.9203     
                9.365E-03        -11.1295     
                9.37E-03         -11.7556     
                9.375E-03         -9.3463     
                9.38E-03           1.86835E-03
                9.385E-03        -25.1859     
                9.39E-03         -31.8023     
                9.395E-03        -25.3156     
                9.4E-03          -30.6897     
                9.405E-03        -30.9366     
                9.41E-03         -29.5339     
                9.415E-03        -22.6539     
                9.42E-03         -21.4155     
                9.425E-03        -20.6685     
                9.43E-03         -19.7492     
                9.435E-03        -15.2859     
                9.44E-03         -14.449      
                9.445E-03        -13.4205     
                9.45E-03         -10.8592     
                9.455E-03        -10.2397     
                9.46E-03          -9.42474    
                9.465E-03         -7.3678     
                9.47E-03          -4.40192E-03
                9.475E-03         -9.7455     
                9.48E-03          -8.97006    
                9.485E-03         -6.80972    
                9.49E-03          -6.45452    
                9.495E-03         -5.50798    
                9.5E-03           -8.23051    
                9.505E-03         -6.63838    
                9.51E-03          -6.20012    
                9.515E-03         -5.39397    
                9.52E-03          -4.94767    
                9.525E-03         -3.51135    
                9.53E-03          -3.42789    
                9.535E-03         -3.16001    
                9.54E-03          -2.88494    
                9.545E-03         -2.83395    
                9.55E-03          -6.99505    
                9.555E-03         -5.14561    
                9.56E-03          -4.42204    
                9.565E-03         -4.24863    
                9.57E-03          -3.94373    
                9.575E-03         -2.89452    
                9.58E-03          -2.33882    
                9.585E-03         -2.88825    
                9.59E-03          -2.90286    
                9.595E-03         -2.98768    
                9.6E-03           -2.53265    
                9.605E-03         -2.73011    
                9.61E-03          -4.58189    
                9.615E-03         -1.9737E-03 
                9.62E-03          -3.39216E-03
                9.625E-03         -5.99237E-03
                9.63E-03          -6.19149E-03
                9.635E-03         95.7549E-06 
                9.64E-03         -15.0707     
                9.645E-03        -28.0273     
                9.65E-03         -32.774      
                9.655E-03        -35.5237     
                9.66E-03         -35.014      
                9.665E-03        -36.7479     
                9.67E-03         -38.9778     
                9.675E-03        -40.3246     
                9.68E-03         -21.2021     
                9.685E-03        -44.6673     
                9.69E-03         -49.7859     
                9.695E-03        -53.9986     
                9.7E-03          -55.6562     
                9.705E-03        -57.2006     
                9.71E-03         -57.143      
                9.715E-03        -57.1863     
                9.72E-03         -72.8498     
                9.725E-03        -70.5612     
                9.73E-03         -69.9355     
                9.735E-03        -70.8458     
                9.74E-03         -71.8432     
                9.745E-03        -75.2169     
                9.75E-03         -75.1013     
                9.755E-03        -78.5799     
                9.76E-03         -80.608      
                9.765E-03        -80.1837     
                9.77E-03          -8.7415     
                9.775E-03        -42.6406     
                9.78E-03         -51.0408     
                9.785E-03        -55.2445     
                9.79E-03         -54.6048     
                9.795E-03        -59.936      
                9.8E-03          -59.5704     
                9.805E-03        -59.2543     
                9.81E-03         -58.1097     
                9.815E-03        -52.6496     
                9.82E-03         -41.8092     
                9.825E-03        -24.4119     
                9.83E-03         -25.969      
                9.835E-03        -27.0242     
                9.84E-03         -27.0066     
                9.845E-03        -27.2157     
                9.85E-03         -25.6331     
                9.855E-03        -26.2897     
                9.86E-03         -24.7613     
                9.865E-03        -25.3623     
                9.87E-03         -25.8074     
                9.875E-03        -24.4481     
                9.88E-03         -25.2205     
                9.885E-03        -25.9912     
                9.89E-03         -22.6885     
                9.895E-03        -29.9456     
                9.9E-03          -31.65       
                9.905E-03        -31.6314     
                9.91E-03         -26.9111     
                9.915E-03        -27.6602     
                9.92E-03         -28.7117     
                9.925E-03        -28.5261     
                9.93E-03         -29.4502     
                9.935E-03        -24.8103     
                9.94E-03         -25.2294     
                9.945E-03        -25.6815     
                9.95E-03         -26.2489     
                9.955E-03        -26.7026     
                9.96E-03         -28.109      
                9.965E-03        -23.5781     
                9.97E-03         -26.1092     
                9.975E-03        -25.6234     
                9.98E-03          -4.34666    
                9.985E-03        -15.6848     
                9.99E-03         -20.5198     
                9.995E-03        -13.815      
               10.E-03           -14.9481     




