
                  X               _temp_3     

                0.               615.256E-06  
                1.30008E-06     -498.84       
                2.60014E-06      229.572      
                3.90022E-06      250.37       
                5.2003E-06      -414.326      
                6.50038E-06     -200.5        
                7.80046E-06      163.273      
                9.10075E-06     -254.863      
               10.4E-06         -346.858      
               11.7006E-06        53.2648     
               13.0011E-06      -118.51       
               14.3004E-06      -334.291      
               15.6009E-06       -60.4953     
               16.9002E-06       -54.0731     
               18.2007E-06      -315.536      
               19.5012E-06      -122.78       
               20.8005E-06       -14.1775     
               22.101E-06       -301.469      
               23.4003E-06      -234.268      
               24.7008E-06        15.1565     
               26.0001E-06      -220.541      
               27.3006E-06      -354.851      
               28.6011E-06       -53.2638     
               29.9004E-06       -97.173      
               31.2009E-06      -370.4        
               32.5002E-06      -193.44       
               33.8007E-06       -38.7184     
               35.1E-06         -299.091      
               36.4005E-06      -333.524      
               37.701E-06        -99.7087     
               39.0003E-06      -201.         
               40.3008E-06      -356.989      
               41.6001E-06      -209.041      
               42.9006E-06      -161.34       
               44.2011E-06      -321.62       
               45.5004E-06      -273.343      
               46.8009E-06      -186.292      
               48.1002E-06      -278.751      
               49.4007E-06      -301.982      
               50.7E-06         -191.567      
               52.0005E-06      -265.725      
               53.301E-06       -306.068      
               54.6003E-06      -204.292      
               55.9009E-06      -225.948      
               57.2002E-06      -316.166      
               58.5007E-06      -226.724      
               59.8012E-06      -185.343      
               61.1003E-06      -264.297      
               62.4004E-06      -274.77       
               63.7006E-06      -161.935      
               65.0008E-06      -255.446      
               66.301E-06       -305.904      
               67.6011E-06      -210.311      
               68.9001E-06      -211.997      
               70.2003E-06      -289.039      
               71.5005E-06      -233.834      
               72.8007E-06      -189.498      
               74.1008E-06      -262.442      
               75.401E-06       -266.833      
               76.7012E-06      -205.406      
               78.0002E-06      -230.755      
               79.3003E-06      -255.09       
               80.6005E-06      -227.39       
               81.9007E-06      -235.11       
               83.2009E-06      -258.98       
               84.5011E-06      -189.587      
               85.8E-06         -217.292      
               87.1002E-06      -251.841      
               88.4004E-06      -233.26       
               89.7006E-06      -220.585      
               91.0007E-06      -253.104      
               92.3009E-06      -239.174      
               93.6011E-06      -206.767      
               94.9001E-06      -239.651      
               96.2002E-06      -253.229      
               97.5004E-06      -224.37       
               98.8003E-06      -217.698      
              100.101E-06       -239.423      
              101.401E-06       -229.782      
              102.701E-06       -215.388      
              104.001E-06       -242.642      
              105.301E-06       -232.688      
              106.601E-06       -213.888      
              107.901E-06       -224.491      
              109.201E-06       -241.44       
              110.5E-06         -225.202      
              111.801E-06       -218.537      
              113.101E-06       -246.564      
              114.401E-06       -238.709      
              115.701E-06       -241.52       
              117.001E-06       -243.367      
              118.301E-06       -240.314      
              119.6E-06         -225.383      
              120.901E-06       -238.815      
              122.2E-06         -243.616      
              123.501E-06       -230.632      
              124.8E-06         -245.566      
              126.101E-06       -241.183      
              127.4E-06         -240.158      
              128.701E-06       -229.116      
              130.001E-06       -241.76       
              131.301E-06       -242.895      
              132.601E-06       -215.343      
              133.901E-06       -245.359      
              135.201E-06       -245.261      
              136.501E-06       -248.241      
              137.801E-06       -237.774      
              139.1E-06         -240.904      
              140.401E-06       -252.088      
              141.7E-06         -246.394      
              143.001E-06       -259.278      
              144.3E-06         -225.575      
              145.601E-06       -247.709      
              146.9E-06         -240.275      
              148.201E-06       -253.463      
              149.5E-06         -257.395      
              150.801E-06       -240.028      
              152.1E-06         -244.947      
              153.401E-06       -254.924      
              154.7E-06         -264.967      
              156.001E-06       -249.217      
              157.3E-06         -251.066      
              158.601E-06       -244.572      
              159.9E-06         -243.392      
              161.201E-06       -273.699      
              162.5E-06         -247.847      
              163.801E-06       -253.218      
              165.1E-06         -246.904      
              166.401E-06       -233.499      
              167.7E-06         -258.834      
              169.001E-06       -261.778      
              170.3E-06         -259.871      
              171.601E-06       -259.907      
              172.901E-06       -250.803      
              174.201E-06       -229.373      
              175.501E-06       -227.97       
              176.801E-06       -263.819      
              178.101E-06       -256.03       
              179.4E-06         -261.14       
              180.701E-06       -269.651      
              182.E-06          -249.853      
              183.301E-06       -266.56       
              184.6E-06         -255.734      
              185.901E-06       -258.569      
              187.2E-06         -240.768      
              188.501E-06       -277.012      
              189.8E-06         -273.031      
              191.101E-06       -265.687      
              192.4E-06         -262.397      
              193.701E-06       -273.645      
              195.E-06          -259.957      
              196.301E-06       -263.217      
              197.6E-06         -251.879      
              198.901E-06       -265.384      
              200.2E-06         -264.304      
              201.501E-06       -251.832      
              202.8E-06         -244.262      
              204.101E-06       -279.566      
              205.4E-06         -245.545      
              206.701E-06       -284.962      
              208.E-06          -265.101      
              209.301E-06       -268.193      
              210.601E-06       -276.462      
              211.901E-06       -198.411      
              213.201E-06       -239.112      
              214.501E-06       -254.56       
              215.801E-06       -279.298      
              217.1E-06         -283.742      
              218.401E-06       -273.28       
              219.7E-06         -276.816      
              221.001E-06       -266.214      
              222.3E-06         -233.11       
              223.601E-06       -241.167      
              224.9E-06         -274.438      
              226.201E-06       -274.565      
              227.5E-06         -263.129      
              228.801E-06       -249.63       
              230.1E-06         -246.937      
              231.401E-06       -262.084      
              232.7E-06         -269.092      
              234.001E-06       -287.143      
              235.3E-06         -270.9        
              236.601E-06       -264.294      
              237.9E-06         -259.925      
              239.201E-06       -278.538      
              240.5E-06         -294.849      
              241.801E-06       -200.377      
              243.1E-06         -245.344      
              244.401E-06       -259.762      
              245.7E-06         -210.382      
              247.001E-06       -267.014      
              248.3E-06         -289.361      
              249.601E-06       -246.726      
              250.9E-06         -269.612      
              252.201E-06       -251.367      
              253.501E-06       -277.676      
              254.801E-06       -287.428      
              256.101E-06       -218.506      
              257.401E-06       -266.098      
              258.701E-06       -300.962      
              260.E-06          -259.872      
              261.301E-06       -275.699      
              262.6E-06         -276.112      
              263.901E-06       -273.249      
              265.2E-06         -249.645      
              266.5E-06         -274.287      
              267.801E-06       -275.908      
              269.101E-06       -263.638      
              270.401E-06       -270.901      
              271.7E-06         -226.45       
              273.E-06          -280.361      
              274.301E-06       -255.478      
              275.6E-06         -252.18       
              276.901E-06       -223.634      
              278.2E-06         -225.734      
              279.501E-06       -239.449      
              280.8E-06         -245.47       
              282.101E-06       -238.048      
              283.4E-06         -269.915      
              284.701E-06       -266.003      
              286.E-06          -276.437      
              287.301E-06       -138.614      
              288.6E-06         -225.946      
              289.901E-06       -264.681      
              291.201E-06       -269.371      
              292.501E-06       -257.259      
              293.801E-06       -295.66       
              295.101E-06       -254.505      
              296.401E-06       -274.502      
              297.701E-06       -291.055      
              299.001E-06       -255.632      
              300.3E-06         -259.322      
              301.601E-06       -229.717      
              302.9E-06         -273.693      
              304.201E-06       -263.271      
              305.5E-06         -205.909      
              306.801E-06       -268.128      
              308.1E-06         -202.191      
              309.4E-06         -259.616      
              310.7E-06         -238.289      
              312.001E-06       -245.765      
              313.3E-06         -250.676      
              314.601E-06       -257.267      
              315.9E-06         -266.811      
              317.201E-06       -263.983      
              318.5E-06         -251.143      
              319.8E-06         -235.699      
              321.1E-06         -226.121      
              322.401E-06       -269.652      
              323.7E-06         -288.192      
              325.001E-06       -250.261      
              326.3E-06         -250.118      
              327.6E-06         -256.809      
              328.901E-06       -246.382      
              330.2E-06         -234.62       
              331.501E-06       -275.799      
              332.801E-06       -228.271      
              334.1E-06         -275.952      
              335.401E-06       -284.964      
              336.701E-06       -262.864      
              338.E-06          -198.868      
              339.301E-06       -245.612      
              340.601E-06       -268.682      
              341.901E-06       -252.25       
              343.2E-06         -275.394      
              344.501E-06       -275.994      
              345.8E-06         -250.177      
              347.101E-06       -260.215      
              348.4E-06         -258.954      
              349.7E-06         -254.284      
              351.E-06          -239.37       
              352.301E-06       -214.687      
              353.6E-06         -234.408      
              354.901E-06       -247.923      
              356.2E-06         -256.595      
              357.501E-06       -269.924      
              358.8E-06         -244.791      
              360.101E-06       -258.135      
              361.401E-06       -261.935      
              362.701E-06       -233.16       
              364.001E-06       -237.32       
              365.301E-06       -251.552      
              366.6E-06         -205.112      
              367.901E-06       -189.567      
              369.201E-06       -185.441      
              370.5E-06         -268.293      
              371.801E-06       -170.452      
              373.101E-06       -163.703      
              374.4E-06         -239.172      
              375.701E-06       -290.807      
              377.001E-06       -268.12       
              378.301E-06       -242.034      
              379.601E-06       -236.903      
              380.9E-06         -258.621      
              382.201E-06       -245.417      
              383.501E-06       -258.062      
              384.8E-06         -260.794      
              386.101E-06       -248.67       
              387.401E-06       -254.547      
              388.7E-06         -256.736      
              390.E-06          -273.702      
              391.301E-06       -267.634      
              392.6E-06         -289.92       
              393.9E-06         -193.952      
              395.2E-06         -229.596      
              396.5E-06         -201.974      
              397.801E-06       -256.424      
              399.101E-06       -270.92       
              400.4E-06         -258.568      
              401.7E-06         -315.005      
              403.E-06          -276.55       
              404.301E-06       -247.266      
              405.6E-06         -291.019      
              406.9E-06         -270.335      
              408.201E-06       -284.4        
              409.501E-06       -190.211      
              410.801E-06       -254.964      
              412.1E-06         -249.292      
              413.401E-06       -276.431      
              414.701E-06       -275.313      
              416.E-06          -278.19       
              417.3E-06         -237.657      
              418.601E-06       -241.726      
              419.901E-06       -265.508      
              421.2E-06         -276.095      
              422.5E-06         -277.917      
              423.801E-06       -247.383      
              425.101E-06       -202.408      
              426.4E-06         -274.891      
              427.701E-06       -279.026      
              429.001E-06       -291.511      
              430.301E-06       -241.699      
              431.601E-06       -255.141      
              432.901E-06       -250.486      
              434.2E-06         -280.597      
              435.5E-06         -286.493      
              436.801E-06       -288.548      
              438.1E-06         -252.657      
              439.4E-06         -220.8        
              440.701E-06       -277.033      
              442.001E-06       -261.561      
              443.3E-06         -282.988      
              444.601E-06       -284.006      
              445.901E-06       -209.864      
              447.2E-06         -233.955      
              448.501E-06       -241.166      
              449.8E-06         -276.891      
              451.101E-06       -277.543      
              452.401E-06       -291.348      
              453.701E-06       -250.225      
              455.E-06          -251.87       
              456.301E-06       -242.489      
              457.6E-06         -295.617      
              458.9E-06         -300.627      
              460.201E-06       -293.464      
              461.501E-06       -291.092      
              462.8E-06         -260.868      
              464.101E-06       -286.061      
              465.401E-06       -494.456      
              466.7E-06         -297.979      
              468.001E-06       -288.987      
              469.301E-06       -282.906      
              470.6E-06         -228.027      
              471.901E-06       -271.28       
              473.201E-06       -294.796      
              474.5E-06         -267.221      
              475.801E-06       -272.96       
              477.101E-06       -280.932      
              478.4E-06         -212.92       
              479.701E-06       -250.837      
              481.001E-06       -272.273      
              482.3E-06         -287.129      
              483.6E-06         -288.814      
              484.901E-06       -177.208      
              486.201E-06       -324.106      
              487.5E-06         -260.566      
              488.801E-06       -279.94       
              490.101E-06       -293.271      
              491.4E-06         -294.512      
              492.701E-06       -245.725      
              494.E-06          -203.696      
              495.301E-06       -312.918      
              496.601E-06       -266.577      
              497.9E-06         -298.836      
              499.201E-06       -305.063      
              500.501E-06       -294.617      
              501.801E-06       -250.225      
              503.1E-06         -280.471      
              504.4E-06         -288.194      
              505.701E-06       -298.91       
              507.001E-06       -294.025      
              508.3E-06         -270.232      
              509.601E-06       -176.049      
              510.9E-06         -274.793      
              512.201E-06       -286.868      
              513.501E-06       -304.551      
              514.8E-06         -302.739      
              516.1E-06         -291.541      
              517.4E-06         -259.187      
              518.701E-06       -262.803      
              520.001E-06       -311.679      
              521.3E-06         -280.917      
              522.601E-06       -328.841      
              523.901E-06       -319.336      
              525.2E-06         -144.756      
              526.501E-06       -256.627      
              527.8E-06         -263.358      
              529.1E-06         -297.104      
              530.401E-06       -310.022      
              531.701E-06       -294.168      
              533.E-06          -336.789      
              534.3E-06         -242.576      
              535.601E-06       -279.312      
              536.901E-06       -287.852      
              538.2E-06         -293.306      
              539.5E-06         -293.026      
              540.801E-06       -305.067      
              542.1E-06         -229.89       
              543.401E-06       -255.745      
              544.701E-06       -268.241      
              546.E-06          -290.022      
              547.301E-06       -305.592      
              548.601E-06       -295.703      
              549.9E-06         -257.716      
              551.2E-06         -254.858      
              552.501E-06       -279.527      
              553.801E-06       -314.569      
              555.1E-06         -303.993      
              556.4E-06         -262.495      
              557.701E-06       -269.892      
              559.E-06          -282.088      
              560.3E-06         -284.783      
              561.601E-06       -311.693      
              562.9E-06         -315.871      
              564.2E-06         -221.63       
              565.5E-06         -308.59       
              566.801E-06       -289.43       
              568.1E-06         -309.002      
              569.4E-06         -292.383      
              570.701E-06       -291.334      
              572.001E-06       -186.954      
              573.3E-06         -264.136      
              574.601E-06       -279.409      
              575.901E-06       -303.655      
              577.2E-06         -289.613      
              578.5E-06         -316.344      
              579.8E-06         -213.196      
              581.101E-06       -249.856      
              582.401E-06       -312.536      
              583.7E-06         -298.187      
              585.E-06          -331.637      
              586.301E-06       -297.002      
              587.601E-06       -243.903      
              588.9E-06         -255.384      
              590.2E-06         -271.208      
              591.501E-06       -301.051      
              592.801E-06       -314.596      
              594.1E-06         -295.92       
              595.401E-06       -317.251      
              596.7E-06         -216.577      
              598.001E-06       -242.453      
              599.3E-06         -284.809      
              600.6E-06         -291.457      
              601.901E-06       -334.949      
              603.201E-06       -306.835      
              604.5E-06         -301.563      
              605.801E-06       -327.694      
              607.101E-06       -254.267      
              608.401E-06       -272.908      
              609.7E-06         -314.604      
              611.E-06          -311.809      
              612.301E-06       -305.193      
              613.6E-06         -316.585      
              614.901E-06       -254.154      
              616.2E-06         -280.452      
              617.501E-06       -293.261      
              618.801E-06       -304.959      
              620.1E-06         -313.359      
              621.401E-06       -173.123      
              622.701E-06       -284.361      
              624.E-06          -268.805      
              625.301E-06       -320.281      
              626.601E-06       -306.24       
              627.9E-06         -289.937      
              629.2E-06         -316.643      
              630.501E-06       -307.092      
              631.801E-06       -272.41       
              633.1E-06         -275.046      
              634.401E-06       -320.56       
              635.701E-06       -297.409      
              637.E-06          -344.201      
              638.3E-06         -249.046      
              639.601E-06       -306.187      
              640.9E-06         -293.665      
              642.2E-06         -302.535      
              643.501E-06       -325.012      
              644.801E-06       -304.744      
              646.101E-06       -186.932      
              647.4E-06         -265.296      
              648.701E-06       -305.33       
              650.001E-06       -325.695      
              651.3E-06         -278.597      
              652.6E-06         -314.517      
              653.901E-06       -329.105      
              655.201E-06       -318.422      
              656.501E-06       -257.333      
              657.8E-06         -278.341      
              659.1E-06         -321.152      
              660.401E-06       -310.878      
              661.701E-06       -329.217      
              663.E-06          -238.109      
              664.301E-06       -275.636      
              665.601E-06       -286.542      
              666.9E-06         -308.33       
              668.201E-06       -311.707      
              669.501E-06       -316.541      
              670.8E-06         -151.504      
              672.101E-06       -270.3        
              673.401E-06       -305.129      
              674.7E-06         -194.657      
              676.E-06          -307.252      
              677.301E-06       -296.757      
              678.6E-06         -271.324      
              679.9E-06         -342.969      
              681.201E-06       -294.659      
              682.5E-06         -221.267      
              683.8E-06         -274.485      
              685.101E-06       -249.556      
              686.401E-06       -329.503      
              687.7E-06         -298.448      
              689.001E-06       -299.825      
              690.301E-06       -327.904      
              691.6E-06         -310.774      
              692.9E-06         -263.674      
              694.201E-06       -219.599      
              695.501E-06       -269.604      
              696.8E-06         -296.795      
              698.101E-06       -319.084      
              699.401E-06       -294.096      
              700.7E-06         -318.261      
              702.E-06          -190.221      
              703.301E-06       -256.396      
              704.601E-06       -242.977      
              705.9E-06         -292.653      
              707.201E-06       -300.115      
              708.501E-06       -188.719      
              709.8E-06         -226.42       
              711.101E-06       -287.637      
              712.4E-06         -314.069      
              713.7E-06         -295.736      
              715.001E-06       -282.432      
              716.301E-06       -267.771      
              717.601E-06       -196.061      
              718.901E-06       -250.669      
              720.2E-06         -339.149      
              721.501E-06       -267.374      
              722.801E-06       -285.377      
              724.1E-06         -287.89       
              725.401E-06       -224.872      
              726.701E-06       -258.531      
              728.E-06          -304.326      
              729.3E-06         -279.122      
              730.601E-06       -274.37       
              731.901E-06       -249.778      
              733.2E-06         -255.794      
              734.5E-06         -277.203      
              735.801E-06       -272.084      
              737.101E-06       -282.165      
              738.4E-06         -282.466      
              739.701E-06       -299.789      
              741.001E-06       -280.956      
              742.3E-06         -307.816      
              743.601E-06       -259.735      
              744.901E-06       -299.916      
              746.2E-06         -290.956      
              747.5E-06         -274.138      
              748.801E-06       -266.397      
              750.1E-06         -245.964      
              751.401E-06       -289.455      
              752.701E-06       -300.297      
              754.E-06          -286.654      
              755.301E-06       -287.761      
              756.601E-06       -296.63       
              757.901E-06       -261.727      
              759.2E-06         -305.586      
              760.501E-06       -295.094      
              761.801E-06       -198.364      
              763.1E-06         -291.944      
              764.4E-06         -271.032      
              765.701E-06       -287.099      
              767.E-06          -300.762      
              768.301E-06       -246.35       
              769.6E-06         -283.08       
              770.901E-06       -311.633      
              772.2E-06         -235.96       
              773.501E-06       -274.667      
              774.8E-06         -269.012      
              776.101E-06       -186.044      
              777.4E-06         -257.113      
              778.701E-06       -257.307      
              780.E-06          -249.939      
              781.301E-06       -270.637      
              782.6E-06         -238.591      
              783.901E-06       -273.293      
              785.2E-06         -227.397      
              786.501E-06       -243.345      
              787.8E-06         -268.119      
              789.101E-06       -262.801      
              790.4E-06         -277.747      
              791.701E-06       -286.088      
              793.E-06          -265.018      
              794.301E-06       -241.406      
              795.601E-06       -274.272      
              796.901E-06       -219.783      
              798.201E-06       -273.408      
              799.501E-06       -258.092      
              800.801E-06       -267.834      
              802.1E-06         -283.943      
              803.401E-06       -260.719      
              804.701E-06       -277.71       
              806.001E-06       -245.502      
              807.3E-06         -266.733      
              808.601E-06       -289.302      
              809.9E-06         -266.639      
              811.201E-06       -224.254      
              812.5E-06         -273.311      
              813.801E-06       -241.018      
              815.1E-06         -270.435      
              816.401E-06       -297.438      
              817.7E-06         -278.677      
              819.001E-06       -248.928      
              820.3E-06         -271.201      
              821.601E-06       -278.322      
              822.9E-06         -275.085      
              824.201E-06       -267.413      
              825.5E-06         -253.787      
              826.801E-06       -130.954      
              828.1E-06         -248.487      
              829.401E-06       -276.072      
              830.7E-06         -272.386      
              832.001E-06       -271.582      
              833.3E-06         -293.615      
              834.601E-06       -237.061      
              835.9E-06         -272.259      
              837.201E-06       -280.865      
              838.5E-06         -272.744      
              839.801E-06       -290.556      
              841.101E-06       -200.465      
              842.401E-06       -287.191      
              843.701E-06       -240.985      
              845.E-06          -257.265      
              846.301E-06       -290.983      
              847.6E-06         -283.298      
              848.901E-06       -249.717      
              850.2E-06         -252.418      
              851.501E-06       -237.24       
              852.8E-06         -281.402      
              854.101E-06       -225.708      
              855.4E-06         -202.391      
              856.701E-06       -247.891      
              858.E-06          -235.688      
              859.301E-06       -292.229      
              860.6E-06         -292.964      
              861.901E-06       -269.887      
              863.2E-06         -259.741      
              864.501E-06       -245.715      
              865.8E-06         -235.714      
              867.101E-06       -294.083      
              868.4E-06         -288.82       
              869.701E-06       -211.514      
              871.E-06          -262.973      
              872.301E-06       -225.821      
              873.6E-06         -280.332      
              874.901E-06       -300.451      
              876.2E-06         -231.318      
              877.501E-06       -253.345      
              878.8E-06         -269.293      
              880.101E-06       -227.84       
              881.401E-06       -271.299      
              882.701E-06       -277.413      
              884.001E-06       -301.339      
              885.301E-06       -297.207      
              886.601E-06       -275.06       
              887.9E-06         -270.246      
              889.201E-06       -279.92       
              890.5E-06         -290.13       
              891.801E-06       -273.436      
              893.1E-06         -292.382      
              894.401E-06       -264.877      
              895.7E-06         -286.948      
              897.001E-06       -273.704      
              898.3E-06         -283.944      
              899.601E-06       -256.827      
              900.9E-06         -299.377      
              902.201E-06       -276.419      
              903.5E-06         -298.535      
              904.801E-06       -283.153      
              906.1E-06         -169.413      
              907.401E-06       -265.971      
              908.701E-06       -252.894      
              910.E-06          -284.145      
              911.3E-06         -297.042      
              912.601E-06       -294.796      
              913.901E-06       -283.052      
              915.2E-06         -274.44       
              916.501E-06       -342.152      
              917.8E-06         -282.763      
              919.101E-06       -244.187      
              920.4E-06         -319.077      
              921.701E-06       -270.235      
              923.E-06          -291.556      
              924.301E-06       -306.517      
              925.6E-06         -264.363      
              926.901E-06       -231.654      
              928.2E-06         -255.13       
              929.501E-06       -290.717      
              930.8E-06         -244.96       
              932.101E-06       -279.988      
              933.4E-06         -259.051      
              934.701E-06       -298.978      
              936.E-06          -292.404      
              937.3E-06         -302.92       
              938.601E-06       -125.152      
              939.9E-06         -257.074      
              941.201E-06       -151.607      
              942.5E-06         -281.478      
              943.801E-06       -299.568      
              945.101E-06       -310.386      
              946.401E-06       -294.2        
              947.701E-06       -314.915      
              949.E-06          -177.606      
              950.301E-06       -310.599      
              951.6E-06         -229.857      
              952.901E-06       -305.873      
              954.2E-06         -279.119      
              955.501E-06       -362.581      
              956.8E-06         -279.528      
              958.101E-06       -276.655      
              959.4E-06         -263.603      
              960.701E-06       -217.508      
              962.E-06          -261.102      
              963.301E-06       -248.565      
              964.6E-06         -278.351      
              965.901E-06       -301.649      
              967.2E-06         -221.988      
              968.501E-06       -270.785      
              969.8E-06         -243.992      
              971.101E-06       -297.81       
              972.4E-06         -102.765      
              973.701E-06       -172.269      
              975.E-06          -157.044      
              976.301E-06       -213.762      
              977.601E-06       -249.148      
              978.901E-06       -269.501      
              980.2E-06         -318.085      
              981.5E-06         -265.529      
              982.801E-06       -223.029      
              984.101E-06       -264.549      
              985.401E-06       -284.657      
              986.701E-06       -303.508      
              988.E-06          -320.205      
              989.3E-06         -239.693      
              990.601E-06       -275.051      
              991.901E-06       -254.13       
              993.201E-06       -264.93       
              994.5E-06         -294.967      
              995.8E-06         -295.667      
              997.1E-06         -298.332      
              998.401E-06       -272.95       
              999.701E-06       -282.439      
                1.001E-03       -287.416      
                1.0023E-03      -253.411      
                1.0036E-03      -243.282      
                1.0049E-03      -220.17       
                1.0062E-03      -275.476      
                1.0075E-03      -265.013      
                1.0088E-03      -273.329      
                1.0101E-03      -289.911      
                1.0114E-03      -231.674      
                1.0127E-03      -247.935      
                1.014E-03       -257.741      
                1.0153E-03      -181.844      
                1.0166E-03      -287.305      
                1.0179E-03      -274.846      
                1.0192E-03      -265.026      
                1.0205E-03      -311.233      
                1.0218E-03      -172.291      
                1.0231E-03      -281.255      
                1.0244E-03      -219.017      
                1.0257E-03      -266.622      
                1.027E-03       -281.302      
                1.0283E-03      -234.074      
                1.0296E-03      -276.011      
                1.0309E-03      -263.693      
                1.0322E-03      -266.755      
                1.0335E-03      -254.001      
                1.0348E-03      -283.078      
                1.0361E-03      -261.278      
                1.0374E-03      -271.532      
                1.0387E-03      -281.534      
                1.04E-03        -222.919      
                1.0413E-03      -285.761      
                1.0426E-03      -271.151      
                1.0439E-03      -282.543      
                1.0452E-03      -215.607      
                1.0465E-03      -247.303      
                1.0478E-03      -302.862      
                1.0491E-03      -278.409      
                1.0504E-03      -263.86       
                1.0517E-03      -280.593      
                1.053E-03       -283.368      
                1.0543E-03      -267.973      
                1.0556E-03      -277.306      
                1.0569E-03      -275.203      
                1.0582E-03      -274.871      
                1.0595E-03      -290.891      
                1.0608E-03      -271.635      
                1.0621E-03      -276.025      
                1.0634E-03      -283.666      
                1.0647E-03      -271.881      
                1.066E-03       -268.87       
                1.0673E-03      -243.705      
                1.0686E-03      -260.086      
                1.0699E-03      -271.881      
                1.0712E-03      -282.339      
                1.0725E-03      -294.382      
                1.0738E-03      -293.227      
                1.0751E-03      -281.988      
                1.0764E-03      -243.62       
                1.0777E-03      -197.262      
                1.079E-03       -245.02       
                1.0803E-03      -252.059      
                1.0816E-03      -249.384      
                1.0829E-03      -291.136      
                1.0842E-03      -209.453      
                1.0855E-03      -287.663      
                1.0868E-03      -256.007      
                1.0881E-03      -267.33       
                1.0894E-03      -263.555      
                1.0907E-03      -267.578      
                1.092E-03       -271.462      
                1.0933E-03      -289.147      
                1.0946E-03      -294.07       
                1.0959E-03      -205.013      
                1.0972E-03      -254.597      
                1.0985E-03      -279.154      
                1.0998E-03      -301.396      
                1.1011E-03      -270.555      
                1.1024E-03      -268.         
                1.1037E-03      -251.798      
                1.105E-03       -276.607      
                1.1063E-03      -259.998      
                1.1076E-03      -313.376      
                1.1089E-03      -247.716      
                1.1102E-03      -269.064      
                1.1115E-03      -287.607      
                1.1128E-03      -261.125      
                1.1141E-03      -236.587      
                1.1154E-03      -241.809      
                1.1167E-03      -264.122      
                1.118E-03       -228.266      
                1.1193E-03      -255.699      
                1.1206E-03      -251.461      
                1.1219E-03      -238.542      
                1.1232E-03      -261.1        
                1.1245E-03      -283.019      
                1.1258E-03       -75.7149     
                1.1271E-03      -261.527      
                1.1284E-03      -226.625      
                1.1297E-03      -256.542      
                1.131E-03       -201.381      
                1.1323E-03      -207.915      
                1.1336E-03      -242.449      
                1.1349E-03      -258.805      
                1.1362E-03      -225.109      
                1.1375E-03      -266.368      
                1.1388E-03      -188.308      
                1.1401E-03      -257.205      
                1.1414E-03      -264.099      
                1.1427E-03      -268.454      
                1.144E-03       -180.352      
                1.1453E-03      -281.218      
                1.1466E-03      -226.799      
                1.1479E-03      -269.207      
                1.1492E-03      -261.407      
                1.1505E-03      -296.174      
                1.1518E-03      -208.212      
                1.1531E-03      -276.246      
                1.1544E-03      -236.863      
                1.1557E-03      -229.037      
                1.157E-03       -265.137      
                1.1583E-03      -256.162      
                1.1596E-03      -259.362      
                1.1609E-03      -305.985      
                1.1622E-03      -259.078      
                1.1635E-03      -291.159      
                1.1648E-03      -269.99       
                1.1661E-03      -288.856      
                1.1674E-03      -260.135      
                1.1687E-03      -295.683      
                1.17E-03        -218.52       
                1.1713E-03      -271.784      
                1.1726E-03      -258.145      
                1.1739E-03      -284.652      
                1.1752E-03      -273.959      
                1.1765E-03      -287.45       
                1.1778E-03      -260.384      
                1.1791E-03      -260.088      
                1.1804E-03      -281.277      
                1.1817E-03      -321.053      
                1.183E-03       -288.774      
                1.1843E-03      -289.555      
                1.1856E-03      -283.266      
                1.1869E-03      -280.761      
                1.1882E-03      -263.218      
                1.1895E-03      -273.553      
                1.1908E-03      -289.709      
                1.1921E-03      -278.896      
                1.1934E-03      -277.6        
                1.1947E-03      -282.983      
                1.196E-03       -282.097      
                1.1973E-03      -278.529      
                1.1986E-03      -198.693      
                1.1999E-03      -267.756      
                1.2012E-03      -253.107      
                1.2025E-03      -279.4        
                1.2038E-03      -281.605      
                1.2051E-03      -275.506      
                1.2064E-03      -190.008      
                1.2077E-03      -274.658      
                1.209E-03       -262.673      
                1.2103E-03      -126.11       
                1.2116E-03      -257.433      
                1.2129E-03      -205.023      
                1.2142E-03      -247.701      
                1.2155E-03      -273.766      
                1.2168E-03      -261.272      
                1.2181E-03      -291.229      
                1.2194E-03      -242.075      
                1.2207E-03      -268.645      
                1.222E-03       -269.555      
                1.2233E-03      -267.387      
                1.2246E-03      -277.24       
                1.2259E-03      -268.826      
                1.2272E-03      -260.62       
                1.2285E-03      -244.896      
                1.2298E-03      -255.331      
                1.2311E-03      -192.431      
                1.2324E-03      -271.698      
                1.2337E-03      -266.432      
                1.235E-03       -259.129      
                1.2363E-03      -233.232      
                1.2376E-03      -286.559      
                1.2389E-03      -258.313      
                1.2402E-03      -263.644      
                1.2415E-03      -293.497      
                1.2428E-03      -266.6        
                1.2441E-03      -246.798      
                1.2454E-03      -264.162      
                1.2467E-03      -270.227      
                1.248E-03       -280.766      
                1.2493E-03      -213.173      
                1.2506E-03      -268.151      
                1.2519E-03      -251.304      
                1.2532E-03      -243.194      
                1.2545E-03      -252.785      
                1.2558E-03      -253.267      
                1.2571E-03      -253.873      
                1.2584E-03      -165.714      
                1.2597E-03      -258.089      
                1.261E-03       -260.447      
                1.2623E-03      -228.346      
                1.2636E-03      -246.522      
                1.2649E-03      -294.06       
                1.2662E-03      -280.568      
                1.2675E-03      -272.888      
                1.2688E-03      -178.026      
                1.2701E-03      -332.929      
                1.2714E-03      -177.391      
                1.2727E-03      -311.016      
                1.274E-03       -272.72       
                1.2753E-03      -253.274      
                1.2766E-03      -234.091      
                1.2779E-03      -256.409      
                1.2792E-03      -271.258      
                1.2805E-03      -283.373      
                1.2818E-03      -304.074      
                1.2831E-03      -299.853      
                1.2844E-03      -262.386      
                1.2857E-03      -287.227      
                1.287E-03       -289.674      
                1.2883E-03      -293.244      
                1.2896E-03      -288.237      
                1.2909E-03      -271.869      
                1.2922E-03      -257.917      
                1.2935E-03      -174.246      
                1.2948E-03      -188.913      
                1.2961E-03      -220.967      
                1.2974E-03      -240.574      
                1.2987E-03      -264.078      
                1.3E-03         -218.765      
                1.3013E-03      -222.918      
                1.3026E-03      -263.869      
                1.3039E-03      -278.963      
                1.3052E-03      -269.38       
                1.3065E-03      -261.949      
                1.3078E-03      -248.641      
                1.3091E-03      -246.014      
                1.3104E-03      -261.522      
                1.3117E-03      -246.045      
                1.313E-03       -244.603      
                1.3143E-03      -235.546      
                1.3156E-03      -254.965      
                1.3169E-03      -255.348      
                1.3182E-03      -226.958      
                1.3195E-03      -246.997      
                1.3208E-03      -279.473      
                1.3221E-03      -259.117      
                1.3234E-03      -216.833      
                1.3247E-03      -247.864      
                1.326E-03       -224.121      
                1.3273E-03      -250.768      
                1.3286E-03      -221.486      
                1.3299E-03      -247.535      
                1.3312E-03      -256.036      
                1.3325E-03      -273.123      
                1.3338E-03      -267.449      
                1.3351E-03      -315.187      
                1.3364E-03      -241.145      
                1.3377E-03      -266.768      
                1.339E-03       -259.821      
                1.3403E-03      -278.69       
                1.3416E-03      -228.172      
                1.3429E-03      -260.903      
                1.3442E-03      -277.597      
                1.3455E-03      -233.314      
                1.3468E-03      -275.445      
                1.3481E-03      -263.057      
                1.3494E-03      -295.165      
                1.3507E-03      -243.035      
                1.352E-03       -239.708      
                1.3533E-03      -285.602      
                1.3546E-03      -244.465      
                1.3559E-03      -259.617      
                1.3572E-03      -347.258      
                1.3585E-03      -251.024      
                1.3598E-03      -286.424      
                1.3611E-03      -237.412      
                1.3624E-03      -261.708      
                1.3637E-03      -269.056      
                1.365E-03       -258.465      
                1.3663E-03      -282.169      
                1.3676E-03      -272.925      
                1.3689E-03      -258.174      
                1.3702E-03      -248.873      
                1.3715E-03      -278.494      
                1.3728E-03      -289.723      
                1.3741E-03      -268.462      
                1.3754E-03      -268.445      
                1.3767E-03      -302.238      
                1.378E-03       -282.435      
                1.3793E-03      -286.389      
                1.3806E-03      -254.362      
                1.3819E-03      -260.451      
                1.3832E-03      -276.536      
                1.3845E-03      -247.315      
                1.3858E-03      -284.631      
                1.3871E-03      -281.256      
                1.3884E-03      -261.991      
                1.3897E-03      -263.683      
                1.391E-03       -222.873      
                1.3923E-03      -207.578      
                1.3936E-03      -244.645      
                1.3949E-03      -256.095      
                1.3962E-03      -256.207      
                1.3975E-03      -267.811      
                1.3988E-03      -269.414      
                1.4001E-03      -274.525      
                1.4014E-03      -298.03       
                1.4027E-03      -148.728      
                1.404E-03       -278.811      
                1.4053E-03      -261.502      
                1.4066E-03      -277.535      
                1.4079E-03      -311.822      
                1.4092E-03      -275.959      
                1.4105E-03      -284.529      
                1.4118E-03      -174.272      
                1.4131E-03      -263.351      
                1.4144E-03      -257.019      
                1.4157E-03      -285.993      
                1.417E-03       -260.195      
                1.4183E-03      -299.995      
                1.4196E-03      -273.694      
                1.4209E-03      -251.802      
                1.4222E-03      -241.582      
                1.4235E-03      -241.217      
                1.4248E-03      -276.777      
                1.4261E-03      -244.671      
                1.4274E-03      -265.928      
                1.4287E-03      -277.957      
                1.43E-03        -138.791      
                1.4313E-03      -208.44       
                1.4326E-03      -175.358      
                1.4339E-03      -167.587      
                1.4352E-03      -204.835      
                1.4365E-03      -175.217      
                1.4378E-03      -248.34       
                1.4391E-03      -115.315      
                1.4404E-03      -231.895      
                1.4417E-03      -246.774      
                1.443E-03       -295.344      
                1.4443E-03      -259.654      
                1.4456E-03      -187.891      
                1.4469E-03      -307.319      
                1.4482E-03      -228.943      
                1.4495E-03      -331.795      
                1.4508E-03      -212.23       
                1.4521E-03      -282.881      
                1.4534E-03      -259.9        
                1.4547E-03      -241.418      
                1.456E-03       -251.014      
                1.4573E-03      -228.744      
                1.4586E-03      -263.094      
                1.4599E-03      -242.032      
                1.4612E-03      -283.237      
                1.4625E-03      -249.753      
                1.4638E-03      -237.545      
                1.4651E-03      -261.35       
                1.4664E-03      -268.986      
                1.4677E-03      -268.564      
                1.469E-03       -271.601      
                1.4703E-03      -261.637      
                1.4716E-03      -255.754      
                1.4729E-03      -219.743      
                1.4742E-03      -280.15       
                1.4755E-03      -274.456      
                1.4768E-03      -282.811      
                1.4781E-03      -264.922      
                1.4794E-03      -256.296      
                1.4807E-03      -313.696      
                1.482E-03       -198.356      
                1.4833E-03      -263.197      
                1.4846E-03      -226.184      
                1.4859E-03      -258.526      
                1.4872E-03      -254.428      
                1.4885E-03      -291.102      
                1.4898E-03      -275.675      
                1.4911E-03      -256.403      
                1.4924E-03      -236.734      
                1.4937E-03      -246.091      
                1.495E-03       -274.428      
                1.4963E-03      -199.659      
                1.4976E-03      -267.864      
                1.4989E-03      -260.032      
                1.5002E-03      -233.555      
                1.5015E-03      -261.97       
                1.5028E-03      -282.64       
                1.5041E-03      -275.678      
                1.5054E-03      -272.363      
                1.5067E-03      -276.612      
                1.508E-03       -219.24       
                1.5093E-03      -237.169      
                1.5106E-03      -264.931      
                1.5119E-03      -277.455      
                1.5132E-03      -197.819      
                1.5145E-03      -283.065      
                1.5158E-03      -239.259      
                1.5171E-03      -266.663      
                1.5184E-03      -261.316      
                1.5197E-03      -288.316      
                1.521E-03       -288.234      
                1.5223E-03      -256.916      
                1.5236E-03      -255.019      
                1.5249E-03      -232.243      
                1.5262E-03      -251.888      
                1.5275E-03      -270.55       
                1.5288E-03      -200.658      
                1.5301E-03      -282.075      
                1.5314E-03      -243.324      
                1.5327E-03      -268.241      
                1.534E-03       -257.966      
                1.5353E-03      -271.363      
                1.5366E-03      -316.833      
                1.5379E-03      -260.374      
                1.5392E-03      -299.955      
                1.5405E-03      -262.297      
                1.5418E-03      -210.011      
                1.5431E-03      -275.26       
                1.5444E-03      -240.153      
                1.5457E-03      -272.948      
                1.547E-03       -219.651      
                1.5483E-03      -264.069      
                1.5496E-03      -270.723      
                1.5509E-03      -268.437      
                1.5522E-03      -227.077      
                1.5535E-03      -274.151      
                1.5548E-03      -191.085      
                1.5561E-03      -274.869      
                1.5574E-03      -301.611      
                1.5587E-03      -244.769      
                1.56E-03        -271.869      
                1.5613E-03      -270.849      
                1.5626E-03      -287.958      
                1.5639E-03      -246.047      
                1.5652E-03      -264.691      
                1.5665E-03      -229.335      
                1.5678E-03      -310.889      
                1.5691E-03      -295.355      
                1.5704E-03      -282.258      
                1.5717E-03      -272.102      
                1.573E-03       -257.095      
                1.5743E-03      -282.376      
                1.5756E-03      -270.547      
                1.5769E-03      -245.588      
                1.5782E-03      -290.053      
                1.5795E-03      -265.651      
                1.5808E-03      -278.883      
                1.5821E-03      -250.92       
                1.5834E-03      -275.623      
                1.5847E-03      -252.327      
                1.586E-03       -258.692      
                1.5873E-03      -269.519      
                1.5886E-03      -291.83       
                1.5899E-03      -255.309      
                1.5912E-03      -235.847      
                1.5925E-03      -248.091      
                1.5938E-03      -251.121      
                1.5951E-03      -330.195      
                1.5964E-03      -248.015      
                1.5977E-03      -256.699      
                1.599E-03       -284.282      
                1.6003E-03      -261.914      
                1.6016E-03      -270.863      
                1.6029E-03      -258.365      
                1.6042E-03      -291.509      
                1.6055E-03      -267.357      
                1.6068E-03      -280.847      
                1.6081E-03      -292.896      
                1.6094E-03      -268.592      
                1.6107E-03      -239.801      
                1.612E-03       -276.29       
                1.6133E-03      -278.605      
                1.6146E-03      -115.244      
                1.6159E-03      -153.816      
                1.6172E-03      -237.963      
                1.6185E-03      -295.748      
                1.6198E-03      -233.89       
                1.6211E-03       -99.941      
                1.6224E-03      -126.692      
                1.6237E-03      -153.71       
                1.625E-03       -238.17       
                1.6263E-03      -233.447      
                1.6276E-03      -241.761      
                1.6289E-03      -230.359      
                1.6302E-03      -265.543      
                1.6315E-03      -318.648      
                1.6328E-03      -304.123      
                1.6341E-03      -198.714      
                1.6354E-03      -235.894      
                1.6367E-03      -285.27       
                1.638E-03       -256.527      
                1.6393E-03      -265.99       
                1.6406E-03      -196.349      
                1.6419E-03      -256.512      
                1.6432E-03      -266.125      
                1.6445E-03      -261.887      
                1.6458E-03      -279.125      
                1.6471E-03      -191.789      
                1.6484E-03      -278.649      
                1.6497E-03      -248.105      
                1.651E-03       -269.731      
                1.6523E-03      -277.361      
                1.6536E-03      -235.017      
                1.6549E-03      -261.013      
                1.6562E-03      -295.704      
                1.6575E-03      -266.268      
                1.6588E-03      -286.119      
                1.6601E-03      -270.965      
                1.6614E-03      -279.223      
                1.6627E-03      -249.022      
                1.664E-03       -274.36       
                1.6653E-03      -235.193      
                1.6666E-03      -253.896      
                1.6679E-03      -263.033      
                1.6692E-03      -249.405      
                1.6705E-03      -267.776      
                1.6718E-03      -266.018      
                1.6731E-03      -273.942      
                1.6744E-03      -249.339      
                1.6757E-03      -249.398      
                1.677E-03       -228.828      
                1.6783E-03      -230.152      
                1.6796E-03      -280.196      
                1.6809E-03      -251.056      
                1.6822E-03      -191.431      
                1.6835E-03      -283.835      
                1.6848E-03      -265.061      
                1.6861E-03      -263.203      
                1.6874E-03      -228.903      
                1.6887E-03      -241.193      
                1.69E-03        -250.974      
                1.6913E-03      -279.565      
                1.6926E-03      -280.113      
                1.6939E-03      -208.643      
                1.6952E-03      -258.907      
                1.6965E-03      -214.742      
                1.6978E-03      -232.487      
                1.6991E-03      -270.545      
                1.7004E-03      -276.066      
                1.7017E-03      -267.08       
                1.703E-03       -268.395      
                1.7043E-03      -287.631      
                1.7056E-03      -292.039      
                1.7069E-03      -269.447      
                1.7082E-03      -269.293      
                1.7095E-03      -263.183      
                1.7108E-03      -284.567      
                1.7121E-03      -271.91       
                1.7134E-03      -291.397      
                1.7147E-03      -285.703      
                1.716E-03       -299.376      
                1.7173E-03      -264.807      
                1.7186E-03      -215.7        
                1.7199E-03      -256.402      
                1.7212E-03      -260.348      
                1.7225E-03      -272.431      
                1.7238E-03      -275.484      
                1.7251E-03      -263.534      
                1.7264E-03      -278.595      
                1.7277E-03      -143.833      
                1.729E-03       -260.618      
                1.7303E-03      -247.116      
                1.7316E-03      -248.233      
                1.7329E-03      -281.044      
                1.7342E-03      -287.349      
                1.7355E-03      -250.926      
                1.7368E-03      -289.765      
                1.7381E-03      -267.093      
                1.7394E-03      -280.935      
                1.7407E-03      -217.178      
                1.742E-03       -276.544      
                1.7433E-03      -312.232      
                1.7446E-03      -308.7        
                1.7459E-03      -252.898      
                1.7472E-03      -189.133      
                1.7485E-03      -213.4        
                1.7498E-03      -247.034      
                1.7511E-03      -246.738      
                1.7524E-03      -275.485      
                1.7537E-03      -261.018      
                1.755E-03       -295.312      
                1.7563E-03      -276.101      
                1.7576E-03      -234.931      
                1.7589E-03      -266.32       
                1.7602E-03      -301.955      
                1.7615E-03      -266.803      
                1.7628E-03      -250.663      
                1.7641E-03      -241.046      
                1.7654E-03      -233.658      
                1.7667E-03      -273.411      
                1.768E-03       -309.47       
                1.7693E-03      -260.787      
                1.7706E-03      -166.008      
                1.7719E-03      -259.204      
                1.7732E-03      -258.95       
                1.7745E-03      -292.782      
                1.7758E-03      -280.232      
                1.7771E-03      -305.535      
                1.7784E-03      -264.624      
                1.7797E-03      -291.125      
                1.781E-03       -213.946      
                1.7823E-03      -296.584      
                1.7836E-03      -233.866      
                1.7849E-03      -162.574      
                1.7862E-03      -200.043      
                1.7875E-03      -266.174      
                1.7888E-03      -312.542      
                1.7901E-03      -342.353      
                1.7914E-03      -354.316      
                1.7927E-03      -216.273      
                1.794E-03       -322.73       
                1.7953E-03      -229.731      
                1.7966E-03      -263.951      
                1.7979E-03      -245.06       
                1.7992E-03      -176.076      
                1.8005E-03      -252.601      
                1.8018E-03      -220.662      
                1.8031E-03      -257.151      
                1.8044E-03      -260.77       
                1.8057E-03      -271.395      
                1.807E-03       -268.996      
                1.8083E-03      -290.272      
                1.8096E-03      -291.37       
                1.8109E-03      -295.282      
                1.8122E-03      -298.379      
                1.8135E-03      -307.35       
                1.8148E-03      -283.647      
                1.8161E-03      -251.848      
                1.8174E-03      -282.111      
                1.8187E-03      -268.618      
                1.82E-03        -272.784      
                1.8213E-03      -224.04       
                1.8226E-03      -272.511      
                1.8239E-03      -265.535      
                1.8252E-03      -264.05       
                1.8265E-03      -277.331      
                1.8278E-03      -266.089      
                1.8291E-03      -250.53       
                1.8304E-03      -275.677      
                1.8317E-03      -249.044      
                1.833E-03       -329.202      
                1.8343E-03      -257.18       
                1.8356E-03      -433.351      
                1.8369E-03      -288.822      
                1.8382E-03      -276.789      
                1.8395E-03      -265.362      
                1.8408E-03      -272.436      
                1.8421E-03      -246.318      
                1.8434E-03      -284.867      
                1.8447E-03      -258.476      
                1.846E-03       -194.815      
                1.8473E-03      -265.887      
                1.8486E-03      -266.134      
                1.8499E-03      -304.459      
                1.8512E-03      -277.217      
                1.8525E-03      -195.357      
                1.8538E-03      -294.886      
                1.8551E-03      -234.044      
                1.8564E-03      -225.299      
                1.8577E-03      -283.925      
                1.859E-03       -300.035      
                1.8603E-03      -245.302      
                1.8616E-03      -253.97       
                1.8629E-03      -267.812      
                1.8642E-03      -270.356      
                1.8655E-03      -289.732      
                1.8668E-03      -309.074      
                1.8681E-03      -288.5        
                1.8694E-03      -268.676      
                1.8707E-03      -260.798      
                1.872E-03       -279.081      
                1.8733E-03      -280.48       
                1.8746E-03      -298.061      
                1.8759E-03      -162.848      
                1.8772E-03      -248.858      
                1.8785E-03      -203.898      
                1.8798E-03      -267.554      
                1.8811E-03      -274.266      
                1.8824E-03      -270.662      
                1.8837E-03      -301.519      
                1.885E-03       -292.331      
                1.8863E-03      -290.589      
                1.8876E-03      -287.154      
                1.8889E-03      -253.149      
                1.8902E-03      -358.234      
                1.8915E-03      -248.598      
                1.8928E-03      -305.898      
                1.8941E-03      -197.716      
                1.8954E-03      -260.841      
                1.8967E-03      -266.104      
                1.898E-03       -267.789      
                1.8993E-03      -296.04       
                1.9006E-03      -194.55       
                1.9019E-03      -285.827      
                1.9032E-03      -265.889      
                1.9045E-03      -282.085      
                1.9058E-03      -311.622      
                1.9071E-03      -269.514      
                1.9084E-03      -258.104      
                1.9097E-03      -326.651      
                1.911E-03       -254.872      
                1.9123E-03      -322.961      
                1.9136E-03      -293.193      
                1.9149E-03      -259.203      
                1.9162E-03      -261.273      
                1.9175E-03      -299.802      
                1.9188E-03      -281.799      
                1.9201E-03      -255.808      
                1.9214E-03      -251.332      
                1.9227E-03      -278.675      
                1.924E-03       -268.858      
                1.9253E-03      -318.935      
                1.9266E-03      -252.574      
                1.9279E-03      -263.82       
                1.9292E-03      -281.782      
                1.9305E-03      -293.329      
                1.9318E-03      -271.055      
                1.9331E-03      -268.154      
                1.9344E-03      -163.11       
                1.9357E-03      -221.35       
                1.937E-03       -249.005      
                1.9383E-03      -277.394      
                1.9396E-03      -276.235      
                1.9409E-03      -229.021      
                1.9422E-03      -300.544      
                1.9435E-03      -258.113      
                1.9448E-03      -277.064      
                1.9461E-03      -264.737      
                1.9474E-03      -263.953      
                1.9487E-03      -167.182      
                1.95E-03        -254.099      
                1.9513E-03      -264.044      
                1.9526E-03      -249.481      
                1.9539E-03      -291.983      
                1.9552E-03      -286.221      
                1.9565E-03      -253.161      
                1.9578E-03      -266.622      
                1.9591E-03      -281.572      
                1.9604E-03      -267.212      
                1.9617E-03      -228.43       
                1.963E-03       -242.162      
                1.9643E-03      -260.676      
                1.9656E-03      -272.736      
                1.9669E-03      -307.391      
                1.9682E-03      -266.211      
                1.9695E-03      -247.66       
                1.9708E-03      -269.3        
                1.9721E-03      -291.121      
                1.9734E-03      -271.48       
                1.9747E-03      -275.606      
                1.976E-03       -214.577      
                1.9773E-03      -227.033      
                1.9786E-03      -198.5        
                1.9799E-03      -283.429      
                1.9812E-03      -283.054      
                1.9825E-03      -263.115      
                1.9838E-03      -300.471      
                1.9851E-03      -236.623      
                1.9864E-03      -271.781      
                1.9877E-03      -263.748      
                1.989E-03       -327.624      
                1.9903E-03      -243.396      
                1.9916E-03      -245.216      
                1.9929E-03      -259.322      
                1.9942E-03      -260.348      
                1.9955E-03      -256.315      
                1.9968E-03      -279.501      
                1.9981E-03      -257.343      
                1.9994E-03      -249.82       
                2.0007E-03      -248.995      
                2.002E-03       -273.615      
                2.0033E-03      -227.509      
                2.0046E-03      -282.839      
                2.0059E-03      -275.565      
                2.0072E-03      -262.463      
                2.0085E-03      -296.116      
                2.0098E-03      -277.056      
                2.0111E-03      -306.12       
                2.0124E-03      -262.85       
                2.0137E-03      -252.764      
                2.015E-03       -239.709      
                2.0163E-03      -263.962      
                2.0176E-03      -281.775      
                2.0189E-03      -277.072      
                2.0202E-03      -255.367      
                2.0215E-03      -272.503      
                2.0228E-03      -251.965      
                2.0241E-03      -283.237      
                2.0254E-03      -250.706      
                2.0267E-03      -225.114      
                2.028E-03       -239.595      
                2.0293E-03      -167.779      
                2.0306E-03      -270.37       
                2.0319E-03      -243.888      
                2.0332E-03      -252.628      
                2.0345E-03      -268.687      
                2.0358E-03      -237.393      
                2.0371E-03      -272.43       
                2.0384E-03      -266.177      
                2.0397E-03      -145.944      
                2.041E-03       -255.25       
                2.0423E-03      -238.104      
                2.0436E-03      -263.145      
                2.0449E-03      -195.98       
                2.0462E-03      -241.756      
                2.0475E-03      -261.143      
                2.0488E-03      -237.207      
                2.0501E-03      -296.952      
                2.0514E-03      -260.913      
                2.0527E-03      -238.398      
                2.054E-03       -282.839      
                2.0553E-03      -217.177      
                2.0566E-03      -207.275      
                2.0579E-03      -272.372      
                2.0592E-03      -273.459      
                2.0605E-03      -246.623      
                2.0618E-03      -283.124      
                2.0631E-03      -302.215      
                2.0644E-03      -291.093      
                2.0657E-03      -306.671      
                2.067E-03       -203.596      
                2.0683E-03      -214.346      
                2.0696E-03      -198.119      
                2.0709E-03      -265.429      
                2.0722E-03      -298.011      
                2.0735E-03      -253.27       
                2.0748E-03      -232.768      
                2.0761E-03      -249.339      
                2.0774E-03      -248.372      
                2.0787E-03      -273.086      
                2.08E-03        -278.656      
                2.0813E-03      -231.015      
                2.0826E-03      -226.535      
                2.0839E-03      -239.306      
                2.0852E-03      -250.895      
                2.0865E-03      -276.691      
                2.0878E-03      -293.479      
                2.0891E-03      -271.908      
                2.0904E-03      -195.773      
                2.0917E-03      -296.506      
                2.093E-03       -274.359      
                2.0943E-03      -279.086      
                2.0956E-03      -185.758      
                2.0969E-03      -297.364      
                2.0982E-03      -187.742      
                2.0995E-03      -260.264      
                2.1008E-03      -294.339      
                2.1021E-03      -271.046      
                2.1034E-03      -294.841      
                2.1047E-03      -269.24       
                2.106E-03       -271.644      
                2.1073E-03      -302.019      
                2.1086E-03      -171.302      
                2.1099E-03      -270.053      
                2.1112E-03      -238.898      
                2.1125E-03      -288.451      
                2.1138E-03      -222.303      
                2.1151E-03      -260.99       
                2.1164E-03      -253.676      
                2.1177E-03      -270.54       
                2.119E-03       -277.454      
                2.1203E-03      -258.238      
                2.1216E-03      -266.922      
                2.1229E-03      -282.937      
                2.1242E-03      -241.47       
                2.1255E-03      -304.148      
                2.1268E-03      -298.608      
                2.1281E-03      -275.243      
                2.1294E-03      -319.129      
                2.1307E-03      -278.188      
                2.132E-03       -267.185      
                2.1333E-03      -244.973      
                2.1346E-03      -225.988      
                2.1359E-03      -235.581      
                2.1372E-03      -248.163      
                2.1385E-03      -274.977      
                2.1398E-03      -272.642      
                2.1411E-03      -266.96       
                2.1424E-03      -309.745      
                2.1437E-03      -246.316      
                2.145E-03       -320.037      
                2.1463E-03      -274.063      
                2.1476E-03      -293.507      
                2.1489E-03      -304.567      
                2.1502E-03      -199.003      
                2.1515E-03      -269.669      
                2.1528E-03      -277.862      
                2.1541E-03      -268.15       
                2.1554E-03      -287.749      
                2.1567E-03      -272.921      
                2.158E-03       -273.419      
                2.1593E-03      -279.604      
                2.1606E-03      -285.768      
                2.1619E-03      -229.087      
                2.1632E-03      -260.959      
                2.1645E-03      -231.222      
                2.1658E-03      -269.029      
                2.1671E-03      -278.438      
                2.1684E-03      -288.922      
                2.1697E-03      -301.583      
                2.171E-03       -274.704      
                2.1723E-03      -336.237      
                2.1736E-03      -308.771      
                2.1749E-03      -251.78       
                2.1762E-03      -272.406      
                2.1775E-03      -284.299      
                2.1788E-03      -266.675      
                2.1801E-03      -307.813      
                2.1814E-03      -248.443      
                2.1827E-03      -243.011      
                2.184E-03       -248.233      
                2.1853E-03      -275.618      
                2.1866E-03      -258.889      
                2.1879E-03      -265.784      
                2.1892E-03      -263.213      
                2.1905E-03      -239.595      
                2.1918E-03      -267.92       
                2.1931E-03      -273.979      
                2.1944E-03      -257.625      
                2.1957E-03      -250.749      
                2.197E-03       -246.805      
                2.1983E-03      -256.511      
                2.1996E-03      -265.272      
                2.2009E-03      -296.212      
                2.2022E-03      -285.395      
                2.2035E-03      -295.433      
                2.2048E-03      -259.32       
                2.2061E-03      -259.691      
                2.2074E-03      -270.838      
                2.2087E-03      -293.24       
                2.21E-03        -268.842      
                2.2113E-03      -241.291      
                2.2126E-03      -282.064      
                2.2139E-03      -266.619      
                2.2152E-03      -260.608      
                2.2165E-03      -267.63       
                2.2178E-03      -278.829      
                2.2191E-03      -276.942      
                2.2204E-03      -268.562      
                2.2217E-03      -262.307      
                2.223E-03        -37.1429     
                2.2243E-03      -295.165      
                2.2256E-03      -235.049      
                2.2269E-03      -273.356      
                2.2282E-03      -236.522      
                2.2295E-03      -274.927      
                2.2308E-03      -247.297      
                2.2321E-03      -247.592      
                2.2334E-03      -286.373      
                2.2347E-03      -157.091      
                2.236E-03       -257.998      
                2.2373E-03      -255.569      
                2.2386E-03      -255.969      
                2.2399E-03      -206.934      
                2.2412E-03      -247.029      
                2.2425E-03      -236.247      
                2.2438E-03      -300.53       
                2.2451E-03      -228.562      
                2.2464E-03      -185.76       
                2.2477E-03      -248.366      
                2.249E-03       -219.025      
                2.2503E-03      -235.442      
                2.2516E-03      -281.08       
                2.2529E-03      -277.58       
                2.2542E-03      -247.777      
                2.2555E-03      -247.373      
                2.2568E-03      -252.581      
                2.2581E-03      -256.639      
                2.2594E-03      -263.991      
                2.2607E-03      -308.4        
                2.262E-03       -248.7        
                2.2633E-03      -262.027      
                2.2646E-03      -244.82       
                2.2659E-03      -195.076      
                2.2672E-03      -256.055      
                2.2685E-03      -258.735      
                2.2698E-03      -245.391      
                2.2711E-03      -277.223      
                2.2724E-03      -259.943      
                2.2737E-03      -277.227      
                2.275E-03       -187.153      
                2.2763E-03      -261.563      
                2.2776E-03      -250.343      
                2.2789E-03      -263.013      
                2.2802E-03      -281.972      
                2.2815E-03      -236.23       
                2.2828E-03      -243.558      
                2.2841E-03      -270.933      
                2.2854E-03      -245.92       
                2.2867E-03      -249.054      
                2.288E-03       -277.526      
                2.2893E-03      -280.04       
                2.2906E-03      -261.11       
                2.2919E-03      -135.985      
                2.2932E-03      -247.14       
                2.2945E-03      -227.667      
                2.2958E-03      -252.013      
                2.2971E-03      -225.82       
                2.2984E-03      -282.957      
                2.2997E-03      -278.857      
                2.301E-03       -224.627      
                2.3023E-03      -219.203      
                2.3036E-03      -198.06       
                2.3049E-03      -231.472      
                2.3062E-03      -216.568      
                2.3075E-03      -266.005      
                2.3088E-03      -308.07       
                2.3101E-03      -266.058      
                2.3114E-03      -262.012      
                2.3127E-03      -245.708      
                2.314E-03       -263.264      
                2.3153E-03      -259.207      
                2.3166E-03      -249.941      
                2.3179E-03      -257.022      
                2.3192E-03      -246.759      
                2.3205E-03      -268.472      
                2.3218E-03      -309.073      
                2.3231E-03      -223.529      
                2.3244E-03      -269.11       
                2.3257E-03      -208.113      
                2.327E-03       -255.543      
                2.3283E-03      -267.032      
                2.3296E-03      -281.627      
                2.3309E-03      -256.568      
                2.3322E-03      -252.767      
                2.3335E-03      -243.122      
                2.3348E-03      -249.814      
                2.3361E-03      -234.974      
                2.3374E-03      -233.263      
                2.3387E-03      -243.66       
                2.34E-03        -258.77       
                2.3413E-03      -259.426      
                2.3426E-03      -246.195      
                2.3439E-03      -241.991      
                2.3452E-03      -250.527      
                2.3465E-03      -277.404      
                2.3478E-03      -218.129      
                2.3491E-03      -230.468      
                2.3504E-03      -240.683      
                2.3517E-03      -223.411      
                2.353E-03       -228.343      
                2.3543E-03      -224.969      
                2.3556E-03      -170.821      
                2.3569E-03      -243.5        
                2.3582E-03      -242.286      
                2.3595E-03      -216.786      
                2.3608E-03      -242.941      
                2.3621E-03      -230.968      
                2.3634E-03      -236.648      
                2.3647E-03      -222.87       
                2.366E-03       -234.865      
                2.3673E-03      -220.339      
                2.3686E-03      -234.723      
                2.3699E-03      -214.971      
                2.3712E-03      -237.816      
                2.3725E-03      -231.601      
                2.3738E-03      -226.653      
                2.3751E-03      -221.881      
                2.3764E-03      -229.018      
                2.3777E-03      -228.002      
                2.379E-03       -208.889      
                2.3803E-03      -228.767      
                2.3816E-03      -231.015      
                2.3829E-03      -227.408      
                2.3842E-03      -220.721      
                2.3855E-03      -221.053      
                2.3868E-03      -213.157      
                2.3881E-03      -212.093      
                2.3894E-03      -222.097      
                2.3907E-03      -219.566      
                2.392E-03       -218.006      
                2.3933E-03      -198.014      
                2.3946E-03      -224.731      
                2.3959E-03      -178.302      
                2.3972E-03      -119.728      
                2.3985E-03      -179.483      
                2.3998E-03      -219.254      
                2.4011E-03      -211.952      
                2.4024E-03      -218.572      
                2.4037E-03      -218.605      
                2.405E-03       -209.381      
                2.4063E-03      -185.122      
                2.4076E-03      -200.058      
                2.4089E-03      -213.085      
                2.4102E-03      -189.747      
                2.4115E-03      -204.494      
                2.4128E-03      -205.522      
                2.4141E-03      -213.095      
                2.4154E-03      -149.017      
                2.4167E-03      -220.32       
                2.418E-03        -91.5967     
                2.4193E-03      -164.004      
                2.4206E-03      -143.237      
                2.4219E-03      -188.419      
                2.4232E-03      -190.152      
                2.4245E-03      -187.348      
                2.4258E-03      -196.023      
                2.4271E-03      -187.673      
                2.4284E-03      -181.487      
                2.4297E-03      -199.058      
                2.431E-03       -194.168      
                2.4323E-03      -201.227      
                2.4336E-03      -210.534      
                2.4349E-03      -196.261      
                2.4362E-03      -200.421      
                2.4375E-03      -223.903      
                2.4388E-03      -186.658      
                2.4401E-03      -170.258      
                2.4414E-03      -213.212      
                2.4427E-03      -191.879      
                2.444E-03       -182.256      
                2.4453E-03      -176.519      
                2.4466E-03      -182.134      
                2.4479E-03      -183.376      
                2.4492E-03      -133.127      
                2.4505E-03      -217.813      
                2.4518E-03      -187.318      
                2.4531E-03      -108.687      
                2.4544E-03      -153.765      
                2.4557E-03      -180.152      
                2.457E-03       -176.393      
                2.4583E-03      -164.596      
                2.4596E-03      -158.09       
                2.4609E-03      -184.912      
                2.4622E-03      -152.35       
                2.4635E-03      -156.431      
                2.4648E-03      -163.271      
                2.4661E-03      -166.726      
                2.4674E-03      -146.667      
                2.4687E-03      -162.18       
                2.47E-03         -62.7083     
                2.4713E-03      -138.178      
                2.4726E-03      -161.431      
                2.4739E-03      -170.781      
                2.4752E-03      -160.352      
                2.4765E-03      -176.651      
                2.4778E-03      -160.014      
                2.4791E-03      -164.8        
                2.4804E-03      -129.008      
                2.4817E-03      -186.106      
                2.483E-03        -98.6873     
                2.4843E-03      -166.94       
                2.4856E-03      -192.626      
                2.4869E-03      -137.668      
                2.4882E-03      -144.258      
                2.4895E-03      -143.8        
                2.4908E-03      -144.553      
                2.4921E-03      -127.799      
                2.4934E-03      -147.064      
                2.4947E-03      -173.02       
                2.496E-03       -175.879      
                2.4973E-03      -137.615      
                2.4986E-03      -145.832      
                2.4999E-03      -127.345      
                2.5012E-03      -187.331      
                2.5025E-03      -178.08       
                2.5038E-03      -169.013      
                2.5051E-03      -161.763      
                2.5064E-03      -140.331      
                2.5077E-03      -139.76       
                2.509E-03       -111.735      
                2.5103E-03      -112.391      
                2.5116E-03      -107.758      
                2.5129E-03      -139.268      
                2.5142E-03      -112.971      
                2.5155E-03      -138.533      
                2.5168E-03      -126.738      
                2.5181E-03      -101.354      
                2.5194E-03       -99.0482     
                2.5207E-03      -107.82       
                2.522E-03       -148.749      
                2.5233E-03      -155.891      
                2.5246E-03      -171.949      
                2.5259E-03       -84.5401     
                2.5272E-03      -157.031      
                2.5285E-03      -147.849      
                2.5298E-03      -117.346      
                2.5311E-03      -136.162      
                2.5324E-03      -135.64       
                2.5337E-03      -140.339      
                2.535E-03       -117.149      
                2.5363E-03      -146.315      
                2.5376E-03      -111.791      
                2.5389E-03      -147.189      
                2.5402E-03      -107.025      
                2.5415E-03      -141.855      
                2.5428E-03      -105.327      
                2.5441E-03      -130.811      
                2.5454E-03      -160.313      
                2.5467E-03       -88.1744     
                2.548E-03       -134.672      
                2.5493E-03      -124.572      
                2.5506E-03      -125.494      
                2.5519E-03      -121.105      
                2.5532E-03      -129.137      
                2.5545E-03      -109.126      
                2.5558E-03      -127.986      
                2.5571E-03      -113.347      
                2.5584E-03      -112.466      
                2.5597E-03      -113.498      
                2.561E-03       -113.151      
                2.5623E-03      -114.042      
                2.5636E-03      -119.946      
                2.5649E-03      -119.735      
                2.5662E-03      -105.446      
                2.5675E-03      -124.105      
                2.5688E-03      -120.73       
                2.5701E-03      -114.825      
                2.5714E-03      -115.035      
                2.5727E-03       -91.8463     
                2.574E-03       -104.865      
                2.5753E-03      -121.495      
                2.5766E-03       -46.7578     
                2.5779E-03      -113.476      
                2.5792E-03      -126.539      
                2.5805E-03      -115.881      
                2.5818E-03       -73.0557     
                2.5831E-03       -95.5513     
                2.5844E-03       -98.9632     
                2.5857E-03      -108.512      
                2.587E-03       -117.436      
                2.5883E-03       -88.9962     
                2.5896E-03      -105.518      
                2.5909E-03      -109.103      
                2.5922E-03       -85.7084     
                2.5935E-03      -115.653      
                2.5948E-03      -124.365      
                2.5961E-03      -105.055      
                2.5974E-03      -107.828      
                2.5987E-03       -88.0732     
                2.6E-03         -107.907      




