
                  X               _temp_3     

                0.               301.824E-06  
                2.65034E-06      143.963      
                5.30069E-06     -212.637      
                7.95104E-06       51.4578     
               10.6002E-06       -46.0716     
               13.2505E-06      -219.499      
               15.9009E-06       -77.3352     
               18.5512E-06      -112.944      
               21.2003E-06      -241.035      
               23.8507E-06       -95.5905     
               26.501E-06       -122.921      
               29.1502E-06      -223.848      
               31.8011E-06       -59.5503     
               34.4511E-06      -160.955      
               37.1009E-06      -183.96       
               39.7507E-06       -89.9922     
               42.4004E-06      -200.885      
               45.0501E-06      -159.132      
               47.701E-06       -122.79       
               50.3507E-06      -181.476      
               53.0004E-06      -164.705      
               55.6501E-06      -139.283      
               58.301E-06       -199.047      
               60.9507E-06      -174.954      
               63.6006E-06      -153.972      
               66.2502E-06      -211.616      
               68.901E-06       -163.165      
               71.5506E-06      -178.115      
               74.2002E-06      -208.894      
               76.851E-06       -174.779      
               79.5006E-06      -194.205      
               82.1502E-06      -198.23       
               84.801E-06       -181.677      
               87.4506E-06      -186.59       
               90.1002E-06      -207.35       
               92.751E-06       -190.223      
               95.4006E-06      -199.149      
               98.0502E-06      -210.585      
              100.701E-06       -198.588      
              103.351E-06       -208.915      
              106.E-06          -215.432      
              108.651E-06       -202.362      
              111.3E-06         -210.923      
              113.951E-06       -214.021      
              116.601E-06       -198.162      
              119.251E-06       -210.207      
              121.9E-06         -226.692      
              124.55E-06        -213.604      
              127.201E-06       -225.965      
              129.85E-06        -215.562      
              132.5E-06         -223.13       
              135.15E-06        -227.612      
              137.8E-06         -221.97       
              140.451E-06       -226.633      
              143.1E-06         -205.408      
              145.75E-06        -212.377      
              148.4E-06         -222.017      
              151.05E-06        -228.27       
              153.701E-06       -223.443      
              156.35E-06        -229.42       
              159.E-06          -229.954      
              161.65E-06        -190.125      
              164.301E-06       -221.556      
              166.951E-06       -223.052      
              169.6E-06         -227.756      
              172.251E-06       -232.511      
              174.901E-06       -237.76       
              177.55E-06        -233.554      
              180.201E-06       -235.88       
              182.85E-06        -220.349      
              185.501E-06       -229.574      
              188.15E-06        -216.909      
              190.8E-06         -229.183      
              193.451E-06       -235.392      
              196.1E-06         -231.433      
              198.75E-06        -239.082      
              201.401E-06       -242.278      
              204.05E-06        -175.737      
              206.701E-06       -236.299      
              209.35E-06        -195.264      
              212.E-06          -238.241      
              214.651E-06       -235.469      
              217.3E-06         -247.244      
              219.95E-06        -250.106      
              222.601E-06       -228.868      
              225.251E-06       -192.474      
              227.901E-06       -229.257      
              230.55E-06        -248.485      
              233.201E-06       -248.467      
              235.851E-06       -251.476      
              238.5E-06         -246.966      
              241.151E-06       -243.014      
              243.801E-06       -250.427      
              246.45E-06        -231.078      
              249.101E-06       -245.326      
              251.75E-06        -255.936      
              254.4E-06         -249.938      
              257.051E-06       -259.335      
              259.7E-06         -237.02       
              262.35E-06        -249.939      
              265.001E-06       -255.171      
              267.65E-06        -248.167      
              270.3E-06         -230.503      
              272.951E-06       -245.856      
              275.601E-06       -260.582      
              278.25E-06        -255.773      
              280.901E-06       -262.509      
              283.551E-06       -256.223      
              286.2E-06         -256.061      
              288.851E-06       -268.465      
              291.501E-06       -265.682      
              294.151E-06       -288.516      
              296.8E-06         -226.415      
              299.45E-06        -257.305      
              302.101E-06       -281.367      
              304.75E-06        -271.388      
              307.4E-06         -272.055      
              310.051E-06       -275.308      
              312.7E-06         -277.499      
              315.35E-06        -263.805      
              318.001E-06       -253.898      
              320.651E-06       -270.361      
              323.3E-06         -264.774      
              325.951E-06       -278.05       
              328.601E-06       -282.484      
              331.25E-06        -286.392      
              333.901E-06       -290.954      
              336.551E-06       -249.243      
              339.201E-06       -268.687      
              341.85E-06        -284.005      
              344.501E-06       -232.671      
              347.151E-06       -287.854      
              349.8E-06         -273.373      
              352.451E-06       -268.379      
              355.1E-06         -245.713      
              357.75E-06        -264.724      
              360.401E-06       -295.703      
              363.05E-06        -296.784      
              365.701E-06       -294.318      
              368.35E-06        -296.314      
              371.001E-06       -219.386      
              373.65E-06        -275.601      
              376.3E-06         -308.03       
              378.951E-06       -289.193      
              381.6E-06         -289.421      
              384.25E-06        -298.772      
              386.901E-06       -270.813      
              389.55E-06        -283.994      
              392.2E-06         -271.302      
              394.851E-06       -287.313      
              397.5E-06         -177.896      
              400.15E-06        -247.55       
              402.801E-06       -255.48       
              405.451E-06       -288.21       
              408.101E-06       -295.34       
              410.75E-06        -285.116      
              413.4E-06         -281.736      
              416.051E-06       -155.766      
              418.701E-06       -182.935      
              421.351E-06       -240.305      
              424.001E-06       -172.22       
              426.651E-06       -212.918      
              429.301E-06       -205.545      
              431.951E-06       -167.813      
              434.601E-06       -209.59       
              437.25E-06        -226.759      
              439.9E-06         -206.761      
              442.551E-06       -233.462      
              445.2E-06         -227.918      
              447.851E-06       -235.091      
              450.501E-06       -202.004      
              453.15E-06        -245.506      
              455.8E-06         -250.858      
              458.451E-06       -255.715      
              461.1E-06         -220.999      
              463.751E-06       -232.145      
              466.401E-06       -252.278      
              469.05E-06        -264.118      
              471.701E-06       -238.16       
              474.35E-06        -227.553      
              477.001E-06       -246.743      
              479.651E-06       -248.875      
              482.3E-06         -249.048      
              484.951E-06       -259.737      
              487.601E-06       -238.188      
              490.25E-06        -250.363      
              492.901E-06       -209.443      
              495.55E-06        -241.363      
              498.201E-06       -228.446      
              500.851E-06       -244.87       
              503.5E-06         -225.354      
              506.151E-06       -204.673      
              508.801E-06       -227.617      
              511.45E-06        -226.191      
              514.101E-06       -223.283      
              516.751E-06       -225.         
              519.4E-06         -222.04       
              522.051E-06       -232.246      
              524.701E-06       -179.966      
              527.351E-06       -220.781      
              530.E-06          -228.024      
              532.651E-06       -234.809      
              535.301E-06       -228.324      
              537.95E-06        -245.379      
              540.601E-06       -159.569      
              543.251E-06       -198.285      
              545.9E-06         -218.759      
              548.551E-06       -193.92       
              551.201E-06       -235.18       
              553.85E-06        -214.834      
              556.501E-06       -236.315      
              559.151E-06       -248.271      
              561.8E-06         -201.739      
              564.451E-06       -232.228      
              567.101E-06       -238.145      
              569.75E-06        -243.822      
              572.4E-06         -237.068      
              575.051E-06       -239.138      
              577.701E-06       -244.243      
              580.351E-06       -234.557      
              583.E-06          -237.561      
              585.65E-06        -237.916      
              588.301E-06       -242.857      
              590.95E-06        -224.387      
              593.601E-06       -232.097      
              596.25E-06        -221.09       
              598.9E-06         -240.564      
              601.551E-06       -243.099      
              604.201E-06       -220.215      
              606.85E-06        -237.297      
              609.501E-06       -232.326      
              612.151E-06       -240.821      
              614.8E-06         -232.511      
              617.451E-06       -193.8        
              620.101E-06       -228.907      
              622.751E-06       -211.28       
              625.401E-06       -229.075      
              628.05E-06        -233.681      
              630.701E-06       -236.385      
              633.35E-06        -223.109      
              636.E-06          -178.861      
              638.651E-06       -226.022      
              641.3E-06         -221.748      
              643.95E-06        -219.108      
              646.601E-06       -213.424      
              649.251E-06       -229.817      
              651.9E-06         -210.567      
              654.551E-06       -217.049      
              657.201E-06       -226.585      
              659.85E-06        -217.332      
              662.5E-06         -213.237      
              665.151E-06       -225.27       
              667.801E-06       -232.3        
              670.45E-06        -235.784      
              673.101E-06       -230.412      
              675.751E-06       -228.17       
              678.401E-06       -204.444      
              681.05E-06        -242.685      
              683.701E-06       -140.232      
              686.351E-06       -200.969      
              689.E-06          -223.522      
              691.651E-06       -261.03       
              694.3E-06         -136.618      
              696.951E-06       -193.464      
              699.601E-06       -233.329      
              702.25E-06        -227.067      
              704.9E-06         -168.824      
              707.551E-06       -204.514      
              710.201E-06       -226.997      
              712.85E-06        -233.473      
              715.501E-06       -224.724      
              718.151E-06       -212.404      
              720.801E-06       -234.694      
              723.45E-06        -194.858      
              726.101E-06       -223.795      
              728.75E-06        -209.266      
              731.401E-06       -215.23       
              734.051E-06       -220.513      
              736.7E-06         -247.123      
              739.35E-06        -212.451      
              742.E-06          -229.515      
              744.651E-06       -240.809      
              747.3E-06         -225.099      
              749.95E-06        -222.319      
              752.6E-06         -204.614      
              755.251E-06       -223.668      
              757.901E-06       -198.367      
              760.55E-06        -224.648      
              763.201E-06       -234.656      
              765.851E-06       -211.369      
              768.5E-06         -214.411      
              771.151E-06       -225.817      
              773.801E-06       -201.892      
              776.451E-06       -199.467      
              779.1E-06         -195.193      
              781.751E-06       -205.003      
              784.401E-06       -219.645      
              787.05E-06        -197.651      
              789.7E-06         -230.3        
              792.35E-06        -202.926      
              795.001E-06       -215.582      
              797.65E-06        -212.192      
              800.3E-06         -230.476      
              802.951E-06       -209.51       
              805.6E-06         -222.988      
              808.25E-06        -200.481      
              810.9E-06         -220.861      
              813.551E-06       -221.055      
              816.2E-06         -215.962      
              818.85E-06        -234.937      
              821.501E-06       -222.192      
              824.15E-06        -220.468      
              826.8E-06         -207.596      
              829.451E-06       -207.207      
              832.1E-06         -218.597      
              834.75E-06        -196.507      
              837.401E-06       -201.757      
              840.051E-06       -218.39       
              842.7E-06         -207.954      
              845.351E-06       -202.936      
              848.001E-06       -201.935      
              850.651E-06       -218.903      
              853.3E-06         -225.796      
              855.95E-06        -198.324      
              858.6E-06         -195.752      
              861.251E-06       -202.537      
              863.901E-06       -211.575      
              866.55E-06        -197.99       
              869.2E-06         -196.36       
              871.85E-06        -208.674      
              874.5E-06         -210.557      
              877.15E-06        -229.707      
              879.8E-06         -193.251      
              882.45E-06        -214.324      
              885.1E-06         -215.428      
              887.751E-06       -218.979      
              890.401E-06       -217.593      
              893.051E-06       -186.241      
              895.701E-06       -209.321      
              898.351E-06       -210.534      
              901.001E-06       -215.689      
              903.651E-06       -202.072      
              906.301E-06       -208.449      
              908.951E-06       -218.479      
              911.6E-06         -220.119      
              914.25E-06        -208.517      
              916.901E-06       -221.522      
              919.55E-06        -215.675      
              922.2E-06         -225.019      
              924.851E-06       -203.976      
              927.501E-06       -229.446      
              930.151E-06       -220.756      
              932.801E-06       -212.581      
              935.45E-06        -215.158      
              938.1E-06         -202.41       
              940.751E-06       -208.22       
              943.401E-06       -220.71       
              946.05E-06        -215.996      
              948.701E-06       -217.653      
              951.351E-06       -220.194      
              954.001E-06       -229.698      
              956.651E-06       -230.946      
              959.301E-06       -214.869      
              961.951E-06       -212.592      
              964.601E-06       -216.192      
              967.251E-06       -214.66       
              969.901E-06       -216.23       
              972.55E-06        -219.561      
              975.2E-06         -221.93       
              977.85E-06        -233.38       
              980.501E-06       -205.582      
              983.15E-06        -119.504      
              985.801E-06       -230.118      
              988.45E-06        -193.185      
              991.101E-06       -219.908      
              993.75E-06        -214.218      
              996.401E-06       -209.261      
              999.051E-06       -216.199      
                1.0017E-03      -220.094      
                1.00435E-03     -199.544      
                1.007E-03       -217.121      
                1.00965E-03     -223.25       
                1.0123E-03      -237.318      
                1.01495E-03     -206.163      
                1.0176E-03      -229.575      
                1.02025E-03     -205.238      
                1.0229E-03      -230.711      
                1.02555E-03     -214.682      
                1.0282E-03      -230.699      
                1.03085E-03     -226.081      
                1.0335E-03      -230.661      
                1.03615E-03     -215.601      
                1.0388E-03      -223.818      
                1.04145E-03     -223.899      
                1.0441E-03      -210.452      
                1.04675E-03     -213.668      
                1.0494E-03      -214.841      
                1.05205E-03     -215.214      
                1.0547E-03      -218.888      
                1.05735E-03     -195.679      
                1.06E-03        -216.598      
                1.06265E-03     -223.219      
                1.0653E-03      -213.111      
                1.06795E-03     -218.825      
                1.0706E-03      -220.896      
                1.07325E-03     -214.803      
                1.0759E-03      -209.238      
                1.07855E-03     -232.161      
                1.0812E-03      -217.448      
                1.08385E-03     -214.843      
                1.0865E-03      -220.883      
                1.08915E-03     -224.831      
                1.0918E-03      -221.958      
                1.09445E-03     -207.737      
                1.0971E-03      -226.936      
                1.09975E-03     -191.826      
                1.1024E-03      -204.327      
                1.10505E-03     -186.179      
                1.1077E-03      -218.784      
                1.11035E-03     -211.916      
                1.113E-03       -214.189      
                1.11565E-03     -215.441      
                1.1183E-03      -215.559      
                1.12095E-03     -191.771      
                1.1236E-03      -205.264      
                1.12625E-03     -219.866      
                1.1289E-03      -220.682      
                1.13155E-03     -208.908      
                1.1342E-03      -210.106      
                1.13685E-03     -201.453      
                1.1395E-03      -207.17       
                1.14215E-03     -205.097      
                1.1448E-03      -204.668      
                1.14745E-03     -190.309      
                1.1501E-03      -208.622      
                1.15275E-03     -211.344      
                1.1554E-03      -206.031      
                1.15805E-03     -208.557      
                1.1607E-03      -204.109      
                1.16335E-03     -198.457      
                1.166E-03       -202.5        
                1.16865E-03     -192.836      
                1.1713E-03      -200.386      
                1.17395E-03     -214.332      
                1.1766E-03      -193.187      
                1.17925E-03     -220.728      
                1.1819E-03      -203.683      
                1.18455E-03     -212.269      
                1.1872E-03      -199.257      
                1.18985E-03     -220.329      
                1.1925E-03      -197.841      
                1.19515E-03     -213.67       
                1.1978E-03      -202.881      
                1.20045E-03     -216.641      
                1.2031E-03      -202.64       
                1.20575E-03     -215.66       
                1.2084E-03      -211.724      
                1.21105E-03     -216.807      
                1.2137E-03      -216.113      
                1.21635E-03     -208.935      
                1.219E-03       -222.851      
                1.22165E-03     -210.242      
                1.2243E-03      -204.887      
                1.22695E-03     -136.878      
                1.2296E-03      -243.121      
                1.23225E-03     -191.226      
                1.2349E-03      -218.477      
                1.23755E-03     -202.152      
                1.2402E-03      -189.27       
                1.24285E-03     -235.483      
                1.2455E-03      -198.557      
                1.24815E-03     -232.003      
                1.2508E-03      -203.928      
                1.25345E-03     -218.592      
                1.2561E-03      -218.64       
                1.25875E-03     -212.189      
                1.2614E-03      -214.288      
                1.26405E-03     -200.56       
                1.2667E-03      -213.722      
                1.26935E-03     -218.151      
                1.272E-03       -205.096      
                1.27465E-03     -215.296      
                1.2773E-03      -202.703      
                1.27995E-03     -213.868      
                1.2826E-03      -214.296      
                1.28525E-03     -207.507      
                1.2879E-03      -210.65       
                1.29055E-03     -210.964      
                1.2932E-03      -212.627      
                1.29585E-03     -210.439      
                1.2985E-03      -205.384      
                1.30115E-03     -205.084      
                1.3038E-03      -213.794      
                1.30645E-03     -207.137      
                1.3091E-03      -207.211      
                1.31175E-03     -200.578      
                1.3144E-03      -205.635      
                1.31705E-03     -201.42       
                1.3197E-03      -198.285      
                1.32235E-03     -215.442      
                1.325E-03       -206.81       
                1.32765E-03     -206.487      
                1.3303E-03      -207.19       
                1.33295E-03     -207.639      
                1.3356E-03      -206.463      
                1.33825E-03     -207.571      
                1.3409E-03      -178.432      
                1.34355E-03     -208.785      
                1.3462E-03      -208.724      
                1.34885E-03     -205.573      
                1.3515E-03      -220.2        
                1.35415E-03     -207.801      
                1.3568E-03      -222.442      
                1.35945E-03     -211.321      
                1.3621E-03      -207.309      
                1.36475E-03     -227.932      
                1.3674E-03      -214.16       
                1.37005E-03     -224.104      
                1.3727E-03      -224.055      
                1.37535E-03     -195.399      
                1.378E-03       -232.053      
                1.38065E-03     -215.755      
                1.3833E-03      -214.448      
                1.38595E-03     -199.842      
                1.3886E-03      -206.627      
                1.39125E-03     -223.329      
                1.3939E-03      -236.494      
                1.39655E-03     -213.646      
                1.3992E-03      -226.268      
                1.40185E-03     -221.184      
                1.4045E-03      -225.086      
                1.40715E-03     -220.387      
                1.4098E-03      -216.973      
                1.41245E-03     -221.162      
                1.4151E-03      -213.639      
                1.41775E-03     -215.03       
                1.4204E-03      -214.75       
                1.42305E-03     -227.519      
                1.4257E-03      -206.047      
                1.42835E-03     -208.012      
                1.431E-03       -218.93       
                1.43365E-03     -234.696      
                1.4363E-03      -235.213      
                1.43895E-03     -229.185      
                1.4416E-03      -219.537      
                1.44425E-03     -209.579      
                1.4469E-03      -226.744      
                1.44955E-03     -221.565      
                1.4522E-03      -219.543      
                1.45485E-03     -232.029      
                1.4575E-03      -210.314      
                1.46015E-03     -212.223      
                1.4628E-03      -210.163      
                1.46545E-03     -194.217      
                1.4681E-03      -218.249      
                1.47075E-03     -195.9        
                1.4734E-03      -193.97       
                1.47605E-03     -219.371      
                1.4787E-03      -208.303      
                1.48135E-03     -216.794      
                1.484E-03       -220.908      
                1.48665E-03     -200.798      
                1.4893E-03      -230.188      
                1.49195E-03     -147.705      
                1.4946E-03      -148.002      
                1.49725E-03     -195.576      
                1.4999E-03      -186.249      
                1.50255E-03     -164.04       
                1.5052E-03      -205.423      
                1.50785E-03     -205.345      
                1.5105E-03      -206.636      
                1.51315E-03     -199.538      
                1.5158E-03      -210.806      
                1.51845E-03     -227.407      
                1.5211E-03      -227.52       
                1.52375E-03     -212.484      
                1.5264E-03      -212.401      
                1.52905E-03     -221.262      
                1.5317E-03      -210.411      
                1.53435E-03     -204.298      
                1.537E-03       -193.537      
                1.53965E-03     -213.891      
                1.5423E-03      -217.16       
                1.54495E-03     -209.332      
                1.5476E-03      -206.682      
                1.55025E-03     -206.802      
                1.5529E-03      -208.426      
                1.55555E-03     -210.157      
                1.5582E-03      -202.956      
                1.56085E-03     -218.271      
                1.5635E-03      -212.272      
                1.56615E-03     -207.705      
                1.5688E-03      -180.657      
                1.57145E-03     -209.981      
                1.5741E-03      -202.131      
                1.57675E-03     -200.824      
                1.5794E-03      -193.435      
                1.58205E-03     -223.149      
                1.5847E-03      -207.         
                1.58735E-03     -201.918      
                1.59E-03        -198.647      
                1.59265E-03      -65.2948     
                1.5953E-03      -140.176      
                1.59795E-03     -208.125      
                1.6006E-03      -222.645      
                1.60325E-03     -214.64       
                1.6059E-03      -195.047      
                1.60855E-03     -221.922      
                1.6112E-03      -204.032      
                1.61385E-03     -190.51       
                1.6165E-03      -206.146      
                1.61915E-03     -217.856      
                1.6218E-03      -220.972      
                1.62445E-03     -216.694      
                1.6271E-03      -207.143      
                1.62975E-03     -210.778      
                1.6324E-03      -208.411      
                1.63505E-03     -220.696      
                1.6377E-03      -207.704      
                1.64035E-03     -190.918      
                1.643E-03       -205.645      
                1.64565E-03     -215.186      
                1.6483E-03      -209.558      
                1.65095E-03     -218.452      
                1.6536E-03      -214.276      
                1.65625E-03     -211.211      
                1.6589E-03      -209.475      
                1.66155E-03     -204.489      
                1.6642E-03      -214.947      
                1.66685E-03     -218.87       
                1.6695E-03      -214.71       
                1.67215E-03     -216.063      
                1.6748E-03      -213.533      
                1.67745E-03     -210.783      
                1.6801E-03      -209.283      
                1.68275E-03     -213.785      
                1.6854E-03      -213.552      
                1.68805E-03     -214.176      
                1.6907E-03      -207.281      
                1.69335E-03     -215.536      
                1.696E-03       -217.59       
                1.69865E-03     -212.423      
                1.7013E-03      -186.518      
                1.70395E-03     -210.453      
                1.7066E-03      -208.099      
                1.70925E-03     -209.611      
                1.7119E-03      -219.319      
                1.71455E-03     -217.872      
                1.7172E-03      -209.636      
                1.71985E-03     -209.415      
                1.7225E-03      -211.762      
                1.72515E-03     -215.256      
                1.7278E-03      -212.932      
                1.73045E-03     -215.802      
                1.7331E-03      -213.319      
                1.73575E-03     -212.227      
                1.7384E-03      -206.753      
                1.74105E-03     -209.694      
                1.7437E-03      -215.097      
                1.74635E-03     -210.7        
                1.749E-03       -206.898      
                1.75165E-03     -221.735      
                1.7543E-03      -217.986      
                1.75695E-03     -215.476      
                1.7596E-03      -219.866      
                1.76225E-03     -187.465      
                1.7649E-03      -228.404      
                1.76755E-03     -202.701      
                1.7702E-03      -222.445      
                1.77285E-03     -202.489      
                1.7755E-03      -227.893      
                1.77815E-03     -219.837      
                1.7808E-03      -219.948      
                1.78345E-03     -205.737      
                1.7861E-03      -220.455      
                1.78875E-03     -230.497      
                1.7914E-03      -220.681      
                1.79405E-03     -229.64       
                1.7967E-03      -214.209      
                1.79935E-03     -219.96       
                1.802E-03       -208.356      
                1.80465E-03     -219.375      
                1.8073E-03      -223.875      
                1.80995E-03     -234.911      
                1.8126E-03      -215.007      
                1.81525E-03     -222.482      
                1.8179E-03      -220.509      
                1.82055E-03     -225.951      
                1.8232E-03      -228.608      
                1.82585E-03     -206.97       
                1.8285E-03      -192.705      
                1.83115E-03     -228.324      
                1.8338E-03      -222.242      
                1.83645E-03     -249.174      
                1.8391E-03      -227.091      
                1.84175E-03     -206.876      
                1.8444E-03      -220.136      
                1.84705E-03     -222.004      
                1.8497E-03      -219.816      
                1.85235E-03     -221.868      
                1.855E-03       -205.955      
                1.85765E-03     -211.679      
                1.8603E-03      -200.847      
                1.86295E-03     -227.9        
                1.8656E-03      -190.904      
                1.86825E-03     -209.164      
                1.8709E-03      -209.692      
                1.87355E-03     -218.635      
                1.8762E-03      -214.976      
                1.87885E-03     -184.591      
                1.8815E-03      -131.288      
                1.88415E-03     -159.338      
                1.8868E-03      -226.369      
                1.88945E-03     -229.951      
                1.8921E-03      -210.958      
                1.89475E-03     -220.833      
                1.8974E-03      -231.276      
                1.90005E-03     -224.659      
                1.9027E-03      -227.162      
                1.90535E-03     -223.534      
                1.908E-03       -216.074      
                1.91065E-03     -239.116      
                1.9133E-03      -204.289      
                1.91595E-03     -223.103      
                1.9186E-03      -220.566      
                1.92125E-03     -224.825      
                1.9239E-03      -229.747      
                1.92655E-03     -214.785      
                1.9292E-03      -230.879      
                1.93185E-03     -216.213      
                1.9345E-03      -212.939      
                1.93715E-03     -204.889      
                1.9398E-03      -217.327      
                1.94245E-03     -216.969      
                1.9451E-03      -182.601      
                1.94775E-03     -209.023      
                1.9504E-03      -210.099      
                1.95305E-03     -193.375      
                1.9557E-03      -191.355      
                1.95835E-03     -152.309      
                1.961E-03       -211.263      
                1.96365E-03     -201.757      
                1.9663E-03      -188.134      
                1.96895E-03     -182.023      
                1.9716E-03      -201.204      
                1.97425E-03     -210.727      
                1.9769E-03      -208.066      
                1.97955E-03     -204.649      
                1.9822E-03      -193.643      
                1.98485E-03     -212.522      
                1.9875E-03      -202.822      
                1.99015E-03     -196.417      
                1.9928E-03      -198.195      
                1.99545E-03     -225.413      
                1.9981E-03      -213.953      
                2.00075E-03     -190.851      
                2.0034E-03      -201.69       
                2.00605E-03     -215.152      
                2.0087E-03      -218.858      
                2.01135E-03     -128.792      
                2.014E-03       -211.005      
                2.01665E-03     -204.237      
                2.0193E-03      -220.178      
                2.02195E-03     -219.246      
                2.0246E-03      -220.126      
                2.02725E-03     -217.827      
                2.0299E-03      -246.295      
                2.03255E-03     -210.126      
                2.0352E-03      -210.906      
                2.03785E-03     -212.111      
                2.0405E-03      -151.575      
                2.04315E-03     -217.025      
                2.0458E-03      -216.418      
                2.04845E-03     -217.251      
                2.0511E-03      -226.534      
                2.05375E-03     -214.772      
                2.0564E-03      -209.753      
                2.05905E-03     -211.071      
                2.0617E-03      -217.214      
                2.06435E-03     -221.802      
                2.067E-03       -215.938      
                2.06965E-03     -220.683      
                2.0723E-03      -215.619      
                2.07495E-03     -220.628      
                2.0776E-03      -219.405      
                2.08025E-03     -208.412      
                2.0829E-03      -205.945      
                2.08555E-03     -221.873      
                2.0882E-03      -217.182      
                2.09085E-03     -215.437      
                2.0935E-03      -211.738      
                2.09615E-03     -218.897      
                2.0988E-03      -209.431      
                2.10145E-03     -213.725      
                2.1041E-03      -219.071      
                2.10675E-03     -212.917      
                2.1094E-03      -210.388      
                2.11205E-03     -211.862      
                2.1147E-03      -208.74       
                2.11735E-03     -210.018      
                2.12E-03        -213.07       
                2.12265E-03     -203.961      
                2.1253E-03      -204.81       
                2.12795E-03     -207.355      
                2.1306E-03      -207.307      
                2.13325E-03     -210.318      
                2.1359E-03      -211.676      
                2.13855E-03     -213.941      
                2.1412E-03      -206.571      
                2.14385E-03     -210.65       
                2.1465E-03      -214.754      
                2.14915E-03     -213.159      
                2.1518E-03      -219.609      
                2.15445E-03     -223.473      
                2.1571E-03      -229.561      
                2.15975E-03     -167.366      
                2.1624E-03      -153.056      
                2.16505E-03     -221.252      
                2.1677E-03      -197.302      
                2.17035E-03     -223.256      
                2.173E-03       -215.007      
                2.17565E-03     -213.655      
                2.1783E-03      -221.264      
                2.18095E-03     -203.909      
                2.1836E-03      -227.054      
                2.18625E-03     -218.717      
                2.1889E-03      -236.522      
                2.19155E-03     -215.419      
                2.1942E-03      -220.602      
                2.19685E-03     -226.039      
                2.1995E-03      -220.787      
                2.20215E-03     -237.979      
                2.2048E-03      -203.632      
                2.20745E-03     -237.777      
                2.2101E-03      -222.208      
                2.21275E-03     -231.613      
                2.2154E-03      -222.24       
                2.21805E-03     -220.468      
                2.2207E-03      -224.819      
                2.22335E-03     -196.968      
                2.226E-03       -229.896      
                2.22865E-03     -220.936      
                2.2313E-03      -224.559      
                2.23395E-03     -221.319      
                2.2366E-03      -213.691      
                2.23925E-03     -215.611      
                2.2419E-03      -213.33       
                2.24455E-03     -214.134      
                2.2472E-03      -218.482      
                2.24985E-03     -212.87       
                2.2525E-03      -207.055      
                2.25515E-03     -222.434      
                2.2578E-03      -214.807      
                2.26045E-03     -228.736      
                2.2631E-03      -220.168      
                2.26575E-03     -216.769      
                2.2684E-03      -215.566      
                2.27105E-03     -211.622      
                2.2737E-03      -219.511      
                2.27635E-03     -192.01       
                2.279E-03       -228.53       
                2.28165E-03     -205.277      
                2.2843E-03      -214.607      
                2.28695E-03     -133.468      
                2.2896E-03      -151.326      
                2.29225E-03     -221.622      
                2.2949E-03      -208.849      
                2.29755E-03     -226.553      
                2.3002E-03      -209.122      
                2.30285E-03     -222.354      
                2.3055E-03      -215.888      
                2.30815E-03     -225.359      
                2.3108E-03      -228.672      
                2.31345E-03     -217.086      
                2.3161E-03      -220.835      
                2.31875E-03     -219.341      
                2.3214E-03      -246.328      
                2.32405E-03     -206.708      
                2.3267E-03      -230.973      
                2.32935E-03     -208.485      
                2.332E-03       -222.538      
                2.33465E-03     -217.779      
                2.3373E-03      -210.445      
                2.33995E-03     -219.452      
                2.3426E-03      -213.311      
                2.34525E-03     -210.324      
                2.3479E-03      -213.173      
                2.35055E-03     -230.17       
                2.3532E-03      -180.23       
                2.35585E-03     -135.689      
                2.3585E-03      -188.64       
                2.36115E-03     -212.525      
                2.3638E-03      -228.789      
                2.36645E-03     -265.917      
                2.3691E-03      -219.345      
                2.37175E-03     -165.513      
                2.3744E-03      -246.697      
                2.37705E-03     -207.328      
                2.3797E-03      -177.301      
                2.38235E-03     -168.597      
                2.385E-03       -179.696      
                2.38765E-03     -184.048      
                2.3903E-03      -220.276      
                2.39295E-03     -240.303      
                2.3956E-03      -218.344      
                2.39825E-03     -213.165      
                2.4009E-03      -187.084      
                2.40355E-03     -230.079      
                2.4062E-03      -208.409      
                2.40885E-03     -212.433      
                2.4115E-03      -216.681      
                2.41415E-03     -216.32       
                2.4168E-03      -218.412      
                2.41945E-03     -207.535      
                2.4221E-03      -214.32       
                2.42475E-03     -215.216      
                2.4274E-03      -212.733      
                2.43005E-03     -219.093      
                2.4327E-03      -197.518      
                2.43535E-03     -206.931      
                2.438E-03       -212.81       
                2.44065E-03     -207.088      
                2.4433E-03      -220.565      
                2.44595E-03     -206.531      
                2.4486E-03      -207.189      
                2.45125E-03     -212.552      
                2.4539E-03      -211.942      
                2.45655E-03     -200.722      
                2.4592E-03      -208.181      
                2.46185E-03     -218.561      
                2.4645E-03      -204.337      
                2.46715E-03     -210.705      
                2.4698E-03      -212.2        
                2.47245E-03     -210.219      
                2.4751E-03      -206.649      
                2.47775E-03     -203.022      
                2.4804E-03      -214.181      
                2.48305E-03     -142.755      
                2.4857E-03      -129.276      
                2.48835E-03     -196.334      
                2.491E-03       -214.542      
                2.49365E-03     -203.145      
                2.4963E-03      -222.769      
                2.49895E-03     -212.864      
                2.5016E-03      -213.572      
                2.50425E-03     -215.355      
                2.5069E-03      -219.263      
                2.50955E-03     -236.615      
                2.5122E-03      -208.084      
                2.51485E-03     -212.44       
                2.5175E-03      -224.299      
                2.52015E-03     -214.976      
                2.5228E-03      -225.814      
                2.52545E-03     -220.15       
                2.5281E-03      -219.574      
                2.53075E-03     -223.105      
                2.5334E-03      -214.41       
                2.53605E-03     -209.945      
                2.5387E-03      -209.111      
                2.54135E-03     -217.462      
                2.544E-03       -210.397      
                2.54665E-03     -207.965      
                2.5493E-03      -215.948      
                2.55195E-03     -210.804      
                2.5546E-03      -178.363      
                2.55725E-03     -206.226      
                2.5599E-03      -206.632      
                2.56255E-03     -213.41       
                2.5652E-03      -214.295      
                2.56785E-03     -205.097      
                2.5705E-03      -200.711      
                2.57315E-03     -203.284      
                2.5758E-03      -208.304      
                2.57845E-03     -209.368      
                2.5811E-03      -215.697      
                2.58375E-03     -212.832      
                2.5864E-03      -201.279      
                2.58905E-03     -201.713      
                2.5917E-03      -205.898      
                2.59435E-03     -204.134      
                2.597E-03       -140.281      
                2.59965E-03     -170.581      
                2.6023E-03      -217.346      
                2.60495E-03     -206.577      
                2.6076E-03      -200.937      
                2.61025E-03     -196.869      
                2.6129E-03      -208.404      
                2.61555E-03     -202.484      
                2.6182E-03      -222.198      
                2.62085E-03     -233.801      
                2.6235E-03      -214.276      
                2.62615E-03     -208.872      
                2.6288E-03      -217.531      
                2.63145E-03     -210.997      
                2.6341E-03      -216.676      
                2.63675E-03     -219.188      
                2.6394E-03      -214.538      
                2.64205E-03     -221.114      
                2.6447E-03      -231.625      
                2.64735E-03     -215.32       
                2.65E-03        -222.49       
                2.65265E-03     -221.634      
                2.6553E-03      -207.565      
                2.65795E-03     -211.634      
                2.6606E-03      -213.201      
                2.66325E-03     -227.923      
                2.6659E-03      -227.283      
                2.66855E-03     -208.754      
                2.6712E-03      -217.64       
                2.67385E-03     -208.238      
                2.6765E-03      -208.61       
                2.67915E-03     -216.968      
                2.6818E-03      -210.754      
                2.68445E-03     -204.585      
                2.6871E-03      -224.136      
                2.68975E-03     -201.735      
                2.6924E-03      -213.083      
                2.69505E-03     -214.452      
                2.6977E-03      -200.459      
                2.70035E-03     -211.677      
                2.703E-03       -219.436      
                2.70565E-03     -203.948      
                2.7083E-03      -216.653      
                2.71095E-03     -223.937      
                2.7136E-03      -212.853      
                2.71625E-03     -188.482      
                2.7189E-03      -222.401      
                2.72155E-03     -206.724      
                2.7242E-03      -205.447      
                2.72685E-03     -216.395      
                2.7295E-03      -194.084      
                2.73215E-03     -211.814      
                2.7348E-03      -231.919      
                2.73745E-03     -207.729      
                2.7401E-03      -209.294      
                2.74275E-03     -260.948      
                2.7454E-03      -202.627      
                2.74805E-03     -138.366      
                2.7507E-03      -220.367      
                2.75335E-03     -233.232      
                2.756E-03       -210.763      
                2.75865E-03     -195.797      
                2.7613E-03      -203.894      
                2.76395E-03     -225.978      
                2.7666E-03      -219.653      
                2.76925E-03     -202.252      
                2.7719E-03      -227.589      
                2.77455E-03     -225.308      
                2.7772E-03      -218.355      
                2.77985E-03     -208.766      
                2.7825E-03      -209.251      
                2.78515E-03     -210.201      
                2.7878E-03      -214.718      
                2.79045E-03     -217.121      
                2.7931E-03      -212.488      
                2.79575E-03     -220.246      
                2.7984E-03      -154.056      
                2.80105E-03     -154.898      
                2.8037E-03      -187.354      
                2.80635E-03     -206.162      
                2.809E-03       -207.192      
                2.81165E-03     -207.349      
                2.8143E-03      -222.471      
                2.81695E-03     -215.255      
                2.8196E-03      -205.687      
                2.82225E-03     -240.743      
                2.8249E-03      -196.802      
                2.82755E-03     -216.227      
                2.8302E-03      -222.398      
                2.83285E-03     -219.768      
                2.8355E-03      -198.859      
                2.83815E-03     -212.661      
                2.8408E-03      -206.264      
                2.84345E-03     -196.412      
                2.8461E-03      -180.414      
                2.84875E-03     -216.762      
                2.8514E-03      -199.101      
                2.85405E-03     -199.818      
                2.8567E-03      -214.104      
                2.85935E-03     -225.486      
                2.862E-03       -230.455      
                2.86465E-03     -230.334      
                2.8673E-03      -217.012      
                2.86995E-03     -209.276      
                2.8726E-03      -207.901      
                2.87525E-03     -225.417      
                2.8779E-03      -214.06       
                2.88055E-03     -161.055      
                2.8832E-03      -229.829      
                2.88585E-03     -243.394      
                2.8885E-03      -205.567      
                2.89115E-03     -224.3        
                2.8938E-03      -222.12       
                2.89645E-03     -218.347      
                2.8991E-03      -222.542      
                2.90175E-03     -240.313      
                2.9044E-03      -210.489      
                2.90705E-03     -209.205      
                2.9097E-03      -215.265      
                2.91235E-03     -182.672      
                2.915E-03       -215.474      
                2.91765E-03     -209.249      
                2.9203E-03      -220.023      
                2.92295E-03     -223.368      
                2.9256E-03      -209.183      
                2.92825E-03     -214.348      
                2.9309E-03      -171.666      
                2.93355E-03     -189.568      
                2.9362E-03      -193.592      
                2.93885E-03     -163.834      
                2.9415E-03      -169.997      
                2.94415E-03     -233.538      
                2.9468E-03      -235.003      
                2.94945E-03     -218.868      
                2.9521E-03      -203.395      
                2.95475E-03     -198.824      
                2.9574E-03      -208.545      
                2.96005E-03     -209.868      
                2.9627E-03      -222.322      
                2.96535E-03     -221.395      
                2.968E-03       -190.144      
                2.97065E-03     -216.533      
                2.9733E-03      -194.031      
                2.97595E-03     -226.064      
                2.9786E-03      -197.048      
                2.98125E-03     -204.052      
                2.9839E-03      -220.787      
                2.98655E-03     -231.135      
                2.9892E-03      -187.085      
                2.99185E-03     -210.103      
                2.9945E-03      -215.73       
                2.99715E-03     -215.277      
                2.9998E-03      -194.025      
                3.00245E-03     -205.869      
                3.0051E-03      -206.005      
                3.00775E-03     -206.065      
                3.0104E-03      -230.974      
                3.01305E-03     -213.715      
                3.0157E-03      -206.213      
                3.01835E-03     -208.102      
                3.021E-03       -207.748      
                3.02365E-03     -210.777      
                3.0263E-03      -184.065      
                3.02895E-03     -215.375      
                3.0316E-03      -202.805      
                3.03425E-03     -206.403      
                3.0369E-03      -221.223      
                3.03955E-03     -209.289      
                3.0422E-03      -194.521      
                3.04485E-03     -210.976      
                3.0475E-03      -208.717      
                3.05015E-03     -204.147      
                3.0528E-03      -214.299      
                3.05545E-03     -206.146      
                3.0581E-03      -204.1        
                3.06075E-03     -220.611      
                3.0634E-03      -211.176      
                3.06605E-03     -204.873      
                3.0687E-03      -213.724      
                3.07135E-03     -224.68       
                3.074E-03       -215.685      
                3.07665E-03     -213.584      
                3.0793E-03      -209.768      
                3.08195E-03     -219.007      
                3.0846E-03      -219.445      
                3.08725E-03     -204.267      
                3.0899E-03      -218.208      
                3.09255E-03     -220.583      
                3.0952E-03      -207.436      
                3.09785E-03     -216.543      
                3.1005E-03      -230.916      
                3.10315E-03     -187.43       
                3.1058E-03      -177.992      
                3.10845E-03     -194.33       
                3.1111E-03      -233.484      
                3.11375E-03     -207.401      
                3.1164E-03      -225.18       
                3.11905E-03      -79.9073     
                3.1217E-03      -216.437      
                3.12435E-03     -180.356      
                3.127E-03       -212.737      
                3.12965E-03     -198.434      
                3.1323E-03      -172.524      
                3.13495E-03     -229.281      
                3.1376E-03      -187.179      
                3.14025E-03     -198.19       
                3.1429E-03      -240.658      
                3.14555E-03     -175.572      
                3.1482E-03      -211.619      
                3.15085E-03     -254.406      
                3.1535E-03      -193.93       
                3.15615E-03     -186.033      
                3.1588E-03      -248.949      
                3.16145E-03     -216.109      
                3.1641E-03      -207.093      
                3.16675E-03     -225.212      
                3.1694E-03      -204.039      
                3.17205E-03     -209.171      
                3.1747E-03      -226.294      
                3.17735E-03     -215.438      
                3.18E-03        -224.593      
                3.18265E-03     -227.979      
                3.1853E-03      -202.52       
                3.18795E-03     -195.798      
                3.1906E-03      -213.246      
                3.19325E-03     -221.131      
                3.1959E-03      -197.855      
                3.19855E-03     -204.605      
                3.2012E-03      -210.864      
                3.20385E-03     -195.873      
                3.2065E-03      -203.659      
                3.20915E-03     -210.837      
                3.2118E-03      -204.349      
                3.21445E-03     -195.872      
                3.2171E-03      -207.105      
                3.21975E-03     -200.343      
                3.2224E-03      -182.378      
                3.22505E-03     -184.583      
                3.2277E-03      -144.447      
                3.23035E-03     -185.859      
                3.233E-03       -201.465      
                3.23565E-03     -172.585      
                3.2383E-03      -203.47       
                3.24095E-03     -209.994      
                3.2436E-03      -213.728      
                3.24625E-03     -217.533      
                3.2489E-03      -218.384      
                3.25155E-03     -214.615      
                3.2542E-03      -213.937      
                3.25685E-03     -210.958      
                3.2595E-03      -219.591      
                3.26215E-03     -215.932      
                3.2648E-03      -208.432      
                3.26745E-03     -212.061      
                3.2701E-03      -215.357      
                3.27275E-03     -214.299      
                3.2754E-03      -204.17       
                3.27805E-03     -212.972      
                3.2807E-03      -189.582      
                3.28335E-03     -199.654      
                3.286E-03       -209.927      
                3.28865E-03     -209.808      
                3.2913E-03      -197.866      
                3.29395E-03     -210.068      
                3.2966E-03      -201.96       
                3.29925E-03     -183.41       
                3.3019E-03      -209.974      
                3.30455E-03     -201.364      
                3.3072E-03      -196.829      
                3.30985E-03     -188.249      
                3.3125E-03      -206.02       
                3.31515E-03     -200.996      
                3.3178E-03      -198.01       
                3.32045E-03     -205.688      
                3.3231E-03      -197.766      
                3.32575E-03     -208.939      
                3.3284E-03      -203.824      
                3.33105E-03     -200.69       
                3.3337E-03      -199.756      
                3.33635E-03     -203.697      
                3.339E-03       -198.165      
                3.34165E-03     -183.043      
                3.3443E-03      -213.259      
                3.34695E-03     -210.592      
                3.3496E-03      -228.357      
                3.35225E-03     -193.171      
                3.3549E-03      -193.812      
                3.35755E-03     -227.941      
                3.3602E-03      -207.665      
                3.36285E-03     -205.114      
                3.3655E-03      -215.924      
                3.36815E-03     -222.306      
                3.3708E-03      -200.871      
                3.37345E-03     -217.72       
                3.3761E-03      -219.106      
                3.37875E-03     -198.998      
                3.3814E-03      -208.947      
                3.38405E-03     -212.122      
                3.3867E-03      -210.844      
                3.38935E-03     -198.082      
                3.392E-03       -208.953      
                3.39465E-03     -215.658      
                3.3973E-03      -202.653      
                3.39995E-03     -212.286      
                3.4026E-03      -219.65       
                3.40525E-03     -210.1        
                3.4079E-03      -224.923      
                3.41055E-03     -229.086      
                3.4132E-03      -203.919      
                3.41585E-03     -205.75       
                3.4185E-03      -209.306      
                3.42115E-03     -212.755      
                3.4238E-03      -201.601      
                3.42645E-03     -213.168      
                3.4291E-03      -210.517      
                3.43175E-03     -195.927      
                3.4344E-03      -213.608      
                3.43705E-03     -211.306      
                3.4397E-03      -209.315      
                3.44235E-03     -212.894      
                3.445E-03       -219.753      
                3.44765E-03     -209.89       
                3.4503E-03      -116.512      
                3.45295E-03     -166.527      
                3.4556E-03      -233.221      
                3.45825E-03     -214.322      
                3.4609E-03      -221.461      
                3.46355E-03     -215.754      
                3.4662E-03      -219.853      
                3.46885E-03     -221.978      
                3.4715E-03      -220.201      
                3.47415E-03     -224.566      
                3.4768E-03      -208.434      
                3.47945E-03     -219.96       
                3.4821E-03      -218.397      
                3.48475E-03     -210.42       
                3.4874E-03      -212.502      
                3.49005E-03     -204.055      
                3.4927E-03      -203.941      
                3.49535E-03     -223.855      
                3.498E-03       -219.357      
                3.50065E-03     -207.844      
                3.5033E-03      -212.824      
                3.50595E-03     -223.258      
                3.5086E-03      -216.824      
                3.51125E-03     -215.146      
                3.5139E-03      -225.148      
                3.51655E-03     -291.712      
                3.5192E-03      -205.019      
                3.52185E-03     -215.243      
                3.5245E-03      -212.404      
                3.52715E-03     -209.069      
                3.5298E-03      -208.668      
                3.53245E-03     -222.144      
                3.5351E-03      -197.734      
                3.53775E-03     -201.518      
                3.5404E-03      -218.174      
                3.54305E-03     -217.155      
                3.5457E-03      -215.419      
                3.54835E-03     -215.143      
                3.551E-03       -231.963      
                3.55365E-03     -206.041      
                3.5563E-03      -215.123      
                3.55895E-03     -222.6        
                3.5616E-03      -219.578      
                3.56425E-03     -206.303      
                3.5669E-03      -215.626      
                3.56955E-03     -192.421      
                3.5722E-03      -220.294      
                3.57485E-03     -220.434      
                3.5775E-03      -223.12       
                3.58015E-03     -215.158      
                3.5828E-03      -195.002      
                3.58545E-03     -198.002      
                3.5881E-03      -213.489      
                3.59075E-03     -198.41       
                3.5934E-03      -191.542      
                3.59605E-03     -212.532      
                3.5987E-03      -184.426      
                3.60135E-03     -162.748      
                3.604E-03       -223.53       
                3.60665E-03     -225.298      
                3.6093E-03      -197.093      
                3.61195E-03     -210.898      
                3.6146E-03      -215.619      
                3.61725E-03     -224.002      
                3.6199E-03      -202.349      
                3.62255E-03     -220.417      
                3.6252E-03      -218.191      
                3.62785E-03     -209.618      
                3.6305E-03      -220.27       
                3.63315E-03     -219.376      
                3.6358E-03      -190.383      
                3.63845E-03     -209.895      
                3.6411E-03      -214.856      
                3.64375E-03     -201.243      
                3.6464E-03      -217.256      
                3.64905E-03     -205.799      
                3.6517E-03      -216.622      
                3.65435E-03     -206.351      
                3.657E-03       -212.851      
                3.65965E-03     -204.719      
                3.6623E-03      -215.232      
                3.66495E-03     -217.904      
                3.6676E-03      -222.538      
                3.67025E-03     -179.33       
                3.6729E-03      -222.062      
                3.67555E-03     -232.28       
                3.6782E-03      -228.608      
                3.68085E-03     -192.634      
                3.6835E-03      -221.529      
                3.68615E-03     -217.976      
                3.6888E-03      -206.891      
                3.69145E-03     -202.906      
                3.6941E-03      -215.289      
                3.69675E-03     -214.983      
                3.6994E-03      -207.507      
                3.70205E-03     -211.902      
                3.7047E-03      -182.846      
                3.70735E-03     -205.053      
                3.71E-03        -215.222      
                3.71265E-03     -214.642      
                3.7153E-03      -215.338      
                3.71795E-03     -200.898      
                3.7206E-03      -175.102      
                3.72325E-03     -213.705      
                3.7259E-03      -209.331      
                3.72855E-03     -174.572      
                3.7312E-03      -209.422      
                3.73385E-03     -205.929      
                3.7365E-03      -217.571      
                3.73915E-03     -251.043      
                3.7418E-03      -190.398      
                3.74445E-03     -205.727      
                3.7471E-03      -215.186      
                3.74975E-03     -218.578      
                3.7524E-03      -200.193      
                3.75505E-03     -212.493      
                3.7577E-03      -213.686      
                3.76035E-03     -122.146      
                3.763E-03       -180.046      
                3.76565E-03     -199.517      
                3.7683E-03      -202.565      
                3.77095E-03     -211.288      
                3.7736E-03      -216.606      
                3.77625E-03     -223.765      
                3.7789E-03      -217.761      
                3.78155E-03     -211.092      
                3.7842E-03      -223.274      
                3.78685E-03     -222.358      
                3.7895E-03      -218.745      
                3.79215E-03     -206.931      
                3.7948E-03      -209.866      
                3.79745E-03     -217.121      
                3.8001E-03      -212.234      
                3.80275E-03     -207.42       
                3.8054E-03      -215.731      
                3.80805E-03     -207.164      
                3.8107E-03      -200.661      
                3.81335E-03     -190.451      
                3.816E-03       -200.734      
                3.81865E-03     -212.588      
                3.8213E-03      -203.838      
                3.82395E-03     -210.267      
                3.8266E-03      -205.596      
                3.82925E-03     -202.377      
                3.8319E-03      -157.888      
                3.83455E-03     -188.689      
                3.8372E-03      -195.488      
                3.83985E-03     -200.035      
                3.8425E-03      -197.964      
                3.84515E-03     -196.65       
                3.8478E-03      -212.4        
                3.85045E-03     -213.608      
                3.8531E-03      -210.604      
                3.85575E-03     -203.752      
                3.8584E-03      -198.16       
                3.86105E-03     -213.67       
                3.8637E-03      -181.433      
                3.86635E-03     -217.296      
                3.869E-03       -193.396      
                3.87165E-03     -213.711      
                3.8743E-03      -210.176      
                3.87695E-03     -214.883      
                3.8796E-03      -215.873      
                3.88225E-03     -197.043      
                3.8849E-03      -206.616      
                3.88755E-03     -220.036      
                3.8902E-03      -207.331      
                3.89285E-03     -208.912      
                3.8955E-03      -209.551      
                3.89815E-03     -204.659      
                3.9008E-03      -205.655      
                3.90345E-03     -259.156      
                3.9061E-03      -183.154      
                3.90875E-03     -221.344      
                3.9114E-03      -226.491      
                3.91405E-03     -202.605      
                3.9167E-03      -210.719      
                3.91935E-03     -228.736      
                3.922E-03       -202.242      
                3.92465E-03     -210.804      
                3.9273E-03      -213.882      
                3.92995E-03     -214.013      
                3.9326E-03      -220.058      
                3.93525E-03     -203.708      
                3.9379E-03      -212.225      
                3.94055E-03     -207.247      
                3.9432E-03      -215.239      
                3.94585E-03     -219.539      
                3.9485E-03      -209.678      
                3.95115E-03     -220.134      
                3.9538E-03      -217.681      
                3.95645E-03     -214.834      
                3.9591E-03      -220.904      
                3.96175E-03     -204.913      
                3.9644E-03      -207.874      
                3.96705E-03     -224.09       
                3.9697E-03      -210.824      
                3.97235E-03     -219.986      
                3.975E-03       -219.772      
                3.97765E-03     -219.251      
                3.9803E-03      -202.46       
                3.98295E-03     -204.536      
                3.9856E-03      -223.19       
                3.98825E-03     -209.712      
                3.9909E-03      -208.114      
                3.99355E-03     -220.253      
                3.9962E-03      -212.64       
                3.99885E-03     -220.71       
                4.0015E-03      -224.014      
                4.00415E-03     -205.491      
                4.0068E-03      -218.299      
                4.00945E-03     -220.202      
                4.0121E-03      -211.373      
                4.01475E-03     -216.076      
                4.0174E-03      -222.686      
                4.02005E-03     -218.397      
                4.0227E-03      -213.932      
                4.02535E-03     -219.609      
                4.028E-03       -222.526      
                4.03065E-03     -207.101      
                4.0333E-03      -218.041      
                4.03595E-03     -214.291      
                4.0386E-03      -212.343      
                4.04125E-03     -220.054      
                4.0439E-03      -219.126      
                4.04655E-03     -215.916      
                4.0492E-03      -214.021      
                4.05185E-03     -213.569      
                4.0545E-03      -212.003      
                4.05715E-03     -211.448      
                4.0598E-03      -218.116      
                4.06245E-03     -204.751      
                4.0651E-03      -205.74       
                4.06775E-03     -207.814      
                4.0704E-03      -204.497      
                4.07305E-03     -159.123      
                4.0757E-03      -166.662      
                4.07835E-03     -198.883      
                4.081E-03       -212.699      
                4.08365E-03     -205.915      
                4.0863E-03      -210.94       
                4.08895E-03     -212.977      
                4.0916E-03      -205.16       
                4.09425E-03     -219.324      
                4.0969E-03      -224.995      
                4.09955E-03     -223.372      
                4.1022E-03      -214.129      
                4.10485E-03     -229.651      
                4.1075E-03      -226.585      
                4.11015E-03     -215.783      
                4.1128E-03      -220.532      
                4.11545E-03     -218.682      
                4.1181E-03      -224.301      
                4.12075E-03     -215.563      
                4.1234E-03      -214.419      
                4.12605E-03     -216.25       
                4.1287E-03      -219.175      
                4.13135E-03     -212.276      
                4.134E-03       -205.28       
                4.13665E-03     -213.195      
                4.1393E-03      -215.974      
                4.14195E-03     -213.333      
                4.1446E-03      -219.31       
                4.14725E-03     -211.287      
                4.1499E-03      -207.232      
                4.15255E-03     -199.059      
                4.1552E-03      -217.505      
                4.15785E-03     -219.303      
                4.1605E-03      -215.072      
                4.16315E-03     -209.062      
                4.1658E-03      -202.408      
                4.16845E-03     -213.709      
                4.1711E-03      -227.129      
                4.17375E-03     -213.921      
                4.1764E-03      -185.559      
                4.17905E-03     -215.718      
                4.1817E-03      -226.576      
                4.18435E-03     -215.856      
                4.187E-03       -206.488      
                4.18965E-03     -217.405      
                4.1923E-03      -213.242      
                4.19495E-03     -224.72       
                4.1976E-03      -223.61       
                4.20025E-03     -206.267      
                4.2029E-03      -196.973      
                4.20555E-03     -219.647      
                4.2082E-03      -222.786      
                4.21085E-03     -218.402      
                4.2135E-03      -217.471      
                4.21615E-03     -217.603      
                4.2188E-03      -232.994      
                4.22145E-03     -208.781      
                4.2241E-03      -203.745      
                4.22675E-03     -211.803      
                4.2294E-03      -222.907      
                4.23205E-03     -218.163      
                4.2347E-03      -204.024      
                4.23735E-03     -208.623      
                4.24E-03        -208.86       
                4.24265E-03     -200.375      
                4.2453E-03      -211.529      
                4.24795E-03     -216.38       
                4.2506E-03      -213.939      
                4.25325E-03     -212.794      
                4.2559E-03      -210.32       
                4.25855E-03     -215.124      
                4.2612E-03      -210.7        
                4.26385E-03     -204.612      
                4.2665E-03      -200.219      
                4.26915E-03     -203.951      
                4.2718E-03      -208.65       
                4.27445E-03     -215.691      
                4.2771E-03      -218.197      
                4.27975E-03     -233.135      
                4.2824E-03      -228.57       
                4.28505E-03     -208.251      
                4.2877E-03      -212.207      
                4.29035E-03     -216.597      
                4.293E-03       -211.414      
                4.29565E-03     -225.312      
                4.2983E-03      -226.732      
                4.30095E-03     -216.043      
                4.3036E-03      -223.015      
                4.30625E-03     -230.891      
                4.3089E-03      -205.604      
                4.31155E-03     -220.139      
                4.3142E-03      -214.351      
                4.31685E-03     -214.252      
                4.3195E-03      -206.026      
                4.32215E-03     -213.914      
                4.3248E-03      -210.252      
                4.32745E-03     -218.44       
                4.3301E-03      -215.996      
                4.33275E-03     -207.315      
                4.3354E-03      -208.417      
                4.33805E-03     -211.92       
                4.3407E-03      -218.706      
                4.34335E-03     -237.773      
                4.346E-03       -212.208      
                4.34865E-03     -219.42       
                4.3513E-03      -217.433      
                4.35395E-03     -225.221      
                4.3566E-03      -210.106      
                4.35925E-03     -196.601      
                4.3619E-03      -200.091      
                4.36455E-03     -226.079      
                4.3672E-03      -221.999      
                4.36985E-03     -202.547      
                4.3725E-03      -223.142      
                4.37515E-03     -223.143      
                4.3778E-03      -212.873      
                4.38045E-03     -218.534      
                4.3831E-03      -236.903      
                4.38575E-03     -211.314      
                4.3884E-03      -207.634      
                4.39105E-03     -208.886      
                4.3937E-03      -197.982      
                4.39635E-03     -216.739      
                4.399E-03       -215.69       
                4.40165E-03     -150.246      
                4.4043E-03      -168.842      
                4.40695E-03     -200.404      
                4.4096E-03      -209.197      
                4.41225E-03     -204.112      
                4.4149E-03      -207.714      
                4.41755E-03     -236.719      
                4.4202E-03      -213.894      
                4.42285E-03     -204.98       
                4.4255E-03      -221.977      
                4.42815E-03     -226.232      
                4.4308E-03      -209.582      
                4.43345E-03     -225.021      
                4.4361E-03      -233.03       
                4.43875E-03     -207.862      
                4.4414E-03      -216.357      
                4.44405E-03     -213.253      
                4.4467E-03      -214.808      
                4.44935E-03     -219.638      
                4.452E-03       -217.842      
                4.45465E-03     -221.647      
                4.4573E-03      -221.506      
                4.45995E-03     -220.171      
                4.4626E-03      -221.187      
                4.46525E-03     -222.765      
                4.4679E-03      -218.649      
                4.47055E-03     -214.13       
                4.4732E-03      -221.517      
                4.47585E-03     -223.933      
                4.4785E-03      -224.868      
                4.48115E-03     -211.544      
                4.4838E-03      -211.679      
                4.48645E-03     -215.3        
                4.4891E-03      -213.944      
                4.49175E-03     -210.347      
                4.4944E-03      -209.976      
                4.49705E-03     -213.308      
                4.4997E-03      -212.198      
                4.50235E-03     -213.015      
                4.505E-03       -186.212      
                4.50765E-03     -218.379      
                4.5103E-03      -209.67       
                4.51295E-03     -200.234      
                4.5156E-03      -215.052      
                4.51825E-03     -215.928      
                4.5209E-03      -214.992      
                4.52355E-03     -219.814      
                4.5262E-03      -174.725      
                4.52885E-03     -221.778      
                4.5315E-03      -223.205      
                4.53415E-03     -213.933      
                4.5368E-03      -212.781      
                4.53945E-03     -225.712      
                4.5421E-03      -215.221      
                4.54475E-03     -217.056      
                4.5474E-03      -168.453      
                4.55005E-03     -201.552      
                4.5527E-03      -212.827      
                4.55535E-03     -198.035      
                4.558E-03       -202.054      
                4.56065E-03     -207.65       
                4.5633E-03      -211.404      
                4.56595E-03     -118.935      
                4.5686E-03      -157.4        
                4.57125E-03     -205.714      
                4.5739E-03      -219.541      
                4.57655E-03     -180.355      
                4.5792E-03      -173.192      
                4.58185E-03     -221.573      
                4.5845E-03      -224.351      
                4.58715E-03     -222.368      
                4.5898E-03      -197.191      
                4.59245E-03     -198.923      
                4.5951E-03      -227.251      
                4.59775E-03     -217.51       
                4.6004E-03      -201.294      
                4.60305E-03     -217.833      
                4.6057E-03      -223.442      
                4.60835E-03     -210.357      
                4.611E-03       -219.98       
                4.61365E-03     -216.657      
                4.6163E-03      -211.688      
                4.61895E-03     -211.548      
                4.6216E-03      -204.352      
                4.62425E-03     -209.41       
                4.6269E-03      -218.844      
                4.62955E-03     -213.151      
                4.6322E-03      -196.076      
                4.63485E-03     -210.324      
                4.6375E-03      -212.866      
                4.64015E-03     -177.483      
                4.6428E-03      -174.206      
                4.64545E-03     -207.729      
                4.6481E-03      -210.893      
                4.65075E-03     -205.411      
                4.6534E-03      -202.283      
                4.65605E-03     -211.242      
                4.6587E-03      -201.272      
                4.66135E-03     -199.392      
                4.664E-03       -190.345      
                4.66665E-03     -199.458      
                4.6693E-03      -195.969      
                4.67195E-03     -196.395      
                4.6746E-03      -170.288      
                4.67725E-03     -166.199      
                4.6799E-03      -193.914      
                4.68255E-03     -200.631      
                4.6852E-03      -186.79       
                4.68785E-03     -189.491      
                4.6905E-03      -204.002      
                4.69315E-03     -208.202      
                4.6958E-03      -191.637      
                4.69845E-03     -191.907      
                4.7011E-03      -199.597      
                4.70375E-03     -197.424      
                4.7064E-03      -190.96       
                4.70905E-03     -190.689      
                4.7117E-03      -196.753      
                4.71435E-03     -195.389      
                4.717E-03       -174.231      
                4.71965E-03     -194.57       
                4.7223E-03      -200.13       
                4.72495E-03     -191.181      
                4.7276E-03      -193.307      
                4.73025E-03     -189.825      
                4.7329E-03      -189.576      
                4.73555E-03     -194.885      
                4.7382E-03      -200.665      
                4.74085E-03     -190.077      
                4.7435E-03      -194.165      
                4.74615E-03     -189.84       
                4.7488E-03      -196.379      
                4.75145E-03     -186.721      
                4.7541E-03      -190.372      
                4.75675E-03     -196.132      
                4.7594E-03      -189.816      
                4.76205E-03     -188.792      
                4.7647E-03      -184.665      
                4.76735E-03     -196.102      
                4.77E-03        -189.252      
                4.77265E-03     -191.013      
                4.7753E-03      -194.714      
                4.77795E-03     -193.378      
                4.7806E-03      -185.119      
                4.78325E-03     -197.251      
                4.7859E-03      -199.466      
                4.78855E-03     -192.916      
                4.7912E-03      -183.989      
                4.79385E-03     -187.249      
                4.7965E-03      -180.071      
                4.79915E-03     -194.443      
                4.8018E-03      -191.38       
                4.80445E-03     -184.946      
                4.8071E-03      -126.765      
                4.80975E-03     -155.195      
                4.8124E-03      -156.908      
                4.81505E-03     -170.109      
                4.8177E-03      -159.17       
                4.82035E-03     -167.081      
                4.823E-03       -181.984      
                4.82565E-03     -160.488      
                4.8283E-03      -183.794      
                4.83095E-03     -174.953      
                4.8336E-03      -174.96       
                4.83625E-03     -174.65       
                4.8389E-03      -185.081      
                4.84155E-03     -181.039      
                4.8442E-03      -181.353      
                4.84685E-03     -177.838      
                4.8495E-03      -177.818      
                4.85215E-03     -174.141      
                4.8548E-03      -178.918      
                4.85745E-03     -186.155      
                4.8601E-03      -167.894      
                4.86275E-03     -177.04       
                4.8654E-03      -123.112      
                4.86805E-03     -176.644      
                4.8707E-03      -181.779      
                4.87335E-03     -171.214      
                4.876E-03       -184.522      
                4.87865E-03     -172.274      
                4.8813E-03      -157.61       
                4.88395E-03     -173.565      
                4.8866E-03      -169.484      
                4.88925E-03     -165.75       
                4.8919E-03      -167.131      
                4.89455E-03     -163.         
                4.8972E-03      -167.614      
                4.89985E-03     -165.251      
                4.9025E-03      -156.573      
                4.90515E-03     -147.976      
                4.9078E-03      -161.492      
                4.91045E-03     -161.569      
                4.9131E-03      -161.35       
                4.91575E-03     -156.745      
                4.9184E-03      -158.784      
                4.92105E-03     -174.415      
                4.9237E-03      -155.623      
                4.92635E-03     -169.443      
                4.929E-03       -170.448      
                4.93165E-03     -171.177      
                4.9343E-03      -169.604      
                4.93695E-03     -169.837      
                4.9396E-03      -165.998      
                4.94225E-03     -161.379      
                4.9449E-03      -165.475      
                4.94755E-03     -156.368      
                4.9502E-03      -173.658      
                4.95285E-03     -175.653      
                4.9555E-03      -161.37       
                4.95815E-03     -163.918      
                4.9608E-03      -150.175      
                4.96345E-03     -167.737      
                4.9661E-03      -168.795      
                4.96875E-03     -154.502      
                4.9714E-03      -162.999      
                4.97405E-03     -158.667      
                4.9767E-03      -157.647      
                4.97935E-03     -162.709      
                4.982E-03       -162.32       
                4.98465E-03     -151.119      
                4.9873E-03      -157.355      
                4.98995E-03     -147.555      
                4.9926E-03      -152.662      
                4.99525E-03     -147.789      
                4.9979E-03      -143.923      
                5.00055E-03     -140.677      
                5.0032E-03      -142.721      
                5.00585E-03     -141.393      
                5.0085E-03      -148.268      
                5.01115E-03     -154.845      
                5.0138E-03      -157.524      
                5.01645E-03     -169.763      
                5.0191E-03      -128.109      
                5.02175E-03     -139.142      
                5.0244E-03      -144.273      
                5.02705E-03     -121.31       
                5.0297E-03      -147.809      
                5.03235E-03      -67.5769     
                5.035E-03        -65.4337     
                5.03765E-03     -106.647      
                5.0403E-03       -98.0021     
                5.04295E-03     -110.01       
                5.0456E-03       -89.068      
                5.04825E-03     -116.059      
                5.0509E-03      -111.211      
                5.05355E-03     -102.767      
                5.0562E-03       -93.4945     
                5.05885E-03     -103.925      
                5.0615E-03      -131.697      
                5.06415E-03     -121.822      
                5.0668E-03      -136.415      
                5.06945E-03     -123.151      
                5.0721E-03      -129.332      
                5.07475E-03     -123.546      
                5.0774E-03      -119.82       
                5.08005E-03     -126.285      
                5.0827E-03      -123.962      
                5.08535E-03     -120.284      
                5.088E-03       -134.936      
                5.09065E-03     -115.716      
                5.0933E-03       -93.0949     
                5.09595E-03     -149.453      
                5.0986E-03       -58.889      
                5.10125E-03     -101.436      
                5.1039E-03      -111.204      
                5.10655E-03     -111.34       
                5.1092E-03      -104.342      
                5.11185E-03     -114.342      
                5.1145E-03      -103.959      
                5.11715E-03     -120.291      
                5.1198E-03      -109.141      
                5.12245E-03      -86.8177     
                5.1251E-03      -101.491      
                5.12775E-03     -116.09       
                5.1304E-03      -123.155      
                5.13305E-03     -115.175      
                5.1357E-03      -109.401      
                5.13835E-03     -120.197      
                5.141E-03       -116.192      
                5.14365E-03     -126.871      
                5.1463E-03      -117.578      
                5.14895E-03     -113.674      
                5.1516E-03      -108.041      
                5.15425E-03     -120.542      
                5.1569E-03      -110.232      
                5.15955E-03     -108.902      
                5.1622E-03      -107.785      
                5.16485E-03     -103.175      
                5.1675E-03      -117.439      
                5.17015E-03     -110.513      
                5.1728E-03      -113.365      
                5.17545E-03     -107.39       
                5.1781E-03       -85.6627     
                5.18075E-03      -95.9754     
                5.1834E-03      -107.196      
                5.18605E-03      -99.7238     
                5.1887E-03      -105.498      
                5.19135E-03      -99.599      
                5.194E-03       -112.784      
                5.19665E-03     -100.939      
                5.1993E-03      -106.912      
                5.20195E-03     -104.386      
                5.2046E-03      -102.66       
                5.20725E-03     -105.412      
                5.2099E-03      -105.243      
                5.21255E-03      -91.2564     
                5.2152E-03       -83.4219     
                5.21785E-03     -102.379      
                5.2205E-03       -95.5545     
                5.22315E-03     -102.697      
                5.2258E-03       -96.9388     
                5.22845E-03      -95.8275     
                5.2311E-03       -95.5047     
                5.23375E-03      -96.7173     
                5.2364E-03       -87.3151     
                5.23905E-03      -86.6574     
                5.2417E-03       -83.3963     
                5.24435E-03      -84.6621     
                5.247E-03        -92.2987     
                5.24965E-03      -89.2917     
                5.2523E-03       -92.308      
                5.25495E-03      -89.1948     
                5.2576E-03       -89.4308     
                5.26025E-03      -75.3728     
                5.2629E-03       -82.416      
                5.26555E-03     -100.383      
                5.2682E-03       -84.0826     
                5.27085E-03      -82.7586     
                5.2735E-03       -84.0569     
                5.27615E-03      -79.2156     
                5.2788E-03       -85.8738     
                5.28145E-03      -76.0623     
                5.2841E-03       -74.8542     
                5.28675E-03      -78.7419     
                5.2894E-03       -77.0693     
                5.29205E-03      -80.0648     
                5.2947E-03       -93.1714     
                5.29735E-03      -88.3099     
                5.3E-03         -101.026      




