
                  X               _temp_2     

                0.                 0.         
                1.30008E-06      -32.6677     
                2.60014E-06     -102.328      
                3.90022E-06       36.2817     
                5.2003E-06        64.3261     
                6.50038E-06     -196.246      
                7.80046E-06     -139.832      
                9.10054E-06      157.164      
               10.4006E-06       -26.8992     
               11.7007E-06      -266.928      
               13.0008E-06        60.1779     
               14.3009E-06       195.11       
               15.6009E-06      -183.327      
               16.901E-06       -156.511      
               18.2006E-06       182.118      
               19.5003E-06        27.995      
               20.8001E-06      -229.219      
               22.101E-06        -26.2502     
               23.4008E-06       106.75       
               24.7005E-06      -101.079      
               26.0003E-06      -131.15       
               27.3E-06           25.5835     
               28.6009E-06      -211.309E-03  
               29.9007E-06       -80.9452     
               31.2004E-06       -44.9159     
               32.5002E-06       -25.5149     
               33.8011E-06       -30.1795     
               35.1009E-06       -23.8567     
               36.4006E-06       -69.2671     
               37.7004E-06       -80.0401     
               39.0001E-06         2.88796    
               40.301E-06        -31.3066     
               41.6008E-06      -135.812      
               42.9005E-06       -60.4674     
               44.2003E-06        27.6347     
               45.5E-06          -94.6615     
               46.801E-06       -140.196      
               48.1007E-06        -3.75431    
               49.4005E-06       -10.9126     
               50.7002E-06      -141.412      
               52.0011E-06       -88.8301     
               53.3005E-06         2.43233    
               54.6008E-06       -79.183      
               55.9009E-06      -153.103      
               57.2009E-06       -51.2311     
               58.5007E-06       -37.1021     
               59.8007E-06      -112.11       
               61.1002E-06      -108.917      
               62.4002E-06       -74.3821     
               63.7005E-06       -90.7078     
               65.0005E-06      -106.256      
               66.3008E-06      -102.071      
               67.6001E-06      -101.191      
               68.9001E-06       -91.8079     
               70.2001E-06       -95.983      
               71.5007E-06       -89.1419     
               72.8003E-06       -98.3457     
               74.1005E-06       -75.3753     
               75.4003E-06      -111.678      
               76.7007E-06      -140.814      
               78.0003E-06       -97.5649     
               79.3006E-06       -42.1857     
               80.6002E-06      -106.104      
               81.9004E-06      -118.11       
               83.2001E-06       -72.975      
               84.5005E-06      -104.224      
               85.8008E-06      -144.671      
               87.1E-06         -114.667      
               88.4004E-06       -97.4803     
               89.7005E-06       -77.0592     
               91.0009E-06       -84.2173     
               92.3001E-06       -96.9084     
               93.6004E-06      -105.8        
               94.9008E-06      -128.696      
               96.2011E-06      -121.99       
               97.5003E-06      -122.54       
               98.8007E-06      -128.972      
              100.101E-06        -89.6883     
              101.4E-06         -106.946      
              102.701E-06       -135.566      
              104.001E-06       -122.188      
              105.3E-06         -144.643      
              106.6E-06         -152.629      
              107.901E-06       -146.017      
              109.2E-06         -148.011      
              110.501E-06       -111.845      
              111.801E-06       -103.609      
              113.1E-06         -122.132      
              114.401E-06       -137.692      
              115.701E-06       -154.384      
              117.E-06          -144.851      
              118.3E-06         -140.814      
              119.601E-06       -152.316      
              120.901E-06       -111.612      
              122.2E-06         -111.721      
              123.5E-06         -131.806      
              124.801E-06       -145.981      
              126.1E-06         -153.166      
              127.4E-06         -151.231      
              128.701E-06       -154.282      
              130.001E-06       -155.709      
              131.3E-06         -151.923      
              132.601E-06       -124.773      
              133.901E-06       -128.661      
              135.2E-06         -150.192      
              136.5E-06         -153.825      
              137.801E-06       -149.753      
              139.1E-06         -145.855      
              140.4E-06         -166.286      
              141.701E-06       -160.076      
              143.001E-06       -150.922      
              144.301E-06       -132.946      
              145.6E-06         -148.507      
              146.901E-06       -142.66       
              148.201E-06       -152.23       
              149.5E-06         -163.646      
              150.801E-06       -160.868      
              152.101E-06       -157.413      
              153.4E-06         -163.053      
              154.701E-06       -160.541      
              156.E-06          -118.817      
              157.3E-06         -142.437      
              158.601E-06       -155.124      
              159.901E-06       -160.259      
              161.2E-06         -158.09       
              162.501E-06       -159.101      
              163.801E-06       -169.096      
              165.101E-06       -138.961      
              166.401E-06       -143.775      
              167.7E-06         -154.842      
              169.001E-06       -164.106      
              170.301E-06       -165.469      
              171.6E-06         -166.437      
              172.9E-06         -168.597      
              174.201E-06       -179.529      
              175.5E-06         -133.575      
              176.8E-06         -170.174      
              178.101E-06       -172.22       
              179.4E-06         -168.848      
              180.7E-06         -165.596      
              182.001E-06       -170.274      
              183.301E-06       -167.556      
              184.601E-06        -89.832      
              185.9E-06          -87.5589     
              187.201E-06       -117.027      
              188.501E-06       -138.729      
              189.8E-06         -142.992      
              191.101E-06       -146.565      
              192.401E-06       -173.737      
              193.7E-06         -121.912      
              195.001E-06       -141.399      
              196.301E-06       -147.571      
              197.6E-06         -158.701      
              198.9E-06         -157.406      
              200.201E-06       -172.499      
              201.5E-06          264.602E-03  
              202.801E-06        -14.6256     
              204.1E-06          -31.1849     
              205.4E-06          -41.4281     
              206.701E-06        -48.1919     
              208.001E-06        -45.572      
              209.3E-06         -556.942E-03  
              210.601E-06       -466.98E-03   
              211.9E-06          -10.3984     
              213.201E-06        -15.0196     
              214.501E-06         -7.56148    
              215.801E-06         -8.05668    
              217.101E-06         -8.16184    
              218.401E-06         -8.46293    
              219.701E-06         -5.35994    
              221.E-06           -18.3292     
              222.301E-06        -66.9761     
              223.601E-06        -81.1705     
              224.9E-06          -97.516      
              226.201E-06       -117.962      
              227.501E-06        -64.8523     
              228.801E-06       -107.31       
              230.1E-06         -110.682      
              231.401E-06       -123.224      
              232.701E-06       -136.142      
              234.E-06          -135.064      
              235.301E-06        -92.9869     
              236.6E-06         -119.272      
              237.901E-06       -113.128      
              239.201E-06       -147.473      
              240.5E-06         -142.686      
              241.8E-06         -143.815      
              243.101E-06       -149.592      
              244.4E-06         -149.109      
              245.7E-06         -146.451      
              247.E-06          -110.808      
              248.301E-06       -116.769      
              249.601E-06       -133.9        
              250.9E-06         -132.615      
              252.201E-06       -143.913      
              253.501E-06       -138.585      
              254.8E-06         -134.564      
              256.1E-06         -154.204      
              257.401E-06       -135.68       
              258.7E-06         -131.249      
              260.001E-06       -110.92       
              261.3E-06         -114.15       
              262.6E-06         -105.196      
              263.901E-06       -109.918      
              265.201E-06       -123.676      
              266.5E-06         -114.257      
              267.801E-06       -106.622      
              269.101E-06       -115.645      
              270.401E-06        -79.6589     
              271.7E-06          -98.7243     
              273.001E-06       -106.139      
              274.301E-06       -102.497      
              275.6E-06         -106.194      
              276.9E-06         -106.911      
              278.201E-06       -100.316      
              279.501E-06        -95.1989     
              280.8E-06          -90.0654     
              282.101E-06       -102.989      
              283.401E-06       -108.539      
              284.701E-06        -90.2876     
              286.E-06          -105.577      
              287.301E-06        -94.0555     
              288.601E-06       -100.606      
              289.9E-06          -97.2623     
              291.2E-06          -82.3994     
              292.5E-06          -94.9747     
              293.801E-06        -97.6109     
              295.101E-06        -67.7085     
              296.4E-06          -85.36       
              297.701E-06        -91.9759     
              299.001E-06       -104.2        
              300.3E-06         -114.11       
              301.601E-06        -90.0837     
              302.901E-06        -87.8907     
              304.2E-06         -100.99       
              305.501E-06       -109.848      
              306.801E-06       -113.181      
              308.1E-06         -116.329      
              309.401E-06        -76.6039     
              310.7E-06          -91.7441     
              312.E-06           -96.8608     
              313.301E-06        -97.156      
              314.6E-06         -103.238      
              315.9E-06         -109.899      
              317.201E-06        -99.5598     
              318.501E-06        -82.2092     
              319.8E-06         -101.228      
              321.1E-06          -95.4009     
              322.401E-06       -101.688      
              323.701E-06        -95.3918     
              325.E-06           -92.959      
              326.301E-06       -114.948      
              327.601E-06       -108.917      
              328.9E-06          -63.4861     
              330.201E-06        -78.8252     
              331.501E-06        -81.9233     
              332.8E-06          -88.3544     
              334.101E-06        -94.4461     
              335.401E-06        -94.3895     
              336.701E-06        -35.3436     
              338.E-06           -64.9935     
              339.3E-06          -77.7288     
              340.601E-06        -80.144      
              341.901E-06        -86.4354     
              343.2E-06          -88.96       
              344.5E-06          -45.6157     
              345.801E-06        -79.318      
              347.101E-06        -78.018      
              348.4E-06          -74.2617     
              349.7E-06          -52.3721     
              351.001E-06        -59.3432     
              352.301E-06        -70.9757     
              353.6E-06          -68.7242     
              354.901E-06        -16.0827     
              356.2E-06          -47.0466     
              357.5E-06          -53.2744     
              358.801E-06        -51.6549     
              360.101E-06        -64.3839     
              361.4E-06          -70.8127     
              362.701E-06        -44.0191     
              364.E-06           -55.3264     
              365.301E-06        -57.9985     
              366.601E-06        -72.4833     
              367.9E-06          -41.6495     
              369.201E-06        -41.3036     
              370.501E-06        -54.4801     
              371.8E-06           -8.10272    
              373.101E-06        -33.9443     
              374.4E-06          -34.7565     
              375.7E-06          -47.846      
              377.001E-06        -57.5126     
              378.301E-06        -68.4989     
              379.6E-06          -13.5895     
              380.901E-06        -29.0933     
              382.2E-06          -35.8722     
              383.5E-06          -43.8598     
              384.801E-06        -48.6726     
              386.101E-06        -52.005      
              387.401E-06        -22.7429     
              388.7E-06          -46.2552     
              390.E-06           -35.635      
              391.301E-06        -39.1015     
              392.601E-06        -43.2359     
              393.901E-06        -13.0278     
              395.201E-06        -26.0998     
              396.5E-06          -31.0886     
              397.801E-06        -37.1297     
              399.101E-06        -39.6627     
              400.4E-06          -12.4098E-03 
              401.701E-06        -18.5926     
              403.E-06           -23.8746     
              404.301E-06        -32.6529     
              405.6E-06         -909.786E-03  
              406.9E-06           -8.10396    
              408.201E-06        -12.7517     
              409.501E-06        -17.6818     
              410.8E-06          -22.6159     
              412.101E-06          1.28781    
              413.401E-06         -3.67903    
              414.7E-06          -10.761      
              416.001E-06        -18.3359     
              417.301E-06         -2.95914    
              418.601E-06       -793.234E-03  
              419.9E-06           -3.16503    
              421.201E-06         -6.39886    
              422.501E-06        -16.094      
              423.801E-06         -5.91522    
              425.1E-06          -10.4755     
              426.401E-06        -17.7038     
              427.7E-06          -21.546      
              429.001E-06        -22.4174     
              430.3E-06          -22.0773     
              431.6E-06           -7.90669    
              432.901E-06        -11.015      
              434.201E-06        -17.5814     
              435.5E-06          -20.6292     
              436.801E-06        -22.1801     
              438.101E-06        -19.3165     
              439.401E-06         -6.0073     
              440.7E-06           -9.93504    
              442.E-06            -9.61316    
              443.3E-06          -10.2498     
              444.6E-06          -14.4056     
              445.901E-06        -16.6282     
              447.201E-06         -9.19502    
              448.501E-06        -11.4786     
              449.801E-06        -10.7894     
              451.1E-06          -11.1337     
              452.4E-06           -9.629      
              453.701E-06        -20.8136     
              455.001E-06        -17.1391     
              456.301E-06        -19.2508     
              457.6E-06          -14.0233     
              458.9E-06          -10.7515     
              460.201E-06        -16.3094     
              461.5E-06          -16.1089     
              462.801E-06        -15.6992     
              464.1E-06          -12.386      
              465.401E-06        -18.6274     
              466.701E-06        -19.2833     
              468.001E-06        -19.2919     
              469.301E-06        -22.6259     
              470.601E-06        -30.0486     
              471.901E-06        -28.0703     
              473.2E-06          -31.6921     
              474.501E-06        -29.4638     
              475.8E-06          -28.4627     
              477.101E-06        -27.9572     
              478.4E-06          -27.9506     
              479.701E-06        -24.0763     
              481.E-06           -24.0866     
              482.301E-06        -24.5167     
              483.6E-06          -24.5327     
              484.901E-06        -29.8707     
              486.201E-06        -25.8321     
              487.501E-06        -26.9677     
              488.801E-06        -26.807      
              490.101E-06        -25.5286     
              491.401E-06        -26.2348     
              492.701E-06        -23.6605     
              494.001E-06        -23.5658     
              495.3E-06          -22.6232     
              496.601E-06        -23.0546     
              497.9E-06          -23.2259     
              499.201E-06        -20.9264     
              500.5E-06          -20.7325     
              501.801E-06        -21.1328     
              503.1E-06          -21.1316     
              504.401E-06        -20.7217     
              505.7E-06          -15.9825     
              507.001E-06        -21.358      
              508.3E-06          -22.5581     
              509.601E-06        -22.766      
              510.9E-06          -20.9868     
              512.201E-06        -20.5987     
              513.5E-06          -16.2674     
              514.801E-06        -16.906      
              516.1E-06          -24.7554     
              517.401E-06        -24.603      
              518.7E-06          -23.4269     
              520.001E-06        -22.3733     
              521.3E-06          -22.9332     
              522.601E-06        -26.3644     
              523.9E-06          -29.7939     
              525.201E-06        -27.4912     
              526.5E-06          -24.8618     
              527.801E-06        -25.2416     
              529.101E-06        -25.0544     
              530.401E-06        -26.4664     
              531.701E-06        -23.9489     
              533.001E-06        -24.526      
              534.301E-06        -22.8035     
              535.6E-06          -20.4615     
              536.901E-06        -20.0054     
              538.2E-06          -22.2093     
              539.501E-06        -21.8377     
              540.8E-06          -20.9727     
              542.101E-06        -19.9212     
              543.4E-06          -18.5378     
              544.701E-06        -15.8686     
              546.E-06           -15.585      
              547.301E-06        -14.5245     
              548.6E-06          -13.2468     
              549.901E-06        -12.3045     
              551.2E-06          -10.0122     
              552.501E-06         -8.35632    
              553.8E-06           -8.48873    
              555.101E-06         -8.08365    
              556.4E-06           -6.39394    
              557.701E-06        -11.1568     
              559.E-06           -13.4714     
              560.301E-06        -13.3388     
              561.6E-06          -11.0764     
              562.901E-06         -9.99481    
              564.2E-06           -9.07383    
              565.501E-06         -7.58204    
              566.8E-06           -7.09616    
              568.101E-06         -6.51175    
              569.401E-06        -10.0121     
              570.701E-06        -10.0238     
              572.001E-06         -9.0019     
              573.301E-06         -7.14219    
              574.601E-06         -6.75341    
              575.901E-06         -6.45134    
              577.201E-06         -5.79337    
              578.5E-06           -5.02303    
              579.801E-06         -5.51914    
              581.1E-06          -73.9374E-03 
              582.401E-06         64.7979E-03 
              583.7E-06          -64.4856E-03 
              585.001E-06         -6.51184    
              586.3E-06          -12.2983     
              587.601E-06        -14.8276     
              588.9E-06           -5.28826    
              590.201E-06        -33.6581     
              591.5E-06          -38.7094     
              592.801E-06        -40.8881     
              594.1E-06          -36.9547     
              595.401E-06        -36.4256     
              596.7E-06          -31.4343     
              598.001E-06        -31.7102     
              599.3E-06          -31.4736     
              600.601E-06        -26.3991     
              601.9E-06          -23.6997     
              603.201E-06        -22.553      
              604.5E-06          -22.478      
              605.801E-06        -20.7864     
              607.1E-06          -17.3236     
              608.401E-06        -15.9507     
              609.7E-06          -16.2592     
              611.001E-06        -15.4252     
              612.3E-06          -11.107      
              613.601E-06        -11.7792     
              614.9E-06          -11.071      
              616.201E-06        -10.6931     
              617.5E-06          -10.2357     
              618.801E-06         -8.37723    
              620.101E-06         -7.88686    
              621.401E-06         -7.60879    
              622.701E-06         -7.13435    
              624.E-06           -10.6408     
              625.301E-06         -8.51761    
              626.6E-06           -8.29041    
              627.901E-06         -7.86221    
              629.2E-06           -7.22897    
              630.501E-06         -6.99341    
              631.8E-06           -6.09839    
              633.101E-06         -5.14765    
              634.4E-06           -4.53151    
              635.701E-06         -4.65472    
              637.E-06            61.0863E-03 
              638.301E-06        -61.2173E-03 
              639.6E-06           59.1008E-03 
              640.901E-06        -58.5566E-03 
              642.2E-06           -6.54959    
              643.501E-06         -7.10903    
              644.8E-06           -7.01317    
              646.101E-06        -11.2272     
              647.4E-06          -15.3148     
              648.701E-06        -14.6876     
              650.E-06           -17.9087     
              651.301E-06        -32.2034     
              652.6E-06          -31.0762     
              653.901E-06        -32.2784     
              655.2E-06          -27.8414     
              656.501E-06        -28.5328     
              657.8E-06          -27.1783     
              659.101E-06        -26.2521     
              660.401E-06        -22.35       
              661.701E-06        -21.8156     
              663.001E-06        -20.3912     
              664.3E-06          -17.3809     
              665.601E-06        -24.1536     
              666.9E-06          -22.3231     
              668.201E-06        -19.4976     
              669.5E-06          -18.6357     
              670.801E-06        -17.4192     
              672.1E-06          -16.5101     
              673.401E-06        -15.4837     
              674.7E-06          -13.4299     
              676.001E-06        -12.6175     
              677.3E-06          -11.2644     
              678.601E-06        -10.6883     
              679.9E-06          -12.4145     
              681.201E-06        -12.5676     
              682.5E-06          -12.0711     
              683.801E-06        -11.2007     
              685.1E-06          -10.432      
              686.401E-06         -8.65434    
              687.7E-06           -8.6584     
              689.001E-06         -8.13593    
              690.3E-06           -7.62438    
              691.601E-06         -7.45109    
              692.9E-06           -9.20164    
              694.201E-06         -8.88955    
              695.5E-06           -8.59055    
              696.801E-06         -8.25904    
              698.1E-06           -7.32857    
              699.401E-06         -7.01723    
              700.7E-06           -6.18388    
              702.001E-06         -6.64869    
              703.301E-06        235.653E-03  
              704.601E-06        -26.889E-03  
              705.901E-06       -799.99E-03   
              707.2E-06           -3.93523    
              708.501E-06         30.49E-03   
              709.8E-06          -13.3259     
              711.101E-06        -24.9825     
              712.4E-06          -22.5015     
              713.701E-06        -25.9674     
              715.E-06           -27.6299     
              716.301E-06        -29.4388     
              717.6E-06          -29.0688     
              718.901E-06        -28.6718     
              720.2E-06          -28.743      
              721.501E-06        -27.2082     
              722.8E-06          -28.321      
              724.101E-06        -28.3608     
              725.4E-06          -28.1954     
              726.701E-06        -28.317      
              728.E-06           -27.3139     
              729.301E-06        -24.3702     
              730.6E-06          -25.5388     
              731.901E-06        -25.0879     
              733.2E-06          -24.9298     
              734.501E-06        -24.2364     
              735.8E-06          -21.9028     
              737.101E-06        -22.7639     
              738.4E-06          -22.0758     
              739.701E-06        -21.8683     
              741.E-06           -21.5857     
              742.301E-06        -18.9498     
              743.601E-06        -19.9098     
              744.901E-06        -19.4634     
              746.201E-06        -25.3092     
              747.501E-06        -23.6818     
              748.801E-06        -20.8124     
              750.1E-06          -22.2076     
              751.401E-06        -24.9896     
              752.7E-06          -25.4518     
              754.001E-06        -25.2992     
              755.3E-06          -23.245      
              756.601E-06        -20.9961     
              757.9E-06          -21.2128     
              759.201E-06        -19.8929     
              760.5E-06          -19.1786     
              761.801E-06        -18.4628     
              763.1E-06          -18.2504     
              764.401E-06        -18.1713     
              765.7E-06          -18.9077     
              767.001E-06        -18.8462     
              768.3E-06          -18.4232     
              769.601E-06        -17.0826     
              770.9E-06          -14.2377     
              772.201E-06        -18.1547     
              773.5E-06           -8.50667    
              774.801E-06        -11.7817     
              776.1E-06           -8.55699    
              777.401E-06        -31.2577E-03 
              778.7E-06          -30.6178     
              780.001E-06        -41.8754     
              781.3E-06          -44.6076     
              782.601E-06        -35.6392     
              783.901E-06        -47.4838     
              785.201E-06        -46.438      
              786.501E-06        -48.4861     
              787.801E-06        -46.6331     
              789.101E-06        -35.7297     
              790.401E-06        -36.4244     
              791.701E-06        -34.6139     
              793.E-06           -29.4909     
              794.301E-06        -24.0342     
              795.6E-06          -22.8514     
              796.901E-06        -21.4651     
              798.2E-06          -19.7383     
              799.501E-06        -17.7835     
              800.8E-06          -13.6114     
              802.101E-06        -12.4988     
              803.4E-06          -11.6005     
              804.701E-06        -10.917      
              806.E-06            -9.83301    
              807.301E-06         -9.30081    
              808.6E-06           -8.02695    
              809.901E-06         -7.09364    
              811.2E-06           -6.58035    
              812.501E-06         -8.61792    
              813.8E-06           -7.95706    
              815.101E-06         -7.60827    
              816.4E-06           -7.24782    
              817.701E-06         -6.35269    
              819.E-06            -9.0524     
              820.301E-06         -8.24211    
              821.6E-06           -7.54015    
              822.901E-06         -6.93554    
              824.2E-06           -6.37361    
              825.501E-06         -9.83981    
              826.801E-06         -8.96367    
              828.101E-06         -8.64727    
              829.401E-06         -7.95777    
              830.701E-06         -9.66115    
              832.001E-06         -9.63114    
              833.3E-06           -8.62418    
              834.601E-06         -8.30974    
              835.9E-06           -7.04783    
              837.201E-06         -7.20367    
              838.5E-06           -5.96395    
              839.801E-06         -5.43766    
              841.1E-06           -9.26677    
              842.401E-06         -8.76858    
              843.7E-06           -8.05826    
              845.001E-06         -7.5369     
              846.3E-06           -6.82131    
              847.601E-06         -5.77418    
              848.9E-06           -5.40534    
              850.201E-06         -4.81258    
              851.5E-06           -4.0333     
              852.801E-06         -4.37827    
              854.1E-06           -3.94868    
              855.401E-06         -4.3567     
              856.7E-06          -11.4679     
              858.001E-06        -10.9766     
              859.3E-06          -10.4727     
              860.601E-06         -9.55158    
              861.9E-06           -8.80958    
              863.201E-06         -8.67308    
              864.5E-06           -8.05063    
              865.801E-06        -11.6218     
              867.101E-06        -10.4013     
              868.401E-06        -10.265      
              869.701E-06         -9.36823    
              871.001E-06         -8.91363    
              872.301E-06        -11.2943     
              873.6E-06          -12.055      
              874.901E-06        -11.6831     
              876.2E-06          -10.5887     
              877.501E-06        -12.0888     
              878.8E-06          -14.5501     
              880.101E-06        -12.521      
              881.4E-06          -12.2776     
              882.701E-06        -11.2941     
              884.E-06           -10.9422     
              885.301E-06        -10.604      
              886.6E-06          -14.3593     
              887.901E-06         -8.65242    
              889.2E-06           -8.49174    
              890.501E-06         -2.92601    
              891.8E-06         -785.407E-03  
              893.101E-06         -3.83145    
              894.4E-06           -4.13087    
              895.701E-06         -5.44594    
              897.E-06            -4.69299    
              898.301E-06         -7.80901    
              899.6E-06           -9.25405    
              900.901E-06         -9.66111    
              902.2E-06           -8.24125    
              903.501E-06        -13.0478     
              904.8E-06          -13.9112     
              906.101E-06        -14.2183     
              907.4E-06          -13.853      
              908.701E-06        -13.1122     
              910.001E-06        -11.7838     
              911.301E-06        -12.7221     
              912.601E-06        -16.2199     
              913.901E-06        -16.0418     
              915.201E-06        -15.6728     
              916.5E-06          -21.6938     
              917.801E-06        -19.5092     
              919.1E-06          -19.8382     
              920.401E-06        -20.0336     
              921.7E-06          -19.7848     
              923.001E-06        -19.7236     
              924.3E-06          -17.8108     
              925.601E-06        -18.2105     
              926.9E-06          -21.5184     
              928.201E-06        -26.4197     
              929.5E-06          -26.8605     
              930.801E-06        -26.4427     
              932.1E-06          -23.2712     
              933.401E-06        -23.769      
              934.7E-06          -24.3477     
              936.001E-06        -24.5942     
              937.3E-06          -24.2383     
              938.601E-06        -15.6569     
              939.9E-06          -21.0136     
              941.201E-06        -21.7111     
              942.5E-06          -20.8631     
              943.801E-06        -20.8108     
              945.1E-06          -19.8972     
              946.401E-06        -18.1401     
              947.7E-06          -18.207      
              949.001E-06        -18.5288     
              950.301E-06        -23.3364     
              951.601E-06        -21.796      
              952.901E-06        -14.2761     
              954.201E-06        -18.2776     
              955.501E-06        -17.6962     
              956.8E-06          -17.697      
              958.101E-06        -17.4402     
              959.4E-06          -16.2443     
              960.701E-06        -16.2026     
              962.E-06           -17.2594     
              963.301E-06        -17.6358     
              964.6E-06          -21.1847     
              965.901E-06        -19.1187     
              967.2E-06          -17.8569     
              968.501E-06        -17.1244     
              969.8E-06          -16.6828     
              971.101E-06        -15.5537     
              972.4E-06          -13.5998     
              973.701E-06        -18.7991     
              975.E-06           -17.7273     
              976.301E-06        -20.57       
              977.601E-06        -23.1227     
              978.901E-06        -24.5996     
              980.2E-06          -23.4977     
              981.5E-06          -22.731      
              982.8E-06          -20.7985     
              984.101E-06        -17.1772     
              985.401E-06        -18.8015     
              986.701E-06        -27.4229     
              988.E-06           -29.1725     
              989.3E-06          -26.4105     
              990.6E-06          -25.0269     
              991.901E-06        -22.2421     
              993.201E-06         -9.44639    
              994.501E-06        -20.2602     
              995.8E-06          -20.0233     
              997.1E-06          -18.285      
              998.401E-06        -17.3465     
              999.701E-06        -15.4679     
                1.001E-03        -14.5783     
                1.0023E-03       -13.727      
                1.0036E-03       -13.2118     
                1.0049E-03       -17.573      
                1.0062E-03       -14.7672     
                1.0075E-03       -14.4161     
                1.0088E-03       -13.0502     
                1.0101E-03       -11.5359     
                1.0114E-03       -10.7195     
                1.0127E-03       -11.0499     
                1.014E-03        -12.7077     
                1.0153E-03       -11.9364     
                1.0166E-03       -10.257      
                1.0179E-03        -9.52923    
                1.0192E-03        -9.31458    
                1.0205E-03        -8.16178    
                1.0218E-03        -7.94323    
                1.0231E-03        -7.43175    
                1.0244E-03        -7.15121    
                1.0257E-03        -6.7946     
                1.027E-03         -6.45822    
                1.0283E-03        -9.17323    
                1.0296E-03        -8.84691    
                1.0309E-03        -8.69841    
                1.0322E-03        -8.0021     
                1.0335E-03        -8.14563    
                1.0348E-03       -11.666      
                1.0361E-03       -10.003      
                1.0374E-03       -11.8461     
                1.0387E-03        -8.63127    
                1.04E-03          -8.24994    
                1.0413E-03        -8.58943    
                1.0426E-03        -3.08408    
                1.0439E-03        -1.42343    
                1.0452E-03        -8.09837    
                1.0465E-03        -6.36171    
                1.0478E-03        -8.699      
                1.0491E-03        -7.81154    
                1.0504E-03        -6.71975    
                1.0517E-03       -34.989      
                1.053E-03        -33.1049     
                1.0543E-03       -35.0073     
                1.0556E-03       -31.2192     
                1.0569E-03       -29.293      
                1.0582E-03       -37.7545     
                1.0595E-03       -35.3045     
                1.0608E-03       -33.365      
                1.0621E-03       -32.5057     
                1.0634E-03       -28.0118     
                1.0647E-03       -27.2573     
                1.066E-03        -28.6657     
                1.0673E-03       -26.8742     
                1.0686E-03       -26.0114     
                1.0699E-03       -23.1708     
                1.0712E-03       -21.0978     
                1.0725E-03       -20.2493     
                1.0738E-03       -19.9118     
                1.0751E-03       -18.8117     
                1.0764E-03       -17.7437     
                1.0777E-03       -15.4888     
                1.079E-03        -14.7374     
                1.0803E-03       -14.5311     
                1.0816E-03       -13.7666     
                1.0829E-03       -11.928      
                1.0842E-03       -11.4575     
                1.0855E-03       -11.0197     
                1.0868E-03       -10.3927     
                1.0881E-03        -9.39375    
                1.0894E-03        -8.34594    
                1.0907E-03        -8.36341    
                1.092E-03         -8.43325    
                1.0933E-03        -8.1173     
                1.0946E-03        -7.81888    
                1.0959E-03        -6.30602    
                1.0972E-03        -6.53038    
                1.0985E-03        -7.26874    
                1.0998E-03        18.7092E-03 
                1.1011E-03      -461.64E-03   
                1.1024E-03        -5.88055    
                1.1037E-03        -6.42653    
                1.105E-03         -7.9845     
                1.1063E-03       -11.5659     
                1.1076E-03       -14.2396     
                1.1089E-03       -15.6724     
                1.1102E-03       -17.452E-03  
                1.1115E-03       -32.9323     
                1.1128E-03       -32.5488     
                1.1141E-03       -34.0295     
                1.1154E-03       -34.0393     
                1.1167E-03       -30.101      
                1.118E-03        -31.8191     
                1.1193E-03       -31.419      
                1.1206E-03       -37.7271     
                1.1219E-03       -36.7581     
                1.1232E-03       -37.9148     
                1.1245E-03       -37.0329     
                1.1258E-03       -33.1674     
                1.1271E-03       -31.6915     
                1.1284E-03       -31.8048     
                1.1297E-03       -30.7223     
                1.131E-03        -32.0391     
                1.1323E-03       -30.4607     
                1.1336E-03       -27.7768     
                1.1349E-03       -28.0926     
                1.1362E-03       -27.6708     
                1.1375E-03       -26.5948     
                1.1388E-03       -21.439      
                1.1401E-03       -24.6915     
                1.1414E-03       -23.9275     
                1.1427E-03       -24.238      
                1.144E-03        -24.4834     
                1.1453E-03       -23.9101     
                1.1466E-03       -26.9289     
                1.1479E-03       -29.1806     
                1.1492E-03       -28.3753     
                1.1505E-03       -26.7937     
                1.1518E-03       -24.4368     
                1.1531E-03       -24.2318     
                1.1544E-03       -23.8661     
                1.1557E-03       -23.4595     
                1.157E-03        -25.5143     
                1.1583E-03       -26.203      
                1.1596E-03       -23.8081     
                1.1609E-03       -24.002      
                1.1622E-03       -21.8988     
                1.1635E-03       -22.6883     
                1.1648E-03       -21.3533     
                1.1661E-03       -20.6302     
                1.1674E-03       -16.9335     
                1.1687E-03       -30.0945     
                1.17E-03         -17.6409     
                1.1713E-03       -17.3569     
                1.1726E-03       -17.4542     
                1.1739E-03       -14.6517     
                1.1752E-03       -17.9551     
                1.1765E-03       -15.9739     
                1.1778E-03       -13.4559     
                1.1791E-03        -9.59658    
                1.1804E-03       -14.3888     
                1.1817E-03        -7.50332    
                1.183E-03         -5.78282    
                1.1843E-03        -8.54034    
                1.1856E-03        -6.23888    
                1.1869E-03        -4.51104    
                1.1882E-03         9.02193E-03
                1.1895E-03        -7.08885E-03
                1.1908E-03       -19.5101     
                1.1921E-03       -26.4599     
                1.1934E-03       -31.6448     
                1.1947E-03       -31.4914     
                1.196E-03        -31.484      
                1.1973E-03       -31.2556     
                1.1986E-03       -30.7824     
                1.1999E-03       -30.5167     
                1.2012E-03       -28.2279     
                1.2025E-03       -25.5467     
                1.2038E-03       -23.6807     
                1.2051E-03       -22.8739     
                1.2064E-03       -22.0989     
                1.2077E-03       -18.5878     
                1.209E-03        -17.2608     
                1.2103E-03       -16.8571     
                1.2116E-03       -16.3685     
                1.2129E-03       -12.2752     
                1.2142E-03       -12.9304     
                1.2155E-03       -11.9302     
                1.2168E-03       -11.7978     
                1.2181E-03        -8.66123    
                1.2194E-03        -9.66039    
                1.2207E-03        -8.97302    
                1.222E-03         -8.54013    
                1.2233E-03        -8.25291    
                1.2246E-03        -8.19679    
                1.2259E-03        -7.62955    
                1.2272E-03        -6.68118    
                1.2285E-03        -6.66774    
                1.2298E-03        -6.35628    
                1.2311E-03        -6.08803    
                1.2324E-03        -5.8063     
                1.2337E-03        -5.0492     
                1.235E-03         -4.87301    
                1.2363E-03        -4.58415    
                1.2376E-03        -4.32172    
                1.2389E-03        -5.12393    
                1.2402E-03        -7.03528    
                1.2415E-03        -6.08541E-03
                1.2428E-03        -3.74213E-03
                1.2441E-03       -23.3404     
                1.2454E-03       -27.3187     
                1.2467E-03       -27.9605     
                1.248E-03        -28.417      
                1.2493E-03       -30.0374     
                1.2506E-03       -31.2559     
                1.2519E-03       -32.2543     
                1.2532E-03       -32.3549     
                1.2545E-03       -33.5369     
                1.2558E-03       -28.7984     
                1.2571E-03       -29.9362     
                1.2584E-03       -29.8634     
                1.2597E-03       -29.1429     
                1.261E-03        -30.4909     
                1.2623E-03       -29.485      
                1.2636E-03       -23.6934     
                1.2649E-03       -26.5397     
                1.2662E-03       -26.0744     
                1.2675E-03       -27.0108     
                1.2688E-03       -26.57       
                1.2701E-03       -22.5859     
                1.2714E-03       -25.6083     
                1.2727E-03       -25.0056     
                1.274E-03        -23.7463     
                1.2753E-03       -23.6849     
                1.2766E-03       -22.5298     
                1.2779E-03       -21.7546     
                1.2792E-03       -21.6673     
                1.2805E-03       -21.5897     
                1.2818E-03       -19.8509     
                1.2831E-03       -19.6962     
                1.2844E-03       -19.3115     
                1.2857E-03       -23.6055     
                1.287E-03        -22.9338     
                1.2883E-03       -21.2904     
                1.2896E-03       -21.5791     
                1.2909E-03       -21.2612     
                1.2922E-03       -20.4977     
                1.2935E-03       -19.4005     
                1.2948E-03       -19.5917     
                1.2961E-03       -19.6624     
                1.2974E-03       -18.6664     
                1.2987E-03       -20.5494     
                1.3E-03          -21.5029     
                1.3013E-03       -12.8978     
                1.3026E-03        -9.88784    
                1.3039E-03       -11.6932     
                1.3052E-03        -1.48168E-03
                1.3065E-03        -6.07375    
                1.3078E-03       -44.0406     
                1.3091E-03       -51.2365     
                1.3104E-03       -52.973      
                1.3117E-03       -49.8081     
                1.313E-03        -47.3093     
                1.3143E-03       -46.2444     
                1.3156E-03       -42.8956     
                1.3169E-03       -38.5178     
                1.3182E-03       -39.9036     
                1.3195E-03       -39.5671     
                1.3208E-03       -39.6562     
                1.3221E-03       -35.6225     
                1.3234E-03       -29.9884     
                1.3247E-03       -29.2074     
                1.326E-03        -27.5539     
                1.3273E-03       -26.4036     
                1.3286E-03       -25.808      
                1.3299E-03       -22.394      
                1.3312E-03       -22.4565     
                1.3325E-03       -20.5207     
                1.3338E-03       -23.286      
                1.3351E-03       -22.2527     
                1.3364E-03       -20.5564     
                1.3377E-03       -20.1047     
                1.339E-03        -18.6304     
                1.3403E-03         4.05642E-03
                1.3416E-03        -6.09198E-03
                1.3429E-03        10.2703E-03 
                1.3442E-03       -22.1717     
                1.3455E-03       -32.0504     
                1.3468E-03       -32.2457     
                1.3481E-03       -29.3025     
                1.3494E-03       -20.8258     
                1.3507E-03       -21.1847     
                1.352E-03        -19.4229     
                1.3533E-03       -19.1429     
                1.3546E-03       -17.2202     
                1.3559E-03       -16.5096     
                1.3572E-03       -13.3247     
                1.3585E-03       -11.9417     
                1.3598E-03       -13.6552     
                1.3611E-03       -13.9968     
                1.3624E-03       -13.7243     
                1.3637E-03       -12.1689     
                1.365E-03         -9.02918    
                1.3663E-03        -8.76558    
                1.3676E-03        -8.20638    
                1.3689E-03        -7.17719    
                1.3702E-03        -6.43364    
                1.3715E-03        -6.34144    
                1.3728E-03        -5.05445    
                1.3741E-03        -4.64767    
                1.3754E-03        -3.7443     
                1.3767E-03        -3.61386    
                1.378E-03         -3.52163    
                1.3793E-03        -3.81344    
                1.3806E-03        -3.39021    
                1.3819E-03        -3.11881    
                1.3832E-03        -3.11998    
                1.3845E-03        -3.09808    
                1.3858E-03        -3.3064     
                1.3871E-03        -2.95026    
                1.3884E-03        -2.85374    
                1.3897E-03        -2.86002    
                1.391E-03         -3.11939    
                1.3923E-03        -3.25505    
                1.3936E-03        -2.71592    
                1.3949E-03        -2.8855     
                1.3962E-03        -2.845      
                1.3975E-03        -2.7806     
                1.3988E-03        -2.66265    
                1.4001E-03        -2.54928    
                1.4014E-03        -2.57737    
                1.4027E-03        -2.5732     
                1.404E-03         -8.17997    
                1.4053E-03        -8.17875    
                1.4066E-03        -8.14843    
                1.4079E-03        13.6814E-03 
                1.4092E-03        -7.13341E-03
                1.4105E-03       -23.3478     
                1.4118E-03       -25.662      
                1.4131E-03       -28.3506     
                1.4144E-03       -28.9585     
                1.4157E-03       -30.6093     
                1.417E-03        -30.6054     
                1.4183E-03       -31.2698     
                1.4196E-03       -28.467      
                1.4209E-03       -28.2213     
                1.4222E-03       -28.4031     
                1.4235E-03       -29.809      
                1.4248E-03       -29.2395     
                1.4261E-03       -27.3459     
                1.4274E-03       -32.7195     
                1.4287E-03       -31.3122     
                1.43E-03         -29.003      
                1.4313E-03       -26.951      
                1.4326E-03       -26.8968     
                1.4339E-03       -23.669      
                1.4352E-03       -26.8692     
                1.4365E-03       -25.2137     
                1.4378E-03       -24.2851     
                1.4391E-03       -22.1749     
                1.4404E-03       -22.1981     
                1.4417E-03       -21.9582     
                1.443E-03        -18.4489     
                1.4443E-03       -19.7029     
                1.4456E-03       -18.2842     
                1.4469E-03       -20.9698     
                1.4482E-03       -11.5595     
                1.4495E-03       -11.0129     
                1.4508E-03       -11.3498     
                1.4521E-03       -11.766      
                1.4534E-03       -17.0555     
                1.4547E-03        -4.01206E-03
                1.456E-03         -3.36737    
                1.4573E-03       -32.5346     
                1.4586E-03       -49.6176     
                1.4599E-03       -51.78       
                1.4612E-03       -51.7676     
                1.4625E-03       -42.9369     
                1.4638E-03       -46.6728     
                1.4651E-03       -50.6479     
                1.4664E-03       -50.7084     
                1.4677E-03       -52.7546     
                1.469E-03        -34.7325     
                1.4703E-03       -45.8553     
                1.4716E-03       -44.9937     
                1.4729E-03       -41.9451     
                1.4742E-03       -42.7954     
                1.4755E-03       -34.9977     
                1.4768E-03       -35.999      
                1.4781E-03       -36.2451     
                1.4794E-03       -34.5562     
                1.4807E-03       -34.4318     
                1.482E-03        -26.0603     
                1.4833E-03       -28.8021     
                1.4846E-03       -28.1537     
                1.4859E-03       -25.3259     
                1.4872E-03       -32.1509     
                1.4885E-03       -33.4869     
                1.4898E-03       -28.2518     
                1.4911E-03       -24.4825     
                1.4924E-03       -31.0287     
                1.4937E-03       -30.3824     
                1.495E-03        -32.58       
                1.4963E-03       -31.9867     
                1.4976E-03       -27.2781     
                1.4989E-03       -27.9782     
                1.5002E-03       -28.287      
                1.5015E-03       -30.6266     
                1.5028E-03       -28.9764     
                1.5041E-03       -28.6957     
                1.5054E-03       -25.5636     
                1.5067E-03       -26.0197     
                1.508E-03        -29.9883     
                1.5093E-03       -28.6077     
                1.5106E-03       -27.1743     
                1.5119E-03       -25.8232     
                1.5132E-03       -22.562      
                1.5145E-03       -23.8676     
                1.5158E-03       -23.4665     
                1.5171E-03       -22.3514     
                1.5184E-03       -22.3408     
                1.5197E-03       -22.9279     
                1.521E-03        -22.5229     
                1.5223E-03       -21.0174     
                1.5236E-03       -22.3293     
                1.5249E-03       -21.2892     
                1.5262E-03       -21.8417     
                1.5275E-03       -19.2902     
                1.5288E-03       -19.7        
                1.5301E-03       -19.2782     
                1.5314E-03       -19.3889     
                1.5327E-03        -7.74747    
                1.534E-03        -14.9527     
                1.5353E-03       -20.0928     
                1.5366E-03       -13.9117     
                1.5379E-03       -17.3049     
                1.5392E-03       -17.1073     
                1.5405E-03       -12.9601     
                1.5418E-03       -13.9628     
                1.5431E-03       -18.8962     
                1.5444E-03       -18.7412     
                1.5457E-03       -19.1235     
                1.547E-03        -17.7143     
                1.5483E-03       -16.9943     
                1.5496E-03       -15.5828     
                1.5509E-03       -14.0094     
                1.5522E-03       -17.1522     
                1.5535E-03       -16.1929     
                1.5548E-03       -16.7255     
                1.5561E-03       -15.863      
                1.5574E-03         7.56507E-03
                1.5587E-03       -19.0217     
                1.56E-03         -15.7767     
                1.5613E-03       -16.5073     
                1.5626E-03       -15.7361     
                1.5639E-03       -14.5979     
                1.5652E-03       -14.4004     
                1.5665E-03       -12.1722     
                1.5678E-03       -12.5467     
                1.5691E-03       -11.3375     
                1.5704E-03       -10.4476     
                1.5717E-03       -15.5821     
                1.573E-03        -12.5891     
                1.5743E-03       -13.633      
                1.5756E-03       -12.0828     
                1.5769E-03       -11.5549     
                1.5782E-03       -13.1524     
                1.5795E-03        -9.19192    
                1.5808E-03        -9.77928    
                1.5821E-03        -2.42117    
                1.5834E-03      -551.95E-03   
                1.5847E-03        -6.18841    
                1.586E-03         -8.36495    
                1.5873E-03        -5.18485    
                1.5886E-03        -7.67878    
                1.5899E-03        -8.43388    
                1.5912E-03        -9.59931    
                1.5925E-03        -9.99112    
                1.5938E-03       -10.4576     
                1.5951E-03       182.487E-06  
                1.5964E-03       -32.5249     
                1.5977E-03       -34.4552     
                1.599E-03        -35.5436     
                1.6003E-03       -44.6322     
                1.6016E-03       -40.6179     
                1.6029E-03       -39.1661     
                1.6042E-03       -37.071      
                1.6055E-03       -36.1911     
                1.6068E-03       -29.9065     
                1.6081E-03       -28.8822     
                1.6094E-03       -28.5054     
                1.6107E-03       -29.1395     
                1.612E-03        -27.6775     
                1.6133E-03       -26.6547     
                1.6146E-03       -21.6134     
                1.6159E-03       -21.1218     
                1.6172E-03       -19.9605     
                1.6185E-03       -19.9677     
                1.6198E-03       -17.7377     
                1.6211E-03       -16.6892     
                1.6224E-03       -15.927      
                1.6237E-03       -14.0988     
                1.625E-03        -10.0687     
                1.6263E-03       -11.2679     
                1.6276E-03       -11.1554     
                1.6289E-03       -10.8198     
                1.6302E-03       -13.8229     
                1.6315E-03       -12.4847     
                1.6328E-03       -11.3565     
                1.6341E-03       -10.6929     
                1.6354E-03       -10.3084     
                1.6367E-03       -10.1457     
                1.638E-03         -9.72051    
                1.6393E-03        -7.52153    
                1.6406E-03        -7.89109    
                1.6419E-03        -7.64598    
                1.6432E-03        -7.26259    
                1.6445E-03        -7.18773    
                1.6458E-03        -6.72808    
                1.6471E-03        -6.83846    
                1.6484E-03         4.96539E-03
                1.6497E-03        -5.14142E-03
                1.651E-03         -5.70314    
                1.6523E-03        -6.0654     
                1.6536E-03       -12.3779     
                1.6549E-03       -14.4487     
                1.6562E-03      -264.545E-03  
                1.6575E-03       -38.8568     
                1.6588E-03       -43.157      
                1.6601E-03       -41.1451     
                1.6614E-03       -40.6996     
                1.6627E-03       -38.2347     
                1.664E-03        -35.7609     
                1.6653E-03       -37.5599     
                1.6666E-03       -36.0656     
                1.6679E-03       -35.4188     
                1.6692E-03       -29.4276     
                1.6705E-03       -29.0508     
                1.6718E-03       -28.8092     
                1.6731E-03       -29.2332     
                1.6744E-03       -26.7377     
                1.6757E-03       -22.6829     
                1.677E-03        -24.9137     
                1.6783E-03       -24.39       
                1.6796E-03       -25.3321     
                1.6809E-03       -23.065      
                1.6822E-03       -20.1464     
                1.6835E-03       -21.7308     
                1.6848E-03       -21.9776     
                1.6861E-03       -21.7515     
                1.6874E-03       -21.2798     
                1.6887E-03       -21.4036     
                1.69E-03         -23.7349     
                1.6913E-03       -23.7003     
                1.6926E-03       -23.2101     
                1.6939E-03       -21.9433     
                1.6952E-03       -18.949      
                1.6965E-03       -19.058      
                1.6978E-03       -18.7418     
                1.6991E-03       -21.2087     
                1.7004E-03       -21.3447     
                1.7017E-03       -18.7657     
                1.703E-03        -19.2946     
                1.7043E-03       -17.8239     
                1.7056E-03       -18.243      
                1.7069E-03       -17.096      
                1.7082E-03       -19.7536     
                1.7095E-03       -19.7051     
                1.7108E-03       -16.7597     
                1.7121E-03       -17.7461     
                1.7134E-03       -16.9545     
                1.7147E-03       -15.7365     
                1.716E-03        -15.7198     
                1.7173E-03       -15.0533     
                1.7186E-03       -13.2376     
                1.7199E-03       -13.2386     
                1.7212E-03       -13.3608     
                1.7225E-03       -12.1536     
                1.7238E-03       -15.7909     
                1.7251E-03        -1.59712    
                1.7264E-03         6.81122E-03
                1.7277E-03       -24.9588     
                1.729E-03        -26.8611     
                1.7303E-03       -29.9774     
                1.7316E-03       -28.9657     
                1.7329E-03       -30.5824     
                1.7342E-03       -31.2487     
                1.7355E-03       -31.6828     
                1.7368E-03       -28.7424     
                1.7381E-03       -26.9733     
                1.7394E-03       -28.5607     
                1.7407E-03       -28.5636     
                1.742E-03        -29.4654     
                1.7433E-03       -28.5531     
                1.7446E-03       -26.7647     
                1.7459E-03       -25.3635     
                1.7472E-03       -25.5165     
                1.7485E-03       -25.8658     
                1.7498E-03       -21.6101     
                1.7511E-03       -22.8713     
                1.7524E-03       -21.7263     
                1.7537E-03       -21.1055     
                1.755E-03        -21.062      
                1.7563E-03         5.68949E-03
                1.7576E-03       -24.5837     
                1.7589E-03       -22.321      
                1.7602E-03       -22.0276     
                1.7615E-03       -18.1924     
                1.7628E-03       -19.6056     
                1.7641E-03       -19.5803     
                1.7654E-03       -17.85       
                1.7667E-03       -17.6072     
                1.768E-03        -17.5733     
                1.7693E-03       -16.3391     
                1.7706E-03       -15.4579     
                1.7719E-03       -15.0319     
                1.7732E-03       -14.8233     
                1.7745E-03       -14.3577     
                1.7758E-03       -13.1386     
                1.7771E-03       -13.2448     
                1.7784E-03       -10.4723     
                1.7797E-03       -11.4412     
                1.781E-03        -10.8598     
                1.7823E-03       -10.3136     
                1.7836E-03       -10.4757     
                1.7849E-03       -10.1027     
                1.7862E-03        -9.30826    
                1.7875E-03       -11.8409     
                1.7888E-03        -6.83207    
                1.7901E-03        -6.58155    
                1.7914E-03        -7.55439    
                1.7927E-03      -414.014E-06  
                1.794E-03        -26.556      
                1.7953E-03       -39.8289     
                1.7966E-03       -37.7932     
                1.7979E-03       -30.3337     
                1.7992E-03       -40.2448     
                1.8005E-03       -34.4992     
                1.8018E-03       -34.5026     
                1.8031E-03       -30.0315     
                1.8044E-03       -35.1598     
                1.8057E-03       -35.6615     
                1.807E-03        -32.2122     
                1.8083E-03       -32.5968     
                1.8096E-03       -29.1372     
                1.8109E-03       -30.5369     
                1.8122E-03       -27.0023     
                1.8135E-03       -25.4435     
                1.8148E-03       -23.2475     
                1.8161E-03       -21.9148     
                1.8174E-03       -22.2116     
                1.8187E-03       -20.1963     
                1.82E-03         -17.7197     
                1.8213E-03       -17.544      
                1.8226E-03       -16.0631     
                1.8239E-03       -15.8759     
                1.8252E-03       -12.9587     
                1.8265E-03       -13.7367     
                1.8278E-03       -12.4168     
                1.8291E-03       -12.3526     
                1.8304E-03       -11.6883     
                1.8317E-03       -13.035      
                1.833E-03        -13.2264     
                1.8343E-03       -13.4506     
                1.8356E-03       -12.4203     
                1.8369E-03       -12.2699     
                1.8382E-03       -10.1174     
                1.8395E-03       -10.577      
                1.8408E-03        -9.92449    
                1.8421E-03        -9.5088     
                1.8434E-03        -9.01471    
                1.8447E-03       -11.315      
                1.846E-03         -8.73144    
                1.8473E-03        -7.64792    
                1.8486E-03        78.6574E-03 
                1.8499E-03         2.99387E-03
                1.8512E-03        -5.1627     
                1.8525E-03        -5.71879    
                1.8538E-03        -8.52212    
                1.8551E-03       -12.4937     
                1.8564E-03       -12.2262     
                1.8577E-03       -13.6613     
                1.859E-03          3.77951E-03
                1.8603E-03        -6.99042    
                1.8616E-03       -27.5693     
                1.8629E-03       -32.2408     
                1.8642E-03       -35.1652     
                1.8655E-03       -37.7003     
                1.8668E-03       -36.6189     
                1.8681E-03       -32.1944     
                1.8694E-03       -35.4165     
                1.8707E-03       -36.5954     
                1.872E-03        -35.6545     
                1.8733E-03       -36.4038     
                1.8746E-03       -36.1041     
                1.8759E-03       -36.2673     
                1.8772E-03       -34.0898     
                1.8785E-03       -34.2348     
                1.8798E-03       -34.467      
                1.8811E-03       -32.3576     
                1.8824E-03       -34.6306     
                1.8837E-03       -31.2751     
                1.885E-03        -31.3185     
                1.8863E-03       -30.1384     
                1.8876E-03       -29.7866     
                1.8889E-03       -27.1599     
                1.8902E-03       -26.7397     
                1.8915E-03       -26.1578     
                1.8928E-03       -28.6549     
                1.8941E-03       -20.1626     
                1.8954E-03       -29.1222     
                1.8967E-03       -30.8981     
                1.898E-03        -30.1531     
                1.8993E-03       -26.7007     
                1.9006E-03       -24.9565     
                1.9019E-03       -23.1939     
                1.9032E-03       -22.995      
                1.9045E-03       -23.5365     
                1.9058E-03       -23.6173     
                1.9071E-03       -23.9026     
                1.9084E-03       -18.6372     
                1.9097E-03       -17.334      
                1.911E-03         -8.62269    
                1.9123E-03       -20.447      
                1.9136E-03       -23.2885     
                1.9149E-03       -18.9711     
                1.9162E-03       -19.0205     
                1.9175E-03       -19.1969     
                1.9188E-03       -17.6845     
                1.9201E-03       -16.4667     
                1.9214E-03       -16.3052     
                1.9227E-03       -13.6237     
                1.924E-03        -11.9275     
                1.9253E-03       -11.2818     
                1.9266E-03       -10.5589     
                1.9279E-03        -9.53895    
                1.9292E-03        -8.174      
                1.9305E-03        -9.58646    
                1.9318E-03        -8.66985    
                1.9331E-03        -8.13234    
                1.9344E-03        -7.16117    
                1.9357E-03        -6.21325    
                1.937E-03         -5.2666     
                1.9383E-03        -4.36643    
                1.9396E-03        -3.70226    
                1.9409E-03        -5.0075     
                1.9422E-03        -3.97925    
                1.9435E-03        -3.98686    
                1.9448E-03        -4.05125    
                1.9461E-03        -3.94988    
                1.9474E-03        -3.52367    
                1.9487E-03        -3.40842    
                1.95E-03          -3.11419    
                1.9513E-03        -3.16606    
                1.9526E-03        -3.10003    
                1.9539E-03        -6.90071    
                1.9552E-03        -5.85062    
                1.9565E-03        -5.30721    
                1.9578E-03      -518.695E-06  
                1.9591E-03        42.1256E-06 
                1.9604E-03      -916.151E-03  
                1.9617E-03        -5.93564    
                1.963E-03         -7.4879     
                1.9643E-03        -9.741      
                1.9656E-03        -9.36223    
                1.9669E-03        -8.44369    
                1.9682E-03       -13.9573     
                1.9695E-03       -14.8961     
                1.9708E-03       -14.4962     
                1.9721E-03       -14.0203     
                1.9734E-03       -13.6626     
                1.9747E-03       -11.5682     
                1.976E-03        -16.227      
                1.9773E-03         2.4137E-03 
                1.9786E-03       -22.8644     
                1.9799E-03       -29.9081     
                1.9812E-03       -37.5539     
                1.9825E-03       -41.4261     
                1.9838E-03       -36.7437     
                1.9851E-03       -36.3981     
                1.9864E-03       -34.562      
                1.9877E-03       -29.7808     
                1.989E-03        -30.5029     
                1.9903E-03       -27.957      
                1.9916E-03       -27.1003     
                1.9929E-03       -25.6911     
                1.9942E-03       -23.9545     
                1.9955E-03       -23.2003     
                1.9968E-03       -21.224      
                1.9981E-03       -20.1639     
                1.9994E-03       -16.2661     
                2.0007E-03       -17.0172     
                2.002E-03        -16.1909     
                2.0033E-03       -15.7343     
                2.0046E-03       -12.5047     
                2.0059E-03       -12.3919     
                2.0072E-03       -11.8143     
                2.0085E-03       -10.9558     
                2.0098E-03        -8.86646    
                2.0111E-03        -9.00618    
                2.0124E-03        -8.81536    
                2.0137E-03        -7.97692    
                2.015E-03         -7.86361    
                2.0163E-03        -6.6935     
                2.0176E-03        -6.26828    
                2.0189E-03        -6.36617    
                2.0202E-03      -950.493E-06  
                2.0215E-03         3.96647E-03
                2.0228E-03        -1.45968    
                2.0241E-03       582.322E-06  
                2.0254E-03       -24.3421     
                2.0267E-03       -20.9271     
                2.028E-03        -30.1925     
                2.0293E-03       -32.5658     
                2.0306E-03       -32.2297     
                2.0319E-03       -35.4551     
                2.0332E-03       -35.507      
                2.0345E-03       -35.9244     
                2.0358E-03       -33.4385     
                2.0371E-03       -33.1882     
                2.0384E-03       -33.5493     
                2.0397E-03       -32.9206     
                2.041E-03        -33.9706     
                2.0423E-03       -33.2039     
                2.0436E-03       -29.1456     
                2.0449E-03       -29.769      
                2.0462E-03       -28.8965     
                2.0475E-03       -29.5557     
                2.0488E-03       -27.9799     
                2.0501E-03       -25.0079     
                2.0514E-03       -26.1574     
                2.0527E-03       -24.751      
                2.054E-03        -26.1565     
                2.0553E-03       -21.704      
                2.0566E-03       -29.8856     
                2.0579E-03       -27.9512     
                2.0592E-03       -26.7673     
                2.0605E-03       -28.9398     
                2.0618E-03       -21.426      
                2.0631E-03       -25.4043     
                2.0644E-03       -22.6967     
                2.0657E-03       -25.8189     
                2.067E-03        -26.4311     
                2.0683E-03       -25.7246     
                2.0696E-03       -19.3114     
                2.0709E-03       -26.342      
                2.0722E-03       -25.9099     
                2.0735E-03       -25.4968     
                2.0748E-03       -25.0655     
                2.0761E-03       -22.3233     
                2.0774E-03       -22.8666     
                2.0787E-03       -20.7972     
                2.08E-03         -20.6271     
                2.0813E-03       -16.175      
                2.0826E-03       -18.8894     
                2.0839E-03       -21.9313     
                2.0852E-03       -19.688      
                2.0865E-03       -19.0028     
                2.0878E-03       -12.9556     
                2.0891E-03       -16.9068     
                2.0904E-03       -15.1195     
                2.0917E-03       -14.8185     
                2.093E-03        -14.5044     
                2.0943E-03       -12.0609     
                2.0956E-03       -10.6508     
                2.0969E-03       -10.4616     
                2.0982E-03       -15.0941     
                2.0995E-03       -13.4387     
                2.1008E-03       -11.7367     
                2.1021E-03       -10.6564     
                2.1034E-03        -9.61337    
                2.1047E-03        -8.68855    
                2.106E-03         -8.63465    
                2.1073E-03        -8.57082    
                2.1086E-03        -8.77604    
                2.1099E-03        -7.65239    
                2.1112E-03        -1.88346    
                2.1125E-03       -12.7536     
                2.1138E-03       -11.8478     
                2.1151E-03       -12.2446     
                2.1164E-03       -11.1895     
                2.1177E-03       -13.4638     
                2.119E-03        -12.8926     
                2.1203E-03       -12.5339     
                2.1216E-03       -12.8052     
                2.1229E-03       -11.8501     
                2.1242E-03       -10.1122     
                2.1255E-03       -13.8584     
                2.1268E-03       -13.8539     
                2.1281E-03       -13.015      
                2.1294E-03       -12.6556     
                2.1307E-03       -16.5927     
                2.132E-03        -13.5856     
                2.1333E-03       -13.4631     
                2.1346E-03       -13.2723     
                2.1359E-03       -12.8021     
                2.1372E-03       -11.745      
                2.1385E-03       -10.3885     
                2.1398E-03        -9.09094    
                2.1411E-03        -9.12262    
                2.1424E-03        -8.92645    
                2.1437E-03       -18.5477     
                2.145E-03        -17.4147     
                2.1463E-03       -14.6879     
                2.1476E-03       -15.4441     
                2.1489E-03       -13.4858     
                2.1502E-03       -16.9958     
                2.1515E-03       -14.6389     
                2.1528E-03       -15.6778     
                2.1541E-03       -13.5418     
                2.1554E-03       -16.2859     
                2.1567E-03        -7.92944    
                2.158E-03        -10.0388     
                2.1593E-03        -6.49267    
                2.1606E-03        -1.32931    
                2.1619E-03       -11.7559     
                2.1632E-03       -11.5097     
                2.1645E-03       -12.194      
                2.1658E-03         1.08482E-03
                2.1671E-03       -21.848      
                2.1684E-03       -43.0715     
                2.1697E-03       -45.9133     
                2.171E-03        -45.4592     
                2.1723E-03       -42.0186     
                2.1736E-03       -40.7376     
                2.1749E-03       -36.8489     
                2.1762E-03       -37.1536     
                2.1775E-03       -33.1613     
                2.1788E-03       -32.772      
                2.1801E-03       -30.9986     
                2.1814E-03       -27.6802     
                2.1827E-03       -23.4674     
                2.184E-03        -24.1582     
                2.1853E-03       -24.3019     
                2.1866E-03       -22.4097     
                2.1879E-03       -18.33       
                2.1892E-03       -17.0869     
                2.1905E-03       -16.6618     
                2.1918E-03       -16.0592     
                2.1931E-03       -12.2827     
                2.1944E-03       -12.3301     
                2.1957E-03       -10.5517     
                2.197E-03         -8.06922    
                2.1983E-03        -8.12012    
                2.1996E-03       -14.0349     
                2.2009E-03       -10.6857     
                2.2022E-03        -9.71607    
                2.2035E-03        -8.50285    
                2.2048E-03        -6.95557    
                2.2061E-03        -5.69712    
                2.2074E-03       -15.6939     
                2.2087E-03       -17.1069     
                2.21E-03         -16.3383     
                2.2113E-03       -14.8473     
                2.2126E-03       -11.9852     
                2.2139E-03       -12.1791     
                2.2152E-03       -10.9784     
                2.2165E-03       -10.0835     
                2.2178E-03        -9.5398     
                2.2191E-03        -8.51304    
                2.2204E-03        -8.11833    
                2.2217E-03       -11.9392     
                2.223E-03         -9.4348     
                2.2243E-03        -9.93373    
                2.2256E-03        -8.66831    
                2.2269E-03        -8.68982    
                2.2282E-03        -9.07394    
                2.2295E-03        -6.0543     
                2.2308E-03       -10.015      
                2.2321E-03        -9.04308    
                2.2334E-03        -8.97416    
                2.2347E-03        -9.30526    
                2.236E-03         -6.49298    
                2.2373E-03        -5.9075     
                2.2386E-03        -6.86028    
                2.2399E-03        -5.89182    
                2.2412E-03        -5.63025    
                2.2425E-03        -5.43773    
                2.2438E-03        -4.42806    
                2.2451E-03        -4.00473    
                2.2464E-03        -3.75566    
                2.2477E-03        -8.54777    
                2.249E-03         -9.05759    
                2.2503E-03        -8.96907    
                2.2516E-03        -7.62367    
                2.2529E-03        -7.77535    
                2.2542E-03        -7.09676    
                2.2555E-03        -6.6675     
                2.2568E-03        -6.32835    
                2.2581E-03        -5.55483    
                2.2594E-03        -5.08664    
                2.2607E-03        -8.57603    
                2.262E-03         -8.26023    
                2.2633E-03        -8.98859    
                2.2646E-03        -7.29145    
                2.2659E-03        -6.80443    
                2.2672E-03        -6.12975    
                2.2685E-03        -5.72298    
                2.2698E-03        -6.24253    
                2.2711E-03       802.159E-06  
                2.2724E-03       433.892E-06  
                2.2737E-03        -3.73066    
                2.275E-03         -7.3787     
                2.2763E-03        -7.08453    
                2.2776E-03       -10.3471     
                2.2789E-03       -29.6064     
                2.2802E-03        -9.79009    
                2.2815E-03       -24.2883     
                2.2828E-03       -21.0056     
                2.2841E-03       -25.7327     
                2.2854E-03       -25.6914     
                2.2867E-03       -26.3262     
                2.288E-03        -27.4774     
                2.2893E-03       -28.6256     
                2.2906E-03       -26.787      
                2.2919E-03       -27.8048     
                2.2932E-03       -27.4448     
                2.2945E-03       -27.5006     
                2.2958E-03       -28.9515     
                2.2971E-03       -26.2986     
                2.2984E-03       -27.5442     
                2.2997E-03       -27.4368     
                2.301E-03        -26.205      
                2.3023E-03       -25.8783     
                2.3036E-03       -24.2944     
                2.3049E-03       -24.2464     
                2.3062E-03       -24.1827     
                2.3075E-03       -23.7652     
                2.3088E-03       -20.0472     
                2.3101E-03       -21.7139     
                2.3114E-03       -21.4944     
                2.3127E-03       -21.0631     
                2.314E-03        -23.3562     
                2.3153E-03       -18.1651     
                2.3166E-03       -16.7714     
                2.3179E-03       -15.9882     
                2.3192E-03       -19.904      
                2.3205E-03       -18.9693     
                2.3218E-03       -15.9834     
                2.3231E-03       -15.9202     
                2.3244E-03       -15.2944     
                2.3257E-03       -14.7375     
                2.327E-03        -14.3864     
                2.3283E-03        -4.66221    
                2.3296E-03        -1.51395E-03
                2.3309E-03       -21.211      
                2.3322E-03       -50.3528     
                2.3335E-03       -41.9939     
                2.3348E-03       -40.2275     
                2.3361E-03       -41.6414     
                2.3374E-03       -41.4082     
                2.3387E-03       -40.7447     
                2.34E-03         -42.9312     
                2.3413E-03       -43.1534     
                2.3426E-03       -43.205      
                2.3439E-03       -41.0044     
                2.3452E-03       -38.5683     
                2.3465E-03       -38.1422     
                2.3478E-03       -38.6576     
                2.3491E-03       -39.9091     
                2.3504E-03       -37.7715     
                2.3517E-03       -40.1025     
                2.353E-03        -30.1262     
                2.3543E-03       -35.8916     
                2.3556E-03       -35.4958     
                2.3569E-03       -35.3362     
                2.3582E-03       -36.6209     
                2.3595E-03       -35.9419     
                2.3608E-03       -30.3766     
                2.3621E-03       -31.5308     
                2.3634E-03       -31.2858     
                2.3647E-03       -32.6208     
                2.366E-03        -36.7547     
                2.3673E-03       -41.4405     
                2.3686E-03       -39.325      
                2.3699E-03       -33.6059     
                2.3712E-03       -34.4378     
                2.3725E-03       -34.1289     
                2.3738E-03       -34.0499     
                2.3751E-03       -34.7467     
                2.3764E-03       -23.7791     
                2.3777E-03       -41.1064     
                2.379E-03        -35.2559     
                2.3803E-03       -39.537      
                2.3816E-03       -38.2748     
                2.3829E-03       -39.1656     
                2.3842E-03       -37.9712     
                2.3855E-03       -25.893      
                2.3868E-03       -28.7754     
                2.3881E-03       -27.4312     
                2.3894E-03       -26.9432     
                2.3907E-03      -346.616E-06  
                2.392E-03        -31.5592     
                2.3933E-03       -27.8431     
                2.3946E-03       -31.457      
                2.3959E-03       -26.6556     
                2.3972E-03       -25.2466     
                2.3985E-03       -23.9629     
                2.3998E-03       -23.9847     
                2.4011E-03       -22.578      
                2.4024E-03       -22.2215     
                2.4037E-03       -16.5461     
                2.405E-03        -17.0247     
                2.4063E-03       -15.8328     
                2.4076E-03       -15.8215     
                2.4089E-03       -14.6596     
                2.4102E-03       -11.7657     
                2.4115E-03       -16.5648     
                2.4128E-03       -17.4542     
                2.4141E-03       -14.3787     
                2.4154E-03       -13.7113     
                2.4167E-03       -14.5327     
                2.418E-03        -13.785      
                2.4193E-03       -13.6189     
                2.4206E-03       -14.2154     
                2.4219E-03       -13.8655     
                2.4232E-03       -10.8381     
                2.4245E-03       -10.0782     
                2.4258E-03        -9.40734    
                2.4271E-03        -9.83625    
                2.4284E-03        -9.92104    
                2.4297E-03        -9.68601    
                2.431E-03         -7.15115    
                2.4323E-03        -6.97186    
                2.4336E-03        -6.63851    
                2.4349E-03        -6.60319    
                2.4362E-03        -6.14336    
                2.4375E-03        -5.87295    
                2.4388E-03        -6.14419    
                2.4401E-03        -5.58858    
                2.4414E-03        -3.43748    
                2.4427E-03        -4.186      
                2.444E-03         -4.12672    
                2.4453E-03        -4.09241    
                2.4466E-03        -4.12626    
                2.4479E-03        -4.41169    
                2.4492E-03        -3.14865    
                2.4505E-03        -4.21568    
                2.4518E-03        -3.44474    
                2.4531E-03        -3.60589    
                2.4544E-03        -3.55161    
                2.4557E-03        -3.72363    
                2.457E-03         -3.24778    
                2.4583E-03        -3.45212    
                2.4596E-03        -3.47845    
                2.4609E-03        -3.36039    
                2.4622E-03        -3.16201    
                2.4635E-03        -1.72817    
                2.4648E-03        -2.11553    
                2.4661E-03        -2.8494     
                2.4674E-03        -2.09561    
                2.4687E-03        -1.20265    
                2.47E-03          -1.39147    
                2.4713E-03       -15.4422     
                2.4726E-03       -36.158      
                2.4739E-03       -38.0477     
                2.4752E-03       -41.8158     
                2.4765E-03       -40.2606     
                2.4778E-03       -42.0946     
                2.4791E-03       -41.3006     
                2.4804E-03       -42.9032     
                2.4817E-03       -45.3513     
                2.483E-03        -49.3735     
                2.4843E-03       -47.9638     
                2.4856E-03       -50.742      
                2.4869E-03       -52.8865     
                2.4882E-03       -54.3855     
                2.4895E-03       -56.9033     
                2.4908E-03       -57.5906     
                2.4921E-03       -59.9056     
                2.4934E-03       -57.1439     
                2.4947E-03       -60.7009     
                2.496E-03        -65.2031     
                2.4973E-03       -62.9784     
                2.4986E-03       -61.8895     
                2.4999E-03       -61.4087     
                2.5012E-03       -60.269      
                2.5025E-03       -61.2075     
                2.5038E-03       -57.6794     
                2.5051E-03       -55.6854     
                2.5064E-03      -284.867E-03  
                2.5077E-03       -15.4198     
                2.509E-03        -23.1594     
                2.5103E-03       -40.2355     
                2.5116E-03       -46.3123     
                2.5129E-03       -46.233      
                2.5142E-03       -40.8669     
                2.5155E-03       -38.8393     
                2.5168E-03       -33.786      
                2.5181E-03       -30.88       
                2.5194E-03       -30.2667     
                2.5207E-03       -15.5464     
                2.522E-03        -28.5271     
                2.5233E-03       -24.7003     
                2.5246E-03       -23.1303     
                2.5259E-03       -16.3087     
                2.5272E-03       -17.7115     
                2.5285E-03       -16.0469     
                2.5298E-03       -16.6896     
                2.5311E-03       -18.3401     
                2.5324E-03       -18.1681     
                2.5337E-03       -16.8085     
                2.535E-03        -16.3883     
                2.5363E-03       -19.0169     
                2.5376E-03       -14.5099     
                2.5389E-03       -16.4415     
                2.5402E-03       -15.8381     
                2.5415E-03       -17.4639     
                2.5428E-03       -17.921      
                2.5441E-03       -12.6364     
                2.5454E-03       -14.8922     
                2.5467E-03       -15.4608     
                2.548E-03        -16.9551     
                2.5493E-03       -18.0478     
                2.5506E-03       -18.6326     
                2.5519E-03       -10.5926     
                2.5532E-03       -15.4551     
                2.5545E-03       -19.493      
                2.5558E-03       -19.8128     
                2.5571E-03       -14.474      
                2.5584E-03       -21.0445     
                2.5597E-03       -17.2739     
                2.561E-03          6.79736E-03
                2.5623E-03       -15.4932     
                2.5636E-03       -18.2273     
                2.5649E-03       -23.0789     
                2.5662E-03       -26.1617     
                2.5675E-03       -28.3318     
                2.5688E-03       -29.0634     
                2.5701E-03       -33.089      
                2.5714E-03       -31.5522     
                2.5727E-03       -35.2152     
                2.574E-03        -32.8981     
                2.5753E-03       -34.9111     
                2.5766E-03       -33.5318     
                2.5779E-03       -33.4011     
                2.5792E-03       -36.9769     
                2.5805E-03       -34.3196     
                2.5818E-03       -44.3606     
                2.5831E-03       -37.9869     
                2.5844E-03       -39.6187     
                2.5857E-03       -45.1474     
                2.587E-03        -44.6635     
                2.5883E-03       -38.5885     
                2.5896E-03       -45.8883     
                2.5909E-03       -43.6903     
                2.5922E-03       -42.9344     
                2.5935E-03       -48.213      
                2.5948E-03       -41.9821     
                2.5961E-03       -48.3303     
                2.5974E-03       -43.1767     
                2.5987E-03       -41.7963     
                2.6E-03          -40.3649     




