
                  X               _temp_1     

                0.               150.912E-06  
                5.00077E-06       23.4445     
               10.0003E-06        10.942      
               15.0011E-06        11.033      
               20.0006E-06       -94.6652     
               25.0002E-06      -151.673      
               30.001E-06       -150.315      
               35.0006E-06      -149.048      
               40.0003E-06      -154.215      
               45.E-06          -155.841      
               50.0009E-06      -164.165      
               55.0007E-06      -174.318      
               60.0004E-06      -174.353      
               65.0001E-06      -179.934      
               70.0003E-06      -179.001      
               75.0006E-06      -179.94       
               80.0008E-06      -190.773      
               85.001E-06       -190.296      
               90.E-06          -195.176      
               95.0002E-06      -201.551      
              100.E-06          -193.5        
              105.001E-06       -204.258      
              110.001E-06       -206.818      
              115.001E-06       -211.181      
              120.E-06          -209.866      
              125.E-06          -207.704      
              130.E-06          -212.038      
              135.001E-06       -222.954      
              140.001E-06       -213.488      
              145.E-06          -231.538      
              150.E-06          -220.311      
              155.001E-06       -224.708      
              160.001E-06       -224.267      
              165.E-06          -235.759      
              170.001E-06       -234.861      
              175.001E-06       -229.855      
              180.E-06          -240.238      
              185.E-06          -236.374      
              190.001E-06       -240.851      
              195.001E-06       -253.069      
              200.E-06          -244.018      
              205.E-06          -246.096      
              210.001E-06       -251.569      
              215.001E-06       -223.986      
              220.E-06          -242.642      
              225.001E-06       -244.858      
              230.001E-06       -240.15       
              235.E-06          -243.557      
              240.E-06          -245.261      
              245.001E-06       -248.089      
              250.001E-06       -246.856      
              255.001E-06       -252.818      
              260.E-06          -247.946      
              265.001E-06       -247.604      
              270.001E-06       -249.912      
              275.001E-06       -258.396      
              280.001E-06       -247.937      
              285.001E-06       -254.403      
              290.E-06          -241.357      
              295.E-06          -243.557      
              300.E-06          -245.945      
              305.E-06          -251.565      
              310.E-06          -257.954      
              315.E-06          -217.954      
              320.001E-06       -238.101      
              325.001E-06       -253.689      
              330.001E-06       -248.427      
              335.001E-06       -255.967      
              340.001E-06       -261.703      
              345.E-06          -222.232      
              350.E-06          -242.494      
              355.E-06          -251.217      
              360.E-06          -247.61       
              365.001E-06       -255.79       
              370.001E-06       -260.388      
              375.001E-06       -218.594      
              380.001E-06       -242.652      
              385.001E-06       -245.002      
              390.001E-06       -256.457      
              395.001E-06       -260.453      
              400.001E-06       -251.868      
              405.001E-06       -232.138      
              410.001E-06       -247.298      
              415.001E-06       -256.097      
              420.001E-06       -250.778      
              425.001E-06       -250.041      
              430.001E-06       -264.452      
              435.001E-06       -217.858      
              440.E-06          -247.759      
              445.E-06          -246.004      
              450.E-06          -261.258      
              455.E-06          -266.211      
              460.001E-06       -234.296      
              465.E-06          -233.702      
              470.001E-06       -242.44       
              475.001E-06       -255.442      
              480.001E-06       -261.423      
              485.E-06          -238.037      
              490.001E-06       -248.933      
              495.001E-06       -249.749      
              500.001E-06       -262.998      
              505.001E-06       -257.324      
              510.E-06          -234.207      
              515.E-06          -250.439      
              520.E-06          -236.616      
              525.E-06          -262.594      
              530.E-06          -266.029      
              535.001E-06       -231.226      
              540.001E-06       -254.268      
              545.001E-06       -251.182      
              550.001E-06       -244.473      
              555.E-06          -277.063      
              560.001E-06       -243.23       
              565.001E-06       -264.57       
              570.001E-06       -254.545      
              575.001E-06       -269.069      
              580.001E-06       -277.288      
              585.E-06          -222.241      
              590.E-06          -239.322      
              595.E-06          -259.671      
              600.E-06          -276.316      
              605.E-06          -276.801      
              610.E-06          -279.244      
              615.E-06          -254.376      
              620.E-06          -272.518      
              625.E-06          -267.056      
              630.E-06          -275.906      
              635.E-06          -277.315      
              640.E-06          -251.267      
              645.E-06          -264.56       
              650.E-06          -272.165      
              655.E-06          -266.993      
              660.E-06          -278.432      
              665.E-06          -274.26       
              670.001E-06       -263.804      
              675.E-06          -264.016      
              680.E-06          -281.365      
              685.E-06          -275.716      
              690.001E-06       -261.782      
              695.E-06          -271.716      
              700.001E-06       -280.196      
              705.E-06          -283.005      
              710.001E-06       -293.588      
              715.001E-06       -268.377      
              720.001E-06       -270.813      
              725.E-06          -276.76       
              730.001E-06       -273.369      
              735.E-06          -284.791      
              740.001E-06       -277.527      
              745.001E-06       -281.592      
              750.001E-06       -288.136      
              755.001E-06       -283.331      
              760.E-06          -287.432      
              765.001E-06       -286.034      
              770.E-06          -269.563      
              775.E-06          -282.936      
              780.001E-06       -290.323      
              785.E-06          -287.812      
              790.001E-06       -286.964      
              795.E-06          -287.958      
              800.001E-06       -296.974      
              805.E-06          -283.821      
              810.001E-06       -289.957      
              815.E-06          -284.879      
              820.E-06          -285.331      
              825.001E-06       -303.524      
              830.E-06          -259.685      
              835.001E-06       -282.026      
              840.E-06          -288.702      
              845.001E-06       -294.043      
              850.E-06          -287.946      
              855.001E-06       -297.004      
              860.E-06          -265.084      
              865.E-06          -288.954      
              870.001E-06       -296.604      
              875.E-06          -294.512      
              880.001E-06       -287.992      
              885.E-06          -298.478      
              890.001E-06       -271.609      
              895.E-06          -303.667      
              900.001E-06       -303.169      
              905.E-06          -306.246      
              910.001E-06       -276.705      
              915.001E-06       -301.117      
              920.E-06          -291.9        
              925.001E-06       -274.179      
              930.E-06          -299.882      
              935.001E-06       -308.217      
              940.E-06          -267.832      
              945.001E-06       -292.905      
              950.E-06          -299.842      
              955.001E-06       -281.116      
              960.001E-06       -303.867      
              965.E-06          -319.296      
              970.001E-06       -300.363      
              975.E-06          -264.689      
              980.001E-06       -260.454      
              985.E-06          -292.983      
              990.001E-06       -295.013      
              995.E-06          -308.709      
                1.E-03          -286.004      
                1.005E-03       -302.396      
                1.01E-03        -252.452      
                1.015E-03       -286.962      
                1.02E-03        -282.272      
                1.025E-03       -302.567      
                1.03E-03        -289.159      
                1.035E-03       -297.757      
                1.04E-03        -289.815      
                1.045E-03       -295.215      
                1.05E-03        -287.         
                1.055E-03       -305.321      
                1.06E-03        -278.705      
                1.065E-03       -297.9        
                1.07E-03        -301.878      
                1.075E-03       -302.62       
                1.08E-03        -298.498      
                1.085E-03       -311.613      
                1.09E-03        -282.035      
                1.095E-03       -306.758      
                1.1E-03         -259.828      
                1.105E-03       -300.301      
                1.11E-03        -290.102      
                1.115E-03       -321.27       
                1.12E-03        -282.77       
                1.125E-03       -257.554      
                1.13E-03        -293.044      
                1.135E-03       -299.185      
                1.14E-03        -309.824      
                1.145E-03       -306.436      
                1.15E-03        -312.58       
                1.155E-03       -253.388      
                1.16E-03        -286.231      
                1.165E-03       -299.455      
                1.17E-03        -276.326      
                1.175E-03       -299.991      
                1.18E-03        -298.165      
                1.185E-03       -278.555      
                1.19E-03        -297.146      
                1.195E-03       -311.626      
                1.2E-03         -313.521      
                1.205E-03       -314.125      
                1.21E-03        -287.614      
                1.215E-03       -254.76       
                1.22E-03        -297.341      
                1.225E-03       -296.589      
                1.23E-03        -309.08       
                1.235E-03       -315.894      
                1.24E-03        -306.588      
                1.245E-03       -297.695      
                1.25E-03        -312.449      
                1.255E-03       -305.884      
                1.26E-03        -305.677      
                1.265E-03       -310.378      
                1.27E-03        -279.273      
                1.275E-03       -298.237      
                1.28E-03        -315.293      
                1.285E-03       -313.339      
                1.29E-03        -318.728      
                1.295E-03       -321.723      
                1.3E-03         -287.149      
                1.305E-03       -314.227      
                1.31E-03        -324.437      
                1.315E-03       -303.091      
                1.32E-03        -318.469      
                1.325E-03       -311.532      
                1.33E-03        -315.23       
                1.335E-03       -310.369      
                1.34E-03        -243.137      
                1.345E-03       -264.938      
                1.35E-03        -304.29       
                1.355E-03       -309.941      
                1.36E-03        -299.134      
                1.365E-03       -318.214      
                1.37E-03        -249.068      
                1.375E-03       -267.528      
                1.38E-03        -318.624      
                1.385E-03       -307.546      
                1.39E-03        -321.279      
                1.395E-03       -333.281      
                1.4E-03         -334.674      
                1.405E-03       -284.395      
                1.41E-03        -276.895      
                1.415E-03       -329.2        
                1.42E-03        -325.569      
                1.425E-03       -319.763      
                1.43E-03        -330.538      
                1.435E-03       -245.283      
                1.44E-03        -258.064      
                1.445E-03       -276.122      
                1.45E-03        -297.745      
                1.455E-03       -296.656      
                1.46E-03        -276.186      
                1.465E-03       -315.611      
                1.47E-03        -323.721      
                1.475E-03       -313.094      
                1.48E-03        -293.73       
                1.485E-03       -325.772      
                1.49E-03        -284.272      
                1.495E-03       -292.412      
                1.5E-03         -302.992      
                1.505E-03       -320.099      
                1.51E-03        -339.228      
                1.515E-03       -326.205      
                1.52E-03        -248.421      
                1.525E-03       -293.592      
                1.53E-03        -320.58       
                1.535E-03       -296.564      
                1.54E-03        -313.154      
                1.545E-03       -304.529      
                1.55E-03        -322.429      
                1.555E-03       -334.928      
                1.56E-03        -258.059      
                1.565E-03       -243.773      
                1.57E-03        -298.076      
                1.575E-03       -300.197      
                1.58E-03        -313.369      
                1.585E-03       -322.214      
                1.59E-03        -336.025      
                1.595E-03       -272.719      
                1.6E-03         -309.228      
                1.605E-03       -304.709      
                1.61E-03        -321.723      
                1.615E-03       -299.077      
                1.62E-03        -269.202      
                1.625E-03       -240.187      
                1.63E-03        -302.341      
                1.635E-03       -319.22       
                1.64E-03        -313.613      
                1.645E-03       -315.906      
                1.65E-03        -277.781      
                1.655E-03       -278.178      
                1.66E-03        -289.672      
                1.665E-03       -274.771      
                1.67E-03        -318.233      
                1.675E-03       -311.102      
                1.68E-03        -337.367      
                1.685E-03       -241.154      
                1.69E-03        -319.191      
                1.695E-03       -321.432      
                1.7E-03         -229.406      
                1.705E-03       -292.391      
                1.71E-03        -278.826      
                1.715E-03       -327.33       
                1.72E-03        -325.262      
                1.725E-03       -318.87       
                1.73E-03        -331.963      
                1.735E-03       -347.122      
                1.74E-03        -344.572      
                1.745E-03       -172.628      
                1.75E-03        -240.192      
                1.755E-03       -315.466      
                1.76E-03        -335.335      
                1.765E-03       -341.953      
                1.77E-03        -353.273      
                1.775E-03       -340.951      
                1.78E-03        -351.129      
                1.785E-03       -202.157      
                1.79E-03        -271.876      
                1.795E-03       -277.532      
                1.8E-03         -325.047      
                1.805E-03       -327.497      
                1.81E-03        -338.055      
                1.815E-03       -269.222      
                1.82E-03        -256.452      
                1.825E-03       -298.562      
                1.83E-03        -289.62       
                1.835E-03       -316.116      
                1.84E-03        -178.095      
                1.845E-03       -219.514      
                1.85E-03        -292.955      
                1.855E-03       -307.262      
                1.86E-03        -313.781      
                1.865E-03       -332.483      
                1.87E-03        -207.026      
                1.875E-03       -280.406      
                1.88E-03        -302.601      
                1.885E-03       -319.258      
                1.89E-03        -261.351      
                1.895E-03       -270.637      
                1.9E-03         -291.675      
                1.905E-03       -297.697      
                1.91E-03        -292.735      
                1.915E-03       -272.588      
                1.92E-03        -253.43       
                1.925E-03       -283.052      
                1.93E-03        -303.561      
                1.935E-03       -279.708      
                1.94E-03        -237.673      
                1.945E-03       -260.065      
                1.95E-03        -299.81       
                1.955E-03       -305.542      
                1.96E-03        -312.536      
                1.965E-03       -305.913      
                1.97E-03        -250.372      
                1.975E-03       -197.268      
                1.98E-03        -269.593      
                1.985E-03       -307.024      
                1.99E-03        -251.224      
                1.995E-03       -283.272      
                2.E-03          -316.282      
                2.005E-03       -299.835      
                2.01E-03        -300.392      
                2.015E-03       -323.201      
                2.02E-03        -337.266      
                2.025E-03       -340.113      
                2.03E-03        -252.392      
                2.035E-03       -136.491      
                2.04E-03        -240.891      
                2.045E-03       -287.066      
                2.05E-03        -284.29       
                2.055E-03       -322.161      
                2.06E-03        -342.718      
                2.065E-03       -335.641      
                2.07E-03        -224.279      
                2.075E-03       -302.393      
                2.08E-03        -308.701      
                2.085E-03       -320.117      
                2.09E-03        -295.312      
                2.095E-03       -322.154      
                2.1E-03         -325.885      
                2.105E-03       -326.342      
                2.11E-03        -212.076      
                2.115E-03       -299.534      
                2.12E-03        -303.169      
                2.125E-03       -315.399      
                2.13E-03        -256.649      
                2.135E-03       -216.662      
                2.14E-03        -259.598      
                2.145E-03       -291.335      
                2.15E-03        -283.095      
                2.155E-03       -238.452      
                2.16E-03        -269.59       
                2.165E-03       -310.005      
                2.17E-03        -313.748      
                2.175E-03       -264.27       
                2.18E-03        -300.565      
                2.185E-03       -300.417      
                2.19E-03        -207.157      
                2.195E-03       -310.122      
                2.2E-03         -308.895      
                2.205E-03       -294.855      
                2.21E-03        -309.07       
                2.215E-03       -326.506      
                2.22E-03        -329.204      
                2.225E-03       -316.211      
                2.23E-03        -252.106      
                2.235E-03       -310.018      
                2.24E-03        -315.913      
                2.245E-03       -335.449      
                2.25E-03        -211.897      
                2.255E-03       -290.122      
                2.26E-03        -294.584      
                2.265E-03       -315.622      
                2.27E-03        -317.359      
                2.275E-03       -332.211      
                2.28E-03        -312.815      
                2.285E-03       -326.942      
                2.29E-03        -321.331      
                2.295E-03       -166.074      
                2.3E-03         -273.862      
                2.305E-03       -301.969      
                2.31E-03        -309.385      
                2.315E-03       -304.613      
                2.32E-03        -314.995      
                2.325E-03       -230.139      
                2.33E-03        -273.901      
                2.335E-03       -312.363      
                2.34E-03        -294.371      
                2.345E-03       -208.548      
                2.35E-03        -312.971      
                2.355E-03       -278.481      
                2.36E-03        -321.863      
                2.365E-03       -288.804      
                2.37E-03        -299.838      
                2.375E-03       -313.123      
                2.38E-03        -312.592      
                2.385E-03       -204.412      
                2.39E-03        -277.605      
                2.395E-03       -309.57       
                2.4E-03         -313.189      
                2.405E-03       -209.929      
                2.41E-03        -278.105      
                2.415E-03       -299.08       
                2.42E-03        -305.268      
                2.425E-03       -296.005      
                2.43E-03        -298.749      
                2.435E-03       -296.41       
                2.44E-03        -308.472      
                2.445E-03       -310.108      
                2.45E-03        -257.883      
                2.455E-03       -299.649      
                2.46E-03        -300.396      
                2.465E-03       -289.793      
                2.47E-03        -301.496      
                2.475E-03       -293.147      
                2.48E-03        -289.217      
                2.485E-03       -212.076      
                2.49E-03        -289.107      
                2.495E-03       -288.257      
                2.5E-03         -300.361      
                2.505E-03       -281.505      
                2.51E-03        -279.763      
                2.515E-03       -284.653      
                2.52E-03        -283.567      
                2.525E-03       -266.131      
                2.53E-03        -295.226      
                2.535E-03       -303.158      
                2.54E-03        -293.154      
                2.545E-03       -274.613      
                2.55E-03        -289.243      
                2.555E-03       -304.601      
                2.56E-03        -305.451      
                2.565E-03       -285.493      
                2.57E-03        -233.533      
                2.575E-03       -291.804      
                2.58E-03        -307.046      
                2.585E-03       -288.013      
                2.59E-03        -303.215      
                2.595E-03       -309.089      
                2.6E-03         -307.862      
                2.605E-03       -276.968      
                2.61E-03        -291.713      
                2.615E-03       -307.915      
                2.62E-03        -309.301      
                2.625E-03       -282.438      
                2.63E-03        -297.621      
                2.635E-03       -290.148      
                2.64E-03        -312.369      
                2.645E-03       -290.267      
                2.65E-03        -297.461      
                2.655E-03       -295.463      
                2.66E-03        -308.491      
                2.665E-03       -283.602      
                2.67E-03        -297.185      
                2.675E-03       -234.53       
                2.68E-03        -265.557      
                2.685E-03       -265.072      
                2.69E-03        -293.811      
                2.695E-03       -303.03       
                2.7E-03         -277.642      
                2.705E-03       -274.112      
                2.71E-03        -295.202      
                2.715E-03       -295.737      
                2.72E-03        -282.303      
                2.725E-03       -286.99       
                2.73E-03        -312.541      
                2.735E-03       -257.919      
                2.74E-03        -241.845      
                2.745E-03       -285.611      
                2.75E-03        -281.601      
                2.755E-03       -294.003      
                2.76E-03        -299.853      
                2.765E-03       -303.773      
                2.77E-03        -312.738      
                2.775E-03       -301.998      
                2.78E-03        -262.837      
                2.785E-03       -311.802      
                2.79E-03        -320.725      
                2.795E-03       -353.362      
                2.8E-03         -272.526      
                2.805E-03       -333.432      
                2.81E-03        -301.918      
                2.815E-03       -324.339      
                2.82E-03        -248.134      
                2.825E-03       -282.662      
                2.83E-03        -302.757      
                2.835E-03       -297.624      
                2.84E-03        -326.573      
                2.845E-03       -289.529      
                2.85E-03        -289.847      
                2.855E-03       -300.321      
                2.86E-03        -317.409      
                2.865E-03       -248.27       
                2.87E-03        -259.491      
                2.875E-03       -282.424      
                2.88E-03        -289.387      
                2.885E-03       -304.913      
                2.89E-03        -302.426      
                2.895E-03       -265.343      
                2.9E-03         -288.676      
                2.905E-03       -268.962      
                2.91E-03        -247.126      
                2.915E-03       -259.394      
                2.92E-03        -290.426      
                2.925E-03       -273.459      
                2.93E-03        -296.713      
                2.935E-03       -231.771      
                2.94E-03        -267.037      
                2.945E-03       -304.783      
                2.95E-03        -294.501      
                2.955E-03       -290.585      
                2.96E-03        -288.871      
                2.965E-03       -292.418      
                2.97E-03        -280.103      
                2.975E-03       -249.83       
                2.98E-03        -288.28       
                2.985E-03       -301.431      
                2.99E-03        -300.294      
                2.995E-03       -291.719      
                3.E-03          -291.355      
                3.005E-03       -303.723      
                3.01E-03        -304.753      
                3.015E-03       -259.128      
                3.02E-03        -264.068      
                3.025E-03       -284.068      
                3.03E-03        -295.857      
                3.035E-03       -291.958      
                3.04E-03        -298.44       
                3.045E-03       -257.589      
                3.05E-03        -272.026      
                3.055E-03       -279.124      
                3.06E-03        -296.718      
                3.065E-03       -293.92       
                3.07E-03        -294.854      
                3.075E-03       -304.875      
                3.08E-03        -284.935      
                3.085E-03       -288.387      
                3.09E-03        -303.196      
                3.095E-03       -304.424      
                3.1E-03         -278.748      
                3.105E-03       -296.695      
                3.11E-03        -285.543      
                3.115E-03       -301.494      
                3.12E-03        -309.74       
                3.125E-03       -294.313      
                3.13E-03        -244.522      
                3.135E-03       -253.747      
                3.14E-03        -294.171      
                3.145E-03       -294.397      
                3.15E-03        -303.231      
                3.155E-03       -299.688      
                3.16E-03        -310.051      
                3.165E-03       -295.111      
                3.17E-03        -296.307      
                3.175E-03       -297.486      
                3.18E-03        -303.148      
                3.185E-03       -276.757      
                3.19E-03        -320.601      
                3.195E-03       -306.543      
                3.2E-03         -303.44       
                3.205E-03       -276.805      
                3.21E-03        -289.178      
                3.215E-03       -296.485      
                3.22E-03        -235.858      
                3.225E-03       -265.128      
                3.23E-03        -294.502      
                3.235E-03       -213.416      
                3.24E-03        -247.799      
                3.245E-03       -282.171      
                3.25E-03        -290.434      
                3.255E-03       -301.6        
                3.26E-03        -295.32       
                3.265E-03       -288.719      
                3.27E-03        -255.561      
                3.275E-03       -286.469      
                3.28E-03        -273.499      
                3.285E-03       -296.414      
                3.29E-03        -288.984      
                3.295E-03       -274.641      
                3.3E-03         -293.314      
                3.305E-03       -299.199      
                3.31E-03        -218.962      
                3.315E-03       -243.038      
                3.32E-03        -263.895      
                3.325E-03       -291.373      
                3.33E-03        -240.058      
                3.335E-03       -271.261      
                3.34E-03        -288.085      
                3.345E-03       -275.953      
                3.35E-03        -215.098      
                3.355E-03       -121.218      
                3.36E-03        -251.076      
                3.365E-03       -260.895      
                3.37E-03        -271.86       
                3.375E-03       -291.361      
                3.38E-03        -285.246      
                3.385E-03       -297.648      
                3.39E-03        -265.725      
                3.395E-03       -285.174      
                3.4E-03         -288.53       
                3.405E-03       -282.037      
                3.41E-03        -288.09       
                3.415E-03       -287.817      
                3.42E-03        -285.304      
                3.425E-03       -301.446      
                3.43E-03        -259.043      
                3.435E-03       -263.602      
                3.44E-03        -291.35       
                3.445E-03       -296.221      
                3.45E-03        -296.393      
                3.455E-03       -309.343      
                3.46E-03        -294.1        
                3.465E-03       -285.726      
                3.47E-03        -315.133      
                3.475E-03       -267.371      
                3.48E-03        -288.417      
                3.485E-03       -292.755      
                3.49E-03        -292.524      
                3.495E-03       -283.418      
                3.5E-03         -287.563      
                3.505E-03       -269.882      
                3.51E-03        -297.319      
                3.515E-03       -301.365      
                3.52E-03        -290.047      
                3.525E-03       -290.608      
                3.53E-03        -425.211      
                3.535E-03       -297.975      
                3.54E-03        -257.699      
                3.545E-03       -266.276      
                3.55E-03        -266.011      
                3.555E-03       -254.518      
                3.56E-03        -279.875      
                3.565E-03       -275.469      
                3.57E-03        -269.626      
                3.575E-03       -269.861      
                3.58E-03        -279.032      
                3.585E-03       -293.422      
                3.59E-03        -272.386      
                3.595E-03       -285.61       
                3.6E-03         -282.637      
                3.605E-03       -285.183      
                3.61E-03        -252.233      
                3.615E-03       -284.786      
                3.62E-03        -273.831      
                3.625E-03       -278.368      
                3.63E-03        -290.687      
                3.635E-03       -252.903      
                3.64E-03        -251.012      
                3.645E-03       -276.527      
                3.65E-03        -266.685      
                3.655E-03       -257.634      
                3.66E-03        -235.802      
                3.665E-03       -258.732      
                3.67E-03        -264.941      
                3.675E-03       -274.938      
                3.68E-03        -180.901      
                3.685E-03       -257.957      
                3.69E-03        -183.989      
                3.695E-03       -222.171      
                3.7E-03         -218.961      
                3.705E-03       -222.679      
                3.71E-03        -268.049      
                3.715E-03       -244.151      
                3.72E-03        -260.318      
                3.725E-03       -267.92       
                3.73E-03        -258.092      
                3.735E-03       -268.249      
                3.74E-03        -279.075      
                3.745E-03       -280.51       
                3.75E-03        -255.541      
                3.755E-03       -266.063      
                3.76E-03        -223.51       
                3.765E-03       -253.304      
                3.77E-03        -268.424      
                3.775E-03       -268.742      
                3.78E-03        -265.823      
                3.785E-03       -273.715      
                3.79E-03        -270.68       
                3.795E-03       -271.521      
                3.8E-03         -216.23       
                3.805E-03       -259.178      
                3.81E-03        -250.022      
                3.815E-03       -258.643      
                3.82E-03        -270.023      
                3.825E-03       -262.563      
                3.83E-03        -274.245      
                3.835E-03       -265.885      
                3.84E-03        -283.492      
                3.845E-03       -293.603      
                3.85E-03        -253.015      
                3.855E-03       -245.306      
                3.86E-03        -289.635      
                3.865E-03       -265.068      
                3.87E-03        -275.926      
                3.875E-03       -191.942      
                3.88E-03        -253.836      
                3.885E-03       -279.743      
                3.89E-03        -241.855      
                3.895E-03       -280.817      
                3.9E-03         -277.947      
                3.905E-03       -284.441      
                3.91E-03        -288.001      
                3.915E-03       -276.497      
                3.92E-03        -290.89       
                3.925E-03       -293.403      
                3.93E-03        -297.837      
                3.935E-03       -276.48       
                3.94E-03        -212.962      
                3.945E-03       -196.773      
                3.95E-03        -235.56       
                3.955E-03       -273.885      
                3.96E-03        -259.201      
                3.965E-03       -274.492      
                3.97E-03        -282.854      
                3.975E-03       -285.935      
                3.98E-03        -174.25       
                3.985E-03       -252.059      
                3.99E-03        -220.582      
                3.995E-03       -260.858      
                4.E-03          -271.654      
                4.005E-03       -289.661      
                4.01E-03        -289.856      
                4.015E-03       -176.28       
                4.02E-03        -129.627      
                4.025E-03       -157.903      
                4.03E-03        -231.21       
                4.035E-03       -257.321      
                4.04E-03        -260.79       
                4.045E-03       -282.915      
                4.05E-03        -275.266      
                4.055E-03       -269.294      
                4.06E-03        -284.578      
                4.065E-03       -284.455      
                4.07E-03        -280.339      
                4.075E-03       -288.934      
                4.08E-03        -288.018      
                4.085E-03       -267.049      
                4.09E-03        -258.839      
                4.095E-03       -285.743      
                4.1E-03         -275.9        
                4.105E-03       -293.373      
                4.11E-03        -277.459      
                4.115E-03       -277.9        
                4.12E-03        -286.29       
                4.125E-03       -297.039      
                4.13E-03        -296.846      
                4.135E-03       -287.031      
                4.14E-03        -208.866      
                4.145E-03       -237.617      
                4.15E-03        -272.078      
                4.155E-03       -256.876      
                4.16E-03        -243.75       
                4.165E-03       -260.312      
                4.17E-03        -285.404      
                4.175E-03       -294.438      
                4.18E-03        -240.101      
                4.185E-03       -247.503      
                4.19E-03        -246.842      
                4.195E-03       -271.727      
                4.2E-03         -266.105      
                4.205E-03       -288.873      
                4.21E-03        -283.014      
                4.215E-03       -276.516      
                4.22E-03        -288.393      
                4.225E-03       -277.761      
                4.23E-03        -286.885      
                4.235E-03       -291.569      
                4.24E-03        -291.118      
                4.245E-03       -292.736      
                4.25E-03        -295.854      
                4.255E-03       -283.422      
                4.26E-03        -280.323      
                4.265E-03       -286.61       
                4.27E-03        -254.411      
                4.275E-03       -178.519      
                4.28E-03        -246.009      
                4.285E-03       -269.821      
                4.29E-03        -236.005      
                4.295E-03       -272.302      
                4.3E-03         -271.491      
                4.305E-03       -278.615      
                4.31E-03        -280.236      
                4.315E-03       -268.027      
                4.32E-03        -166.911      
                4.325E-03       -255.241      
                4.33E-03        -276.604      
                4.335E-03       -266.722      
                4.34E-03        -267.364      
                4.345E-03       -214.607      
                4.35E-03        -246.654      
                4.355E-03       -262.295      
                4.36E-03        -280.348      
                4.365E-03       -285.079      
                4.37E-03        -254.368      
                4.375E-03       -261.851      
                4.38E-03        -261.152      
                4.385E-03       -283.186      
                4.39E-03        -286.201      
                4.395E-03       -303.417      
                4.4E-03         -244.515      
                4.405E-03       -251.373      
                4.41E-03        -266.841      
                4.415E-03       -284.708      
                4.42E-03        -294.592      
                4.425E-03       -241.534      
                4.43E-03        -258.432      
                4.435E-03       -226.512      
                4.44E-03        -146.907      
                4.445E-03       -228.015      
                4.45E-03        -221.721      
                4.455E-03       -271.932      
                4.46E-03        -251.847      
                4.465E-03       -276.004      
                4.47E-03        -281.455      
                4.475E-03       -290.598      
                4.48E-03        -279.611      
                4.485E-03       -268.912      
                4.49E-03        -288.568      
                4.495E-03       -285.314      
                4.5E-03         -295.895      
                4.505E-03       -296.649      
                4.51E-03        -304.526      
                4.515E-03       -265.154      
                4.52E-03        -280.357      
                4.525E-03       -287.545      
                4.53E-03        -270.519      
                4.535E-03       -276.044      
                4.54E-03        -267.148      
                4.545E-03       -280.733      
                4.55E-03        -289.67       
                4.555E-03       -297.213      
                4.56E-03        -304.057      
                4.565E-03       -308.638      
                4.57E-03        -286.         
                4.575E-03       -292.021      
                4.58E-03        -294.165      
                4.585E-03       -292.644      
                4.59E-03        -292.367      
                4.595E-03       -279.148      
                4.6E-03         -268.759      
                4.605E-03       -276.572      
                4.61E-03        -288.556      
                4.615E-03       -298.078      
                4.62E-03        -299.027      
                4.625E-03       -305.154      
                4.63E-03        -237.056      
                4.635E-03       -268.178      
                4.64E-03        -294.971      
                4.645E-03       -264.768      
                4.65E-03        -286.029      
                4.655E-03       -346.31       
                4.66E-03        -282.018      
                4.665E-03       -313.414      
                4.67E-03        -257.63       
                4.675E-03       -318.267      
                4.68E-03        -288.019      
                4.685E-03       -293.16       
                4.69E-03        -304.758      
                4.695E-03       -277.498      
                4.7E-03         -325.145      
                4.705E-03       -315.23       
                4.71E-03        -299.192      
                4.715E-03       -307.489      
                4.72E-03        -302.335      
                4.725E-03       -300.339      
                4.73E-03        -266.026      
                4.735E-03       -267.696      
                4.74E-03        -292.108      
                4.745E-03       -272.973      
                4.75E-03        -190.111      
                4.755E-03       -281.51       
                4.76E-03        -286.145      
                4.765E-03       -281.084      
                4.77E-03        -280.721      
                4.775E-03       -279.681      
                4.78E-03        -287.287      
                4.785E-03       -283.141      
                4.79E-03        -269.311      
                4.795E-03       -254.891      
                4.8E-03         -269.541      
                4.805E-03       -282.775      
                4.81E-03        -267.709      
                4.815E-03       -287.373      
                4.82E-03        -284.566      
                4.825E-03       -293.997      
                4.83E-03        -286.125      
                4.835E-03       -244.388      
                4.84E-03        -269.82       
                4.845E-03       -278.871      
                4.85E-03        -295.51       
                4.855E-03       -292.59       
                4.86E-03        -273.366      
                4.865E-03       -277.212      
                4.87E-03        -286.898      
                4.875E-03       -216.12       
                4.88E-03        -278.204      
                4.885E-03       -218.412      
                4.89E-03        -276.88       
                4.895E-03       -281.722      
                4.9E-03         -285.87       
                4.905E-03       -274.702      
                4.91E-03        -285.111      
                4.915E-03       -272.202      
                4.92E-03        -291.108      
                4.925E-03       -257.287      
                4.93E-03        -257.569      
                4.935E-03       -272.522      
                4.94E-03        -286.841      
                4.945E-03       -249.962      
                4.95E-03        -290.931      
                4.955E-03       -272.764      
                4.96E-03        -279.282      
                4.965E-03       -296.025      
                4.97E-03        -282.628      
                4.975E-03       -292.826      
                4.98E-03        -291.812      
                4.985E-03       -253.319      
                4.99E-03        -288.402      
                4.995E-03       -287.665      
                5.E-03          -266.968      
                5.005E-03       -276.744      
                5.01E-03        -298.578      
                5.015E-03       -275.6        
                5.02E-03        -297.904      
                5.025E-03       -303.433      
                5.03E-03        -279.352      
                5.035E-03       -302.677      
                5.04E-03        -271.042      
                5.045E-03       -275.555      
                5.05E-03        -290.389      
                5.055E-03       -294.465      
                5.06E-03        -289.966      
                5.065E-03       -214.823      
                5.07E-03        -277.568      
                5.075E-03       -273.995      
                5.08E-03        -235.972      
                5.085E-03       -285.16       
                5.09E-03        -291.904      
                5.095E-03       -301.945      
                5.1E-03         -288.148      
                5.105E-03       -276.103      
                5.11E-03        -274.17       
                5.115E-03       -281.83       
                5.12E-03        -286.254      
                5.125E-03       -287.716      
                5.13E-03        -290.793      
                5.135E-03       -252.279      
                5.14E-03        -284.161      
                5.145E-03       -260.792      
                5.15E-03        -264.796      
                5.155E-03       -277.466      
                5.16E-03        -284.033      
                5.165E-03       -266.128      
                5.17E-03        -302.005      
                5.175E-03       -291.85       
                5.18E-03        -305.491      
                5.185E-03       -273.22       
                5.19E-03        -267.864      
                5.195E-03       -293.91       
                5.2E-03         -282.501      
                5.205E-03       -280.873      
                5.21E-03        -282.234      
                5.215E-03       -172.981      
                5.22E-03        -231.672      
                5.225E-03       -265.255      
                5.23E-03        -283.269      
                5.235E-03       -241.376      
                5.24E-03        -269.445      
                5.245E-03       -277.54       
                5.25E-03        -289.303      
                5.255E-03       -259.573      
                5.26E-03        -286.12       
                5.265E-03       -150.099      
                5.27E-03        -234.794      
                5.275E-03       -265.038      
                5.28E-03        -271.684      
                5.285E-03       -280.484      
                5.29E-03        -233.821      
                5.295E-03       -235.155      
                5.3E-03         -280.409      
                5.305E-03       -325.884      
                5.31E-03        -295.687      
                5.315E-03       -273.695      
                5.32E-03        -303.927      
                5.325E-03       -283.612      
                5.33E-03        -286.741      
                5.335E-03       -249.86       
                5.34E-03        -295.468      
                5.345E-03       -291.791      
                5.35E-03        -249.767      
                5.355E-03       -270.095      
                5.36E-03        -298.416      
                5.365E-03       -303.919      
                5.37E-03        -304.568      
                5.375E-03       -289.263      
                5.38E-03        -298.839      
                5.385E-03       -304.725      
                5.39E-03        -315.051      
                5.395E-03       -298.72       
                5.4E-03         -230.143      
                5.405E-03       -253.764      
                5.41E-03        -294.147      
                5.415E-03       -286.277      
                5.42E-03        -160.001      
                5.425E-03       -243.075      
                5.43E-03        -222.928      
                5.435E-03       -294.439      
                5.44E-03        -291.352      
                5.445E-03       -223.079      
                5.45E-03        -281.655      
                5.455E-03       -274.19       
                5.46E-03        -294.987      
                5.465E-03       -230.722      
                5.47E-03        -260.501      
                5.475E-03       -236.595      
                5.48E-03        -282.603      
                5.485E-03       -264.043      
                5.49E-03        -289.082      
                5.495E-03       -170.466      
                5.5E-03         -183.427      
                5.505E-03       -224.04       
                5.51E-03        -261.928      
                5.515E-03       -271.458      
                5.52E-03        -233.172      
                5.525E-03       -239.418      
                5.53E-03        -281.257      
                5.535E-03       -276.772      
                5.54E-03        -287.331      
                5.545E-03       -300.062      
                5.55E-03        -299.532      
                5.555E-03       -285.796      
                5.56E-03        -196.152      
                5.565E-03       -220.7        
                5.57E-03        -280.518      
                5.575E-03       -273.44       
                5.58E-03        -295.488      
                5.585E-03       -283.043      
                5.59E-03        -291.714      
                5.595E-03       -299.511      
                5.6E-03         -297.53       
                5.605E-03       -307.984      
                5.61E-03        -209.05       
                5.615E-03       -278.53       
                5.62E-03        -292.105      
                5.625E-03       -290.53       
                5.63E-03        -296.445      
                5.635E-03       -286.378      
                5.64E-03        -245.758      
                5.645E-03       -266.552      
                5.65E-03        -313.827      
                5.655E-03       -280.818      
                5.66E-03        -293.137      
                5.665E-03       -298.828      
                5.67E-03        -304.393      
                5.675E-03       -308.132      
                5.68E-03        -289.39       
                5.685E-03       -298.634      
                5.69E-03        -315.82       
                5.695E-03       -314.229      
                5.7E-03         -307.935      
                5.705E-03       -234.817      
                5.71E-03        -291.985      
                5.715E-03       -293.597      
                5.72E-03        -317.483      
                5.725E-03       -312.8        
                5.73E-03        -306.511      
                5.735E-03       -319.095      
                5.74E-03        -311.984      
                5.745E-03       -316.973      
                5.75E-03        -297.388      
                5.755E-03       -309.693      
                5.76E-03        -303.326      
                5.765E-03       -300.068      
                5.77E-03        -282.968      
                5.775E-03       -285.866      
                5.78E-03        -302.104      
                5.785E-03       -295.434      
                5.79E-03        -314.923      
                5.795E-03       -303.707      
                5.8E-03         -297.531      
                5.805E-03       -308.611      
                5.81E-03        -312.299      
                5.815E-03       -258.139      
                5.82E-03        -253.957      
                5.825E-03       -252.848      
                5.83E-03        -290.766      
                5.835E-03       -262.16       
                5.84E-03        -284.76       
                5.845E-03       -309.58       
                5.85E-03        -303.466      
                5.855E-03       -296.504      
                5.86E-03        -244.839      
                5.865E-03       -264.586      
                5.87E-03        -288.398      
                5.875E-03       -270.899      
                5.88E-03        -306.066      
                5.885E-03       -260.735      
                5.89E-03        -206.397      
                5.895E-03       -268.407      
                5.9E-03         -280.969      
                5.905E-03       -238.48       
                5.91E-03        -256.315      
                5.915E-03       -297.762      
                5.92E-03        -285.955      
                5.925E-03       -296.754      
                5.93E-03        -212.718      
                5.935E-03       -227.203      
                5.94E-03        -292.653      
                5.945E-03       -292.996      
                5.95E-03        -244.36       
                5.955E-03       -281.58       
                5.96E-03        -279.362      
                5.965E-03       -320.268      
                5.97E-03        -311.27       
                5.975E-03       -325.51       
                5.98E-03        -211.562      
                5.985E-03       -227.757      
                5.99E-03        -273.386      
                5.995E-03       -286.138      
                6.E-03          -306.625      
                6.005E-03       -309.144      
                6.01E-03        -299.939      
                6.015E-03       -313.693      
                6.02E-03        -237.666      
                6.025E-03       -287.538      
                6.03E-03        -307.177      
                6.035E-03       -335.035      
                6.04E-03        -325.886      
                6.045E-03       -334.944      
                6.05E-03        -334.592      
                6.055E-03       -342.039      
                6.06E-03        -348.086      
                6.065E-03       -291.22       
                6.07E-03        -236.5        
                6.075E-03       -256.391      
                6.08E-03        -271.937      
                6.085E-03       -313.232      
                6.09E-03        -320.833      
                6.095E-03       -330.1        
                6.1E-03         -328.719      
                6.105E-03       -341.823      
                6.11E-03        -216.762      
                6.115E-03       -248.932      
                6.12E-03        -305.817      
                6.125E-03       -310.298      
                6.13E-03        -315.848      
                6.135E-03       -316.142      
                6.14E-03        -321.975      
                6.145E-03       -327.375      
                6.15E-03        -282.991      
                6.155E-03       -289.26       
                6.16E-03        -306.506      
                6.165E-03       -320.613      
                6.17E-03        -325.723      
                6.175E-03       -333.386      
                6.18E-03        -344.033      
                6.185E-03       -256.299      
                6.19E-03        -287.805      
                6.195E-03       -318.703      
                6.2E-03         -320.542      
                6.205E-03       -320.376      
                6.21E-03        -333.871      
                6.215E-03       -333.453      
                6.22E-03        -333.482      
                6.225E-03       -328.25       
                6.23E-03        -257.713      
                6.235E-03       -324.667      
                6.24E-03        -360.42       
                6.245E-03       -286.926      
                6.25E-03        -309.902      
                6.255E-03       -223.428      
                6.26E-03        -200.813      
                6.265E-03       -244.222      
                6.27E-03        -250.973      
                6.275E-03       -251.833      
                6.28E-03        -238.214      
                6.285E-03       -254.775      
                6.29E-03        -128.656      
                6.295E-03       -191.933      
                6.3E-03         -228.919      
                6.305E-03       -315.452      
                6.31E-03        -193.122      
                6.315E-03       -174.286      
                6.32E-03        -180.481      
                6.325E-03       -284.732      
                6.33E-03        -278.414      
                6.335E-03       -252.837      
                6.34E-03        -288.546      
                6.345E-03       -280.97       
                6.35E-03        -284.462      
                6.355E-03       -278.963      
                6.36E-03        -310.256      
                6.365E-03       -251.873      
                6.37E-03        -319.628      
                6.375E-03       -307.366      
                6.38E-03        -337.348      
                6.385E-03       -303.813      
                6.39E-03        -299.467      
                6.395E-03       -272.568      
                6.4E-03         -285.169      
                6.405E-03       -305.444      
                6.41E-03        -291.596      
                6.415E-03       -310.045      
                6.42E-03        -306.58       
                6.425E-03       -311.958      
                6.43E-03        -237.829      
                6.435E-03       -260.012      
                6.44E-03        -279.426      
                6.445E-03       -268.59       
                6.45E-03        -284.903      
                6.455E-03       -299.4        
                6.46E-03        -305.84       
                6.465E-03       -291.7        
                6.47E-03        -302.167      
                6.475E-03       -292.587      
                6.48E-03        -299.831      
                6.485E-03       -299.116      
                6.49E-03        -283.107      
                6.495E-03       -264.079      
                6.5E-03         -300.529      
                6.505E-03       -298.346      
                6.51E-03        -304.494      
                6.515E-03       -314.353      
                6.52E-03        -275.134      
                6.525E-03       -271.606      
                6.53E-03        -304.032      
                6.535E-03       -310.074      
                6.54E-03        -303.231      
                6.545E-03       -299.945      
                6.55E-03        -296.749      
                6.555E-03       -263.959      
                6.56E-03        -316.267      
                6.565E-03       -301.627      
                6.57E-03        -313.951      
                6.575E-03       -291.137      
                6.58E-03        -304.395      
                6.585E-03       -309.375      
                6.59E-03        -298.821      
                6.595E-03       -306.262      
                6.6E-03         -303.033      
                6.605E-03       -311.665      
                6.61E-03        -287.457      
                6.615E-03       -295.389      
                6.62E-03        -303.655      
                6.625E-03       -290.661      
                6.63E-03        -295.688      
                6.635E-03       -311.933      
                6.64E-03        -324.769      
                6.645E-03       -300.179      
                6.65E-03        -312.863      
                6.655E-03       -288.618      
                6.66E-03        -315.65       
                6.665E-03       -258.539      
                6.67E-03        -314.177      
                6.675E-03       -313.13       
                6.68E-03        -306.256      
                6.685E-03       -306.538      
                6.69E-03        -302.794      
                6.695E-03       -324.695      
                6.7E-03         -228.353      
                6.705E-03       -281.029      
                6.71E-03        -298.427      
                6.715E-03       -310.58       
                6.72E-03        -339.569      
                6.725E-03       -291.004      
                6.73E-03        -302.273      
                6.735E-03       -304.177      
                6.74E-03        -310.389      
                6.745E-03       -309.586      
                6.75E-03        -312.187      
                6.755E-03       -326.507      
                6.76E-03        -304.32       
                6.765E-03       -322.176      
                6.77E-03        -324.137      
                6.775E-03       -304.246      
                6.78E-03        -313.712      
                6.785E-03       -330.059      
                6.79E-03        -314.978      
                6.795E-03       -319.441      
                6.8E-03         -331.258      
                6.805E-03       -302.432      
                6.81E-03        -275.886      
                6.815E-03       -325.635      
                6.82E-03        -320.887      
                6.825E-03       -310.899      
                6.83E-03        -320.538      
                6.835E-03       -317.101      
                6.84E-03        -323.594      
                6.845E-03       -311.809      
                6.85E-03        -321.035      
                6.855E-03       -321.995      
                6.86E-03        -325.071      
                6.865E-03       -201.204      
                6.87E-03        -264.981      
                6.875E-03       -289.884      
                6.88E-03        -313.088      
                6.885E-03       -318.008      
                6.89E-03        -304.926      
                6.895E-03       -302.647      
                6.9E-03         -308.927      
                6.905E-03       -320.342      
                6.91E-03        -312.239      
                6.915E-03       -292.558      
                6.92E-03        -322.974      
                6.925E-03       -326.235      
                6.93E-03        -317.973      
                6.935E-03       -310.508      
                6.94E-03        -316.052      
                6.945E-03       -296.985      
                6.95E-03        -328.784      
                6.955E-03       -159.038      
                6.96E-03        -256.966      
                6.965E-03       -278.688      
                6.97E-03        -285.453      
                6.975E-03       -332.723      
                6.98E-03        -316.331      
                6.985E-03       -272.095      
                6.99E-03        -310.005      
                6.995E-03       -291.044      
                7.E-03          -280.312      
                7.005E-03       -293.549      
                7.01E-03        -312.885      
                7.015E-03       -306.816      
                7.02E-03        -282.948      
                7.025E-03       -280.509      
                7.03E-03        -299.524      
                7.035E-03       -287.715      
                7.04E-03        -311.619      
                7.045E-03       -302.22       
                7.05E-03        -302.801      
                7.055E-03       -259.546      
                7.06E-03        -309.255      
                7.065E-03       -298.201      
                7.07E-03        -316.518      
                7.075E-03       -296.17       
                7.08E-03        -309.639      
                7.085E-03       -233.486      
                7.09E-03        -191.383      
                7.095E-03       -251.178      
                7.1E-03         -219.448      
                7.105E-03       -239.441      
                7.11E-03        -261.377      
                7.115E-03       -296.764      
                7.12E-03        -302.975      
                7.125E-03       -323.186      
                7.13E-03        -313.126      
                7.135E-03       -312.431      
                7.14E-03        -312.408      
                7.145E-03       -240.555      
                7.15E-03        -260.251      
                7.155E-03       -294.359      
                7.16E-03        -324.024      
                7.165E-03       -316.675      
                7.17E-03        -321.542      
                7.175E-03       -319.203      
                7.18E-03        -326.027      
                7.185E-03       -325.027      
                7.19E-03        -323.764      
                7.195E-03       -328.547      
                7.2E-03         -334.314      
                7.205E-03       -332.679      
                7.21E-03        -322.128      
                7.215E-03       -332.268      
                7.22E-03        -330.113      
                7.225E-03       -335.794      
                7.23E-03        -333.533      
                7.235E-03       -290.181      
                7.24E-03        -327.338      
                7.245E-03       -336.187      
                7.25E-03        -331.912      
                7.255E-03       -308.123      
                7.26E-03        -281.956      
                7.265E-03       -307.329      
                7.27E-03        -319.376      
                7.275E-03       -318.215      
                7.28E-03        -326.613      
                7.285E-03       -330.641      
                7.29E-03        -323.497      
                7.295E-03       -327.502      
                7.3E-03         -325.54       
                7.305E-03       -331.342      
                7.31E-03        -337.429      
                7.315E-03       -247.748      
                7.32E-03        -263.457      
                7.325E-03       -269.592      
                7.33E-03        -298.691      
                7.335E-03       -307.72       
                7.34E-03        -307.373      
                7.345E-03       -325.053      
                7.35E-03        -322.391      
                7.355E-03       -325.855      
                7.36E-03        -338.388      
                7.365E-03       -313.429      
                7.37E-03        -318.615      
                7.375E-03       -316.398      
                7.38E-03        -317.054      
                7.385E-03       -340.917      
                7.39E-03        -305.129      
                7.395E-03       -275.674      
                7.4E-03         -280.275      
                7.405E-03       -318.169      
                7.41E-03        -312.313      
                7.415E-03       -316.927      
                7.42E-03        -324.131      
                7.425E-03       -319.389      
                7.43E-03        -327.689      
                7.435E-03       -328.353      
                7.44E-03        -309.865      
                7.445E-03       -309.058      
                7.45E-03        -323.66       
                7.455E-03       -324.225      
                7.46E-03        -341.179      
                7.465E-03       -339.612      
                7.47E-03        -328.28       
                7.475E-03       -314.248      
                7.48E-03        -329.833      
                7.485E-03       -305.043      
                7.49E-03        -322.3        
                7.495E-03       -325.876      
                7.5E-03         -330.443      
                7.505E-03       -315.138      
                7.51E-03        -313.662      
                7.515E-03       -321.001      
                7.52E-03        -318.776      
                7.525E-03       -319.957      
                7.53E-03        -323.387      
                7.535E-03       -329.866      
                7.54E-03        -339.578      
                7.545E-03       -313.548      
                7.55E-03        -314.848      
                7.555E-03       -317.246      
                7.56E-03        -318.764      
                7.565E-03       -326.801      
                7.57E-03        -265.875      
                7.575E-03       -237.612      
                7.58E-03        -267.186      
                7.585E-03       -305.8        
                7.59E-03        -308.673      
                7.595E-03       -307.029      
                7.6E-03         -289.352      
                7.605E-03       -321.51       
                7.61E-03        -274.232      
                7.615E-03       -307.405      
                7.62E-03        -300.155      
                7.625E-03       -294.085      
                7.63E-03        -275.11       
                7.635E-03       -286.196      
                7.64E-03        -305.287      
                7.645E-03       -298.799      
                7.65E-03        -303.975      
                7.655E-03       -305.084      
                7.66E-03        -303.058      
                7.665E-03       -249.497      
                7.67E-03        -241.862      
                7.675E-03       -325.279      
                7.68E-03        -330.382      
                7.685E-03       -301.967      
                7.69E-03        -331.369      
                7.695E-03       -334.319      
                7.7E-03         -286.129      
                7.705E-03       -247.03       
                7.71E-03        -248.506      
                7.715E-03       -240.175      
                7.72E-03        -273.886      
                7.725E-03       -192.945      
                7.73E-03        -282.74       
                7.735E-03       -272.407      
                7.74E-03        -262.944      
                7.745E-03       -264.966      
                7.75E-03        -287.288      
                7.755E-03       -283.885      
                7.76E-03        -283.03       
                7.765E-03       -258.375      
                7.77E-03        -269.138      
                7.775E-03       -282.736      
                7.78E-03        -285.804      
                7.785E-03       -277.769      
                7.79E-03        -267.83       
                7.795E-03       -292.315      
                7.8E-03         -294.052      
                7.805E-03       -280.832      
                7.81E-03        -256.112      
                7.815E-03       -256.655      
                7.82E-03        -272.573      
                7.825E-03       -292.349      
                7.83E-03        -276.872      
                7.835E-03       -275.446      
                7.84E-03        -285.356      
                7.845E-03       -290.25       
                7.85E-03        -290.945      
                7.855E-03       -285.36       
                7.86E-03        -296.428      
                7.865E-03       -276.709      
                7.87E-03        -296.655      
                7.875E-03       -257.592      
                7.88E-03        -281.69       
                7.885E-03       -312.356      
                7.89E-03        -312.554      
                7.895E-03       -277.802      
                7.9E-03         -284.035      
                7.905E-03       -282.345      
                7.91E-03        -287.505      
                7.915E-03       -302.715      
                7.92E-03        -306.855      
                7.925E-03       -265.96       
                7.93E-03        -231.313      
                7.935E-03       -266.66       
                7.94E-03        -281.253      
                7.945E-03       -275.56       
                7.95E-03        -236.141      
                7.955E-03       -291.837      
                7.96E-03        -137.236      
                7.965E-03       -227.357      
                7.97E-03        -170.792      
                7.975E-03       -242.771      
                7.98E-03        -262.024      
                7.985E-03       -259.304      
                7.99E-03        -276.973      
                7.995E-03       -299.86       
                8.E-03          -281.05       
                8.005E-03       -285.139      
                8.01E-03        -299.092      
                8.015E-03       -291.629      
                8.02E-03        -284.53       
                8.025E-03       -293.915      
                8.03E-03        -292.37       
                8.035E-03       -459.209      
                8.04E-03        -297.671      
                8.045E-03       -258.838      
                8.05E-03        -265.442      
                8.055E-03       -281.046      
                8.06E-03        -296.913      
                8.065E-03       -301.769      
                8.07E-03        -300.398      
                8.075E-03       -293.536      
                8.08E-03        -302.633      
                8.085E-03       -304.534      
                8.09E-03        -306.646      
                8.095E-03       -273.685      
                8.1E-03         -311.986      
                8.105E-03       -304.828      
                8.11E-03        -311.766      
                8.115E-03       -303.553      
                8.12E-03        -309.688      
                8.125E-03       -315.216      
                8.13E-03        -295.101      
                8.135E-03       -279.648      
                8.14E-03        -314.278      
                8.145E-03       -301.399      
                8.15E-03        -266.043      
                8.155E-03       -294.86       
                8.16E-03        -289.26       
                8.165E-03       -300.476      
                8.17E-03        -300.799      
                8.175E-03       -269.932      
                8.18E-03        -289.516      
                8.185E-03       -296.605      
                8.19E-03        -298.241      
                8.195E-03       -228.337      
                8.2E-03         -280.724      
                8.205E-03       -295.368      
                8.21E-03        -261.764      
                8.215E-03       -234.906      
                8.22E-03        -244.09       
                8.225E-03       -290.         
                8.23E-03        -297.245      
                8.235E-03       -291.981      
                8.24E-03        -297.644      
                8.245E-03       -278.829      
                8.25E-03        -292.48       
                8.255E-03       -300.166      
                8.26E-03        -292.486      
                8.265E-03       -301.769      
                8.27E-03        -232.645      
                8.275E-03       -299.63       
                8.28E-03        -298.52       
                8.285E-03       -284.551      
                8.29E-03        -280.402      
                8.295E-03       -286.567      
                8.3E-03         -301.306      
                8.305E-03       -294.879      
                8.31E-03        -296.033      
                8.315E-03       -300.375      
                8.32E-03        -301.128      
                8.325E-03       -307.028      
                8.33E-03        -296.879      
                8.335E-03       -253.719      
                8.34E-03        -287.904      
                8.345E-03       -294.266      
                8.35E-03        -275.083      
                8.355E-03       -267.515      
                8.36E-03        -287.226      
                8.365E-03       -297.327      
                8.37E-03        -304.199      
                8.375E-03       -292.473      
                8.38E-03        -272.553      
                8.385E-03       -201.763      
                8.39E-03        -231.032      
                8.395E-03       -279.174      
                8.4E-03         -294.071      
                8.405E-03       -309.898      
                8.41E-03        -297.698      
                8.415E-03       -277.259      
                8.42E-03        -276.577      
                8.425E-03       -279.119      
                8.43E-03        -282.277      
                8.435E-03       -293.606      
                8.44E-03        -287.508      
                8.445E-03       -294.378      
                8.45E-03        -289.037      
                8.455E-03       -292.414      
                8.46E-03        -299.796      
                8.465E-03       -295.949      
                8.47E-03        -301.563      
                8.475E-03       -290.823      
                8.48E-03        -298.194      
                8.485E-03       -278.371      
                8.49E-03        -286.344      
                8.495E-03       -274.958      
                8.5E-03         -296.105      
                8.505E-03       -290.306      
                8.51E-03        -301.316      
                8.515E-03       -283.751      
                8.52E-03        -298.923      
                8.525E-03       -307.636      
                8.53E-03        -290.609      
                8.535E-03       -273.896      
                8.54E-03        -297.921      
                8.545E-03       -295.105      
                8.55E-03        -292.939      
                8.555E-03       -300.2        
                8.56E-03        -251.772      
                8.565E-03       -285.348      
                8.57E-03        -291.879      
                8.575E-03       -297.954      
                8.58E-03        -301.054      
                8.585E-03       -298.398      
                8.59E-03        -227.18       
                8.595E-03       -197.202      
                8.6E-03         -216.164      
                8.605E-03       -219.417      
                8.61E-03        -185.023      
                8.615E-03       -274.984      
                8.62E-03        -289.588      
                8.625E-03       -289.269      
                8.63E-03        -288.479      
                8.635E-03       -288.453      
                8.64E-03        -292.02       
                8.645E-03       -271.613      
                8.65E-03        -289.733      
                8.655E-03       -297.705      
                8.66E-03        -297.154      
                8.665E-03       -297.793      
                8.67E-03        -303.41       
                8.675E-03       -290.97       
                8.68E-03        -219.996      
                8.685E-03       -263.465      
                8.69E-03        -281.36       
                8.695E-03       -283.982      
                8.7E-03         -269.964      
                8.705E-03       -273.673      
                8.71E-03        -272.995      
                8.715E-03       -254.049      
                8.72E-03        -291.585      
                8.725E-03       -289.303      
                8.73E-03        -282.673      
                8.735E-03       -300.821      
                8.74E-03        -306.043      
                8.745E-03       -278.526      
                8.75E-03        -297.92       
                8.755E-03       -250.376      
                8.76E-03        -280.652      
                8.765E-03       -297.347      
                8.77E-03        -296.516      
                8.775E-03       -276.65       
                8.78E-03        -287.25       
                8.785E-03       -294.66       
                8.79E-03        -264.924      
                8.795E-03       -268.036      
                8.8E-03         -285.6        
                8.805E-03       -295.65       
                8.81E-03        -277.632      
                8.815E-03       -279.113      
                8.82E-03        -265.328      
                8.825E-03       -288.753      
                8.83E-03        -290.093      
                8.835E-03       -285.794      
                8.84E-03        -282.809      
                8.845E-03       -294.468      
                8.85E-03        -289.743      
                8.855E-03       -297.813      
                8.86E-03        -294.005      
                8.865E-03       -298.094      
                8.87E-03        -295.825      
                8.875E-03       -268.944      
                8.88E-03        -271.701      
                8.885E-03       -297.612      
                8.89E-03        -292.135      
                8.895E-03       -284.167      
                8.9E-03         -339.559      
                8.905E-03       -252.104      
                8.91E-03        -288.301      
                8.915E-03       -279.833      
                8.92E-03        -294.802      
                8.925E-03       -302.83       
                8.93E-03        -221.333      
                8.935E-03       -277.004      
                8.94E-03        -275.911      
                8.945E-03       -285.806      
                8.95E-03        -302.379      
                8.955E-03       -271.749      
                8.96E-03        -234.305      
                8.965E-03       -262.303      
                8.97E-03        -257.774      
                8.975E-03       -282.564      
                8.98E-03        -281.135      
                8.985E-03       -266.753      
                8.99E-03        -290.609      
                8.995E-03       -270.074      
                9.E-03          -276.108      
                9.005E-03       -288.196      
                9.01E-03        -272.85       
                9.015E-03       -285.276      
                9.02E-03        -280.302      
                9.025E-03       -309.461      
                9.03E-03        -286.889      
                9.035E-03       -290.981      
                9.04E-03        -295.336      
                9.045E-03       -289.435      
                9.05E-03        -291.948      
                9.055E-03       -205.214      
                9.06E-03        -226.69       
                9.065E-03       -303.427      
                9.07E-03        -281.514      
                9.075E-03       -280.863      
                9.08E-03        -279.289      
                9.085E-03       -272.283      
                9.09E-03        -295.565      
                9.095E-03       -295.588      
                9.1E-03         -287.542      
                9.105E-03       -285.668      
                9.11E-03        -284.417      
                9.115E-03       -301.528      
                9.12E-03        -302.775      
                9.125E-03       -292.698      
                9.13E-03        -288.463      
                9.135E-03       -272.656      
                9.14E-03        -279.618      
                9.145E-03       -296.71       
                9.15E-03        -273.133      
                9.155E-03       -272.89       
                9.16E-03        -260.071      
                9.165E-03       -286.061      
                9.17E-03        -275.428      
                9.175E-03       -118.182      
                9.18E-03        -208.1        
                9.185E-03       -251.192      
                9.19E-03        -264.888      
                9.195E-03       -274.818      
                9.2E-03         -279.963      
                9.205E-03       -258.072      
                9.21E-03        -184.449      
                9.215E-03       -207.89       
                9.22E-03        -272.684      
                9.225E-03       -256.437      
                9.23E-03        -283.468      
                9.235E-03       -261.016      
                9.24E-03        -263.767      
                9.245E-03       -218.665      
                9.25E-03        -409.195      
                9.255E-03       -303.176      
                9.26E-03        -367.149      
                9.265E-03       -186.855      
                9.27E-03        -258.381      
                9.275E-03       -244.945      
                9.28E-03        -201.83       
                9.285E-03       -257.655      
                9.29E-03        -287.689      
                9.295E-03       -290.216      
                9.3E-03         -228.018      
                9.305E-03       -272.983      
                9.31E-03        -171.911      
                9.315E-03       -256.367      
                9.32E-03        -157.677      
                9.325E-03       -224.78       
                9.33E-03        -209.606      
                9.335E-03       -269.602      
                9.34E-03        -295.98       
                9.345E-03       -302.078      
                9.35E-03        -258.326      
                9.355E-03       -293.433      
                9.36E-03        -299.392      
                9.365E-03       -304.599      
                9.37E-03        -301.071      
                9.375E-03       -304.942      
                9.38E-03        -297.613      
                9.385E-03       -286.599      
                9.39E-03        -283.967      
                9.395E-03       -300.893      
                9.4E-03         -292.952      
                9.405E-03       -291.167      
                9.41E-03        -252.915      
                9.415E-03       -199.145      
                9.42E-03        -200.395      
                9.425E-03       -218.405      
                9.43E-03        -272.811      
                9.435E-03       -285.471      
                9.44E-03        -294.847      
                9.445E-03       -290.641      
                9.45E-03        -274.455      
                9.455E-03       -211.631      
                9.46E-03        -263.801      
                9.465E-03       -175.843      
                9.47E-03        -179.421      
                9.475E-03       -218.754      
                9.48E-03        -258.72       
                9.485E-03       -278.66       
                9.49E-03        -249.243      
                9.495E-03       -223.137      
                9.5E-03         -268.036      
                9.505E-03       -276.21       
                9.51E-03        -283.055      
                9.515E-03       -275.85       
                9.52E-03        -194.799      
                9.525E-03       -237.43       
                9.53E-03        -275.01       
                9.535E-03       -270.207      
                9.54E-03        -301.792      
                9.545E-03       -286.912      
                9.55E-03        -304.606      
                9.555E-03       -279.726      
                9.56E-03        -214.117      
                9.565E-03       -250.055      
                9.57E-03        -211.06       
                9.575E-03       -244.788      
                9.58E-03        -272.466      
                9.585E-03       -271.224      
                9.59E-03        -263.68       
                9.595E-03       -273.817      
                9.6E-03         -287.651      
                9.605E-03       -208.003      
                9.61E-03        -238.837      
                9.615E-03       -267.269      
                9.62E-03        -267.839      
                9.625E-03       -270.961      
                9.63E-03        -268.887      
                9.635E-03       -207.724      
                9.64E-03        -217.659      
                9.645E-03       -279.79       
                9.65E-03        -276.765      
                9.655E-03       -274.924      
                9.66E-03        -276.68       
                9.665E-03       -283.072      
                9.67E-03        -256.256      
                9.675E-03       -254.531      
                9.68E-03        -256.25       
                9.685E-03       -272.161      
                9.69E-03        -255.949      
                9.695E-03       -254.684      
                9.7E-03         -257.309      
                9.705E-03       -267.608      
                9.71E-03        -224.102      
                9.715E-03       -250.248      
                9.72E-03        -249.765      
                9.725E-03       -257.666      
                9.73E-03        -249.468      
                9.735E-03       -253.626      
                9.74E-03        -247.313      
                9.745E-03       -248.98       
                9.75E-03        -249.899      
                9.755E-03       -242.992      
                9.76E-03        -243.762      
                9.765E-03       -241.426      
                9.77E-03        -157.257      
                9.775E-03       -155.39       
                9.78E-03        -215.39       
                9.785E-03       -232.661      
                9.79E-03        -277.617      
                9.795E-03       -233.977      
                9.8E-03         -234.202      
                9.805E-03       -214.584      
                9.81E-03        -223.871      
                9.815E-03       -232.615      
                9.82E-03        -246.449      
                9.825E-03       -203.92       
                9.83E-03        -233.553      
                9.835E-03       -225.435      
                9.84E-03        -222.627      
                9.845E-03       -209.512      
                9.85E-03        -214.486      
                9.855E-03       -231.442      
                9.86E-03        -235.202      
                9.865E-03       -215.562      
                9.87E-03        -227.893      
                9.875E-03       -225.367      
                9.88E-03        -221.409      
                9.885E-03       -223.793      
                9.89E-03        -225.173      
                9.895E-03       -230.419      
                9.9E-03         -214.299      
                9.905E-03       -221.706      
                9.91E-03        -220.483      
                9.915E-03       -183.628      
                9.92E-03        -223.527      
                9.925E-03       -222.492      
                9.93E-03        -222.393      
                9.935E-03       -215.493      
                9.94E-03        -228.201      
                9.945E-03       -221.418      
                9.95E-03        -231.293      
                9.955E-03       -222.436      
                9.96E-03        -222.672      
                9.965E-03       -231.801      
                9.97E-03        -220.228      
                9.975E-03       -223.216      
                9.98E-03        -234.691      
                9.985E-03       -232.259      
                9.99E-03        -229.607      
                9.995E-03       -228.349      
               10.E-03          -251.124      




