
                  X               _temp_4     

                0.                 0.         
                2.65034E-06      -38.8444     
                5.30069E-06        3.58771    
                7.95104E-06       60.2831     
               10.6002E-06      -128.432      
               13.2505E-06        81.9436     
               15.9009E-06      -108.096      
               18.5502E-06       -64.7191     
               21.2005E-06        14.3708     
               23.8509E-06      -134.436      
               26.5001E-06       -22.6147     
               29.1505E-06       -75.4695     
               31.8009E-06       -63.943      
               34.45E-06         -72.9967     
               37.1004E-06       -50.6607     
               39.7508E-06       -95.1513     
               42.4012E-06       -79.8314     
               45.0504E-06       -42.041      
               47.7007E-06      -117.492      
               50.3511E-06       -38.9683     
               53.0003E-06       -93.1163     
               55.6507E-06       -90.1692     
               58.3011E-06       -61.456      
               60.9502E-06       -99.9743     
               63.6001E-06       -76.403      
               66.2508E-06       -85.6333     
               68.9004E-06       -78.098      
               71.5512E-06       -93.9218     
               74.2008E-06       -76.0968     
               76.8503E-06       -86.4976     
               79.5011E-06       -94.9646     
               82.1507E-06       -69.8169     
               84.8003E-06      -100.904      
               87.451E-06        -84.3358     
               90.1006E-06       -86.5181     
               92.7502E-06       -97.9428     
               95.401E-06        -89.9471     
               98.0506E-06      -100.868      
              100.7E-06          -99.1387     
              103.351E-06       -104.962      
              106.E-06           -78.5767     
              108.65E-06         -90.1089     
              111.301E-06        -91.4383     
              113.95E-06         -87.7133     
              116.601E-06        -97.3074     
              119.251E-06        -92.7516     
              121.9E-06         -101.346      
              124.55E-06        -101.12       
              127.2E-06          -80.3134     
              129.85E-06         -90.2716     
              132.5E-06          -94.1601     
              135.15E-06         -98.6496     
              137.8E-06          -98.9946     
              140.45E-06        -102.435      
              143.101E-06        -76.1266     
              145.751E-06        -85.4488     
              148.4E-06          -88.4556     
              151.051E-06        -92.5426     
              153.701E-06        -65.4924     
              156.351E-06        -75.5014     
              159.001E-06        -86.8529     
              161.651E-06        -92.675      
              164.3E-06         -100.049      
              166.951E-06       -102.521      
              169.6E-06          -80.1019     
              172.251E-06        -85.2109     
              174.9E-06          -87.1279     
              177.551E-06        -93.4725     
              180.201E-06       -103.594      
              182.85E-06         -71.017      
              185.501E-06        -81.3537     
              188.151E-06        -82.6432     
              190.8E-06          -92.6458     
              193.451E-06       -102.897      
              196.1E-06          -75.7999     
              198.751E-06        -75.9155     
              201.401E-06        -83.2728     
              204.05E-06         -91.8381     
              206.701E-06        -98.5512     
              209.351E-06       -102.941      
              212.001E-06        -74.4946     
              214.65E-06         -86.0766     
              217.301E-06        -91.2665     
              219.951E-06       -100.63       
              222.6E-06         -104.926      
              225.251E-06        -93.0424     
              227.9E-06          -84.9206     
              230.551E-06        -90.8175     
              233.201E-06       -100.041      
              235.85E-06        -104.738      
              238.5E-06          -74.5537     
              241.151E-06        -82.0937     
              243.8E-06          -90.6504     
              246.45E-06         -93.5102     
              249.101E-06       -102.392      
              251.751E-06        -77.2373     
              254.4E-06          -88.1415     
              257.051E-06        -90.4539     
              259.701E-06        -96.3426     
              262.35E-06        -101.709      
              265.001E-06        -79.0821     
              267.651E-06        -90.2084     
              270.3E-06          -90.6278     
              272.951E-06        -98.6345     
              275.601E-06       -100.067      
              278.25E-06         -85.7707     
              280.9E-06          -92.899      
              283.551E-06       -102.282      
              286.201E-06       -105.927      
              288.85E-06        -109.327      
              291.501E-06        -89.8539     
              294.151E-06        -97.138      
              296.8E-06         -106.337      
              299.451E-06       -107.334      
              302.101E-06       -112.611      
              304.751E-06        -93.9056     
              307.401E-06        -95.3373     
              310.051E-06       -105.116      
              312.701E-06       -106.78       
              315.35E-06         -92.9095     
              318.E-06          -110.173      
              320.65E-06        -102.132      
              323.3E-06         -112.574      
              325.951E-06       -111.936      
              328.6E-06          -97.8277     
              331.25E-06        -105.625      
              333.9E-06         -111.952      
              336.551E-06       -114.099      
              339.201E-06       -105.1        
              341.851E-06       -106.045      
              344.501E-06       -113.252      
              347.15E-06        -109.368      
              349.8E-06         -115.006      
              352.45E-06        -101.271      
              355.1E-06         -103.493      
              357.75E-06        -106.717      
              360.4E-06         -119.49       
              363.051E-06       -119.545      
              365.701E-06       -123.362      
              368.351E-06       -111.299      
              371.001E-06       -112.021      
              373.651E-06       -124.848      
              376.301E-06        -86.0725     
              378.951E-06       -116.097      
              381.6E-06         -106.409      
              384.25E-06        -113.435      
              386.9E-06          -83.3487     
              389.55E-06        -114.103      
              392.2E-06         -122.602      
              394.85E-06        -120.777      
              397.501E-06       -127.298      
              400.151E-06       -106.277      
              402.801E-06       -123.717      
              405.451E-06       -132.471      
              408.101E-06       -100.496      
              410.751E-06       -120.915      
              413.401E-06       -123.302      
              416.051E-06       -130.359      
              418.7E-06         -121.13       
              421.35E-06        -130.83       
              424.E-06          -101.848      
              426.65E-06        -123.598      
              429.3E-06         -124.148      
              431.95E-06        -120.154      
              434.6E-06         -132.167      
              437.251E-06       -118.149      
              439.901E-06       -129.607      
              442.551E-06       -137.279      
              445.201E-06       -112.055      
              447.851E-06       -108.039      
              450.501E-06       -125.726      
              453.151E-06       -118.505      
              455.801E-06       -130.271      
              458.451E-06       -147.412      
              461.1E-06         -116.837      
              463.751E-06       -109.023      
              466.401E-06       -120.558      
              469.051E-06       -110.71       
              471.701E-06       -113.03       
              474.35E-06        -123.463      
              477.E-06           -97.3142     
              479.65E-06        -114.536      
              482.3E-06         -121.771      
              484.95E-06        -107.965      
              487.6E-06         -123.881      
              490.25E-06        -133.234      
              492.901E-06       -115.979      
              495.551E-06       -123.932      
              498.201E-06       -113.847      
              500.851E-06       -128.739      
              503.501E-06       -132.64       
              506.151E-06       -112.679      
              508.801E-06       -126.643      
              511.451E-06       -109.904      
              514.101E-06       -113.         
              516.75E-06        -128.951      
              519.4E-06         -112.299      
              522.05E-06        -133.739      
              524.7E-06         -138.598      
              527.35E-06        -109.307      
              530.E-06          -102.22       
              532.651E-06       -116.458      
              535.301E-06       -116.805      
              537.951E-06       -135.652      
              540.601E-06       -145.492      
              543.251E-06       -150.411      
              545.901E-06       -124.971      
              548.551E-06       -146.089      
              551.201E-06       -147.267      
              553.851E-06       -145.062      
              556.5E-06         -110.19       
              559.15E-06        -139.127      
              561.8E-06         -142.005      
              564.45E-06        -105.46       
              567.1E-06         -134.379      
              569.75E-06        -142.674      
              572.4E-06         -152.629      
              575.051E-06       -132.377      
              577.701E-06       -139.891      
              580.351E-06       -158.344      
              583.001E-06       -159.164      
              585.651E-06       -157.189      
              588.301E-06       -131.627      
              590.951E-06       -149.417      
              593.601E-06       -137.8        
              596.251E-06       -159.233      
              598.9E-06         -140.842      
              601.55E-06         -96.3388     
              604.2E-06         -104.717      
              606.85E-06        -144.904      
              609.5E-06         -143.341      
              612.15E-06        -160.671      
              614.801E-06        -93.344      
              617.451E-06       -113.682      
              620.101E-06       -101.857      
              622.751E-06       -114.335      
              625.401E-06        -74.5128     
              628.05E-06         -90.0874     
              630.701E-06       -110.067      
              633.35E-06         -88.7285     
              636.E-06           -84.07       
              638.65E-06         -99.388      
              641.3E-06         -113.475      
              643.951E-06       -138.73       
              646.6E-06         -148.652      
              649.25E-06        -159.87       
              651.901E-06       -168.485      
              654.55E-06        -178.101      
              657.201E-06        -88.6974     
              659.85E-06         -91.8102     
              662.501E-06       -121.242      
              665.15E-06        -149.488      
              667.8E-06         -162.929      
              670.451E-06       -168.319      
              673.1E-06         -175.569      
              675.751E-06       -118.831      
              678.4E-06          -70.5103     
              681.05E-06        -120.847      
              683.701E-06       -136.695      
              686.35E-06        -148.191      
              689.E-06          -164.101      
              691.651E-06       -163.717      
              694.3E-06         -134.524      
              696.95E-06        -146.306      
              699.6E-06         -104.436      
              702.25E-06         -92.13       
              704.901E-06       -118.833      
              707.55E-06        -132.088      
              710.201E-06       -152.031      
              712.851E-06       -161.443      
              715.5E-06          -71.8367     
              718.151E-06        -79.3289     
              720.8E-06         -122.341      
              723.45E-06        -131.657      
              726.101E-06       -138.962      
              728.75E-06         -56.9286     
              731.4E-06         -112.857      
              734.051E-06       -142.839      
              736.701E-06       -157.352      
              739.35E-06        -143.477      
              742.E-06           -66.6194     
              744.65E-06        -107.96       
              747.301E-06       -118.542      
              749.95E-06        -139.722      
              752.6E-06         -151.769      
              755.251E-06       -168.652      
              757.901E-06        -75.2205     
              760.55E-06         -61.8292     
              763.201E-06       -104.318      
              765.851E-06       -124.583      
              768.5E-06         -128.95       
              771.151E-06       -146.634      
              773.801E-06       -147.298      
              776.45E-06        -167.777      
              779.1E-06          -82.9661     
              781.751E-06       -113.552      
              784.4E-06         -134.743      
              787.051E-06       -129.064      
              789.701E-06       -142.132      
              792.35E-06        -162.366      
              795.E-06           -96.8746     
              797.651E-06        -63.5843     
              800.3E-06         -124.303      
              802.95E-06        -143.441      
              805.601E-06       -160.315      
              808.25E-06        -164.588      
              810.9E-06         -156.487      
              813.551E-06        -55.0935     
              816.2E-06         -102.304      
              818.85E-06        -127.513      
              821.501E-06       -139.281      
              824.15E-06        -154.211      
              826.8E-06         -150.417      
              829.451E-06       -165.057      
              832.1E-06         -164.36       
              834.75E-06        -122.035      
              837.401E-06       -131.71       
              840.051E-06        -70.9392     
              842.701E-06        -84.5969     
              845.35E-06        -108.838      
              848.001E-06       -146.001      
              850.651E-06       -152.567      
              853.3E-06         -157.696      
              855.951E-06       -171.849      
              858.601E-06       -176.917      
              861.25E-06        -161.082      
              863.901E-06        -80.5677     
              866.551E-06       -112.537      
              869.2E-06         -147.827      
              871.851E-06       -153.503      
              874.501E-06       -171.042      
              877.15E-06        -169.395      
              879.801E-06       -107.614      
              882.451E-06       -119.858      
              885.1E-06         -146.004      
              887.751E-06       -169.785      
              890.401E-06       -150.973      
              893.05E-06         -73.5463     
              895.701E-06        -92.9343     
              898.351E-06       -112.768      
              901.E-06          -137.618      
              903.651E-06       -162.574      
              906.301E-06        -73.8336     
              908.951E-06        -96.9466     
              911.6E-06         -128.115      
              914.251E-06       -113.817      
              916.901E-06       -145.936      
              919.55E-06        -164.852      
              922.201E-06       -147.862      
              924.851E-06       -167.772      
              927.5E-06         -121.048      
              930.15E-06        -124.664      
              932.801E-06       -143.624      
              935.45E-06        -161.533      
              938.1E-06         -163.95       
              940.751E-06       -151.324      
              943.4E-06         -150.542      
              946.05E-06        -164.435      
              948.701E-06       -142.189      
              951.35E-06        -140.914      
              954.E-06          -158.68       
              956.651E-06       -136.71       
              959.3E-06          -72.1604     
              961.951E-06       -106.008      
              964.601E-06       -127.051      
              967.25E-06        -136.803      
              969.901E-06       -135.885      
              972.55E-06        -115.524      
              975.2E-06         -113.447      
              977.85E-06        -133.654      
              980.501E-06       -135.605      
              983.151E-06       -120.614      
              985.8E-06         -102.656      
              988.451E-06       -105.301      
              991.1E-06         -124.48       
              993.751E-06        -75.9695     
              996.401E-06        -85.2322     
              999.05E-06        -101.551      
                1.0017E-03      -117.678      
                1.00435E-03     -123.725      
                1.007E-03        -95.5177     
                1.00965E-03     -109.209      
                1.0123E-03      -116.461      
                1.01495E-03     -123.185      
                1.0176E-03       -58.544      
                1.02025E-03      -88.2602     
                1.0229E-03      -101.779      
                1.02555E-03     -110.387      
                1.0282E-03      -103.048      
                1.03085E-03     -115.831      
                1.0335E-03       -75.3439     
                1.03615E-03      -82.3033     
                1.0388E-03       -96.6994     
                1.04145E-03     -116.823      
                1.0441E-03      -120.757      
                1.04675E-03     -126.785      
                1.0494E-03      -129.832      
                1.05205E-03     -115.561      
                1.0547E-03      -115.148      
                1.05735E-03      -97.3528     
                1.06E-03        -108.452      
                1.06265E-03     -115.657      
                1.0653E-03      -125.32       
                1.06795E-03     -111.858      
                1.0706E-03      -112.765      
                1.07325E-03      -88.6507     
                1.0759E-03      -100.392      
                1.07855E-03     -112.662      
                1.0812E-03      -130.747      
                1.08385E-03     -124.799      
                1.0865E-03      -127.239      
                1.08915E-03     -131.54       
                1.0918E-03      -119.726      
                1.09445E-03     -100.347      
                1.0971E-03      -120.774      
                1.09975E-03     -121.667      
                1.1024E-03      -130.797      
                1.10505E-03     -114.364      
                1.1077E-03      -105.694      
                1.11035E-03     -115.135      
                1.113E-03       -119.66       
                1.11565E-03     -130.101      
                1.1183E-03      -131.329      
                1.12095E-03     -125.034      
                1.1236E-03      -118.395      
                1.12625E-03     -136.445      
                1.1289E-03      -136.147      
                1.13155E-03     -142.028      
                1.1342E-03      -111.368      
                1.13685E-03      -78.7342     
                1.1395E-03       -98.5565     
                1.14215E-03      -95.9822     
                1.1448E-03      -106.897      
                1.14745E-03     -112.74       
                1.1501E-03      -113.241      
                1.15275E-03     -117.494      
                1.1554E-03      -120.614      
                1.15805E-03     -131.685      
                1.1607E-03      -131.124      
                1.16335E-03     -126.061      
                1.166E-03       -134.49       
                1.16865E-03     -102.786      
                1.1713E-03      -115.483      
                1.17395E-03     -101.128      
                1.1766E-03      -110.543      
                1.17925E-03     -121.76       
                1.1819E-03      -133.9        
                1.18455E-03     -126.768      
                1.1872E-03      -103.235      
                1.18985E-03     -113.002      
                1.1925E-03      -124.755      
                1.19515E-03     -135.09       
                1.1978E-03      -117.384      
                1.20045E-03     -121.647      
                1.2031E-03       -85.2016     
                1.20575E-03     -109.178      
                1.2084E-03      -126.525      
                1.21105E-03      -95.3784     
                1.2137E-03       -73.3313     
                1.21635E-03      -95.5833     
                1.219E-03       -103.308      
                1.22165E-03      -90.8485     
                1.2243E-03       -75.7886     
                1.22695E-03      -99.4688     
                1.2296E-03      -102.484      
                1.23225E-03     -111.114      
                1.2349E-03      -107.917      
                1.23755E-03      -77.2317     
                1.2402E-03       -72.731      
                1.24285E-03      -74.6323     
                1.2455E-03       -89.1484     
                1.24815E-03     -111.518      
                1.2508E-03      -117.181      
                1.25345E-03     -112.98       
                1.2561E-03      -117.336      
                1.25875E-03     -107.199      
                1.2614E-03       -75.5841     
                1.26405E-03      -45.4618     
                1.2667E-03       -92.8311     
                1.26935E-03      -95.263      
                1.272E-03        -83.6968     
                1.27465E-03      -87.6742     
                1.2773E-03       -96.8107     
                1.27995E-03      -96.786      
                1.2826E-03      -106.144      
                1.28525E-03     -111.585      
                1.2879E-03      -122.393      
                1.29055E-03     -126.069      
                1.2932E-03      -138.935      
                1.29585E-03     -105.142      
                1.2985E-03      -108.056      
                1.30115E-03     -121.265      
                1.3038E-03      -129.893      
                1.30645E-03     -139.089      
                1.3091E-03      -123.612      
                1.31175E-03     -111.779      
                1.3144E-03      -104.005      
                1.31705E-03     -108.836      
                1.3197E-03       -97.5829     
                1.32235E-03      -91.4796     
                1.325E-03       -113.23       
                1.32765E-03     -119.691      
                1.3303E-03      -116.058      
                1.33295E-03     -120.831      
                1.3356E-03      -101.864      
                1.33825E-03     -121.115      
                1.3409E-03      -122.479      
                1.34355E-03      -92.152      
                1.3462E-03       -94.3774     
                1.34885E-03     -105.532      
                1.3515E-03      -111.957      
                1.35415E-03     -123.066      
                1.3568E-03      -130.359      
                1.35945E-03     -122.337      
                1.3621E-03      -117.1        
                1.36475E-03     -120.854      
                1.3674E-03      -120.901      
                1.37005E-03     -128.826      
                1.3727E-03      -118.25       
                1.37535E-03     -100.173      
                1.378E-03        -86.6718     
                1.38065E-03      -90.0113     
                1.3833E-03      -105.016      
                1.38595E-03     -108.471      
                1.3886E-03      -118.115      
                1.39125E-03     -124.193      
                1.3939E-03       -97.2264     
                1.39655E-03     -101.467      
                1.3992E-03       -75.0296     
                1.40185E-03      -79.2205     
                1.4045E-03       -54.7121     
                1.40715E-03      -64.8707     
                1.4098E-03       -74.7592     
                1.41245E-03      -84.2411     
                1.4151E-03       -71.4764     
                1.41775E-03     -110.093      
                1.4204E-03       -72.7169     
                1.42305E-03      -72.0995     
                1.4257E-03      -106.878      
                1.42835E-03      -69.8157     
                1.431E-03        -82.9276     
                1.43365E-03      -92.74       
                1.4363E-03       -89.2178     
                1.43895E-03      -79.9338     
                1.4416E-03       -98.3472     
                1.44425E-03     -110.947      
                1.4469E-03       -99.7678     
                1.44955E-03     -101.491      
                1.4522E-03      -107.97       
                1.45485E-03     -105.084      
                1.4575E-03      -105.685      
                1.46015E-03     -110.633      
                1.4628E-03       -95.8392     
                1.46545E-03     -102.755      
                1.4681E-03      -117.117      
                1.47075E-03     -105.112      
                1.4734E-03      -104.476      
                1.47605E-03      -66.3981     
                1.4787E-03       -95.0834     
                1.48135E-03      -96.8597     
                1.484E-03       -110.         
                1.48665E-03     -101.661      
                1.4893E-03       -75.1118     
                1.49195E-03      -79.4565     
                1.4946E-03      -106.749      
                1.49725E-03     -104.014      
                1.4999E-03       -92.4548     
                1.50255E-03     -100.589      
                1.5052E-03      -107.088      
                1.50785E-03     -118.347      
                1.5105E-03       -83.235      
                1.51315E-03      -94.3615     
                1.5158E-03      -112.484      
                1.51845E-03     -111.534      
                1.5211E-03       -79.9756     
                1.52375E-03      -69.3235     
                1.5264E-03       -70.1732     
                1.52905E-03      -59.0599     
                1.5317E-03       -62.5503     
                1.53435E-03      -75.2657     
                1.537E-03        -79.1846     
                1.53965E-03      -83.0958     
                1.5423E-03      -101.014      
                1.54495E-03      -77.5497     
                1.5476E-03       -70.2443     
                1.55025E-03      -66.2299     
                1.5529E-03       -80.4696     
                1.55555E-03      -79.7133     
                1.5582E-03       -98.9301     
                1.56085E-03     -101.793      
                1.5635E-03       -93.5691     
                1.56615E-03      -93.9815     
                1.5688E-03      -102.888      
                1.57145E-03      -96.5307     
                1.5741E-03       -98.8068     
                1.57675E-03      -60.5397     
                1.5794E-03      -100.594      
                1.58205E-03     -105.472      
                1.5847E-03      -116.569      
                1.58735E-03     -130.37       
                1.59E-03        -127.806      
                1.59265E-03     -107.599      
                1.5953E-03      -124.642      
                1.59795E-03     -122.921      
                1.6006E-03      -117.635      
                1.60325E-03     -100.758      
                1.6059E-03      -106.238      
                1.60855E-03     -107.179      
                1.6112E-03      -131.358      
                1.61385E-03     -129.981      
                1.6165E-03       -81.0415     
                1.61915E-03     -103.452      
                1.6218E-03      -107.777      
                1.62445E-03      -93.2935     
                1.6271E-03       -91.2056     
                1.62975E-03      -99.9355     
                1.6324E-03      -112.486      
                1.63505E-03     -119.323      
                1.6377E-03      -116.856      
                1.64035E-03     -124.259      
                1.643E-03       -108.446      
                1.64565E-03      -90.1251     
                1.6483E-03      -110.095      
                1.65095E-03     -109.42       
                1.6536E-03      -109.191      
                1.65625E-03     -122.062      
                1.6589E-03      -124.206      
                1.66155E-03     -111.819      
                1.6642E-03      -121.776      
                1.66685E-03     -100.054      
                1.6695E-03       -91.3189     
                1.67215E-03     -107.982      
                1.6748E-03      -111.183      
                1.67745E-03     -100.609      
                1.6801E-03      -108.212      
                1.68275E-03      -82.3639     
                1.6854E-03      -106.697      
                1.68805E-03     -115.939      
                1.6907E-03      -114.477      
                1.69335E-03     -119.435      
                1.696E-03       -115.527      
                1.69865E-03     -110.699      
                1.7013E-03      -109.788      
                1.70395E-03     -104.527      
                1.7066E-03       -85.6562     
                1.70925E-03      -85.5531     
                1.7119E-03       -86.651      
                1.71455E-03      -93.9334     
                1.7172E-03      -103.081      
                1.71985E-03     -113.756      
                1.7225E-03      -115.342      
                1.72515E-03     -111.762      
                1.7278E-03      -106.62       
                1.73045E-03     -109.129      
                1.7331E-03      -105.582      
                1.73575E-03     -110.993      
                1.7384E-03      -100.832      
                1.74105E-03     -119.623      
                1.7437E-03      -125.118      
                1.74635E-03     -129.634      
                1.749E-03       -116.142      
                1.75165E-03     -117.962      
                1.7543E-03       -69.9544     
                1.75695E-03      -86.3879     
                1.7596E-03       -91.662      
                1.76225E-03     -107.026      
                1.7649E-03      -111.398      
                1.76755E-03      -92.1802     
                1.7702E-03      -106.918      
                1.77285E-03     -100.649      
                1.7755E-03      -114.574      
                1.77815E-03     -119.422      
                1.7808E-03       -98.1688     
                1.78345E-03      -83.6901     
                1.7861E-03       -76.6523     
                1.78875E-03      -77.6452     
                1.7914E-03       -65.315      
                1.79405E-03      -95.9156     
                1.7967E-03       -94.3817     
                1.79935E-03     -115.033      
                1.802E-03        -76.6611     
                1.80465E-03      -89.3288     
                1.8073E-03       -94.591      
                1.80995E-03     -104.614      
                1.8126E-03       -80.8628     
                1.81525E-03      -68.6863     
                1.8179E-03       -58.0783     
                1.82055E-03      -26.6183     
                1.8232E-03       -69.8754     
                1.82585E-03      -74.2512     
                1.8285E-03       -72.0023     
                1.83115E-03      -76.9018     
                1.8338E-03       -77.0275     
                1.83645E-03      -56.4688     
                1.8391E-03       -70.0757     
                1.84175E-03      -56.3182     
                1.8444E-03       -71.3177     
                1.84705E-03      -81.7571     
                1.8497E-03       -90.3921     
                1.85235E-03      -92.5028     
                1.855E-03        -92.6166     
                1.85765E-03      -93.6366     
                1.8603E-03       -83.649      
                1.86295E-03      -96.4471     
                1.8656E-03      -100.517      
                1.86825E-03      -92.4206     
                1.8709E-03       -94.5254     
                1.87355E-03     -105.07       
                1.8762E-03       -69.2345     
                1.87885E-03      -85.8269     
                1.8815E-03       -98.3783     
                1.88415E-03      -66.3817     
                1.8868E-03       -41.2584     
                1.88945E-03      -36.9128     
                1.8921E-03       -68.7602     
                1.89475E-03      -52.1626     
                1.8974E-03       -60.2886     
                1.90005E-03      -64.7505     
                1.9027E-03       -54.1781     
                1.90535E-03      -65.9595     
                1.908E-03        -96.622      
                1.91065E-03      -85.5121     
                1.9133E-03      -108.797      
                1.91595E-03     -100.899      
                1.9186E-03      -114.518      
                1.92125E-03      -92.8089     
                1.9239E-03      -102.597      
                1.92655E-03     -110.882      
                1.9292E-03      -116.381      
                1.93185E-03      -89.9888     
                1.9345E-03      -111.721      
                1.93715E-03     -117.466      
                1.9398E-03      -130.872      
                1.94245E-03     -117.009      
                1.9451E-03      -105.786      
                1.94775E-03     -124.259      
                1.9504E-03      -124.455      
                1.95305E-03      -91.5345     
                1.9557E-03       -97.3236     
                1.95835E-03     -117.152      
                1.961E-03       -126.171      
                1.96365E-03     -134.317      
                1.9663E-03      -128.601      
                1.96895E-03     -114.982      
                1.9716E-03      -125.761      
                1.97425E-03     -139.377      
                1.9769E-03      -128.558      
                1.97955E-03     -132.955      
                1.9822E-03      -137.492      
                1.98485E-03     -129.989      
                1.9875E-03       -87.4286     
                1.99015E-03      -89.3275     
                1.9928E-03      -107.032      
                1.99545E-03     -135.101      
                1.9981E-03      -142.49       
                2.00075E-03      -75.7106     
                2.0034E-03      -107.644      
                2.00605E-03     -119.581      
                2.0087E-03      -137.199      
                2.01135E-03     -147.854      
                2.014E-03       -110.094      
                2.01665E-03     -118.139      
                2.0193E-03      -109.194      
                2.02195E-03     -129.43       
                2.0246E-03      -101.824      
                2.02725E-03     -128.462      
                2.0299E-03      -144.447      
                2.03255E-03     -133.399      
                2.0352E-03      -110.859      
                2.03785E-03     -106.508      
                2.0405E-03      -127.767      
                2.04315E-03     -144.377      
                2.0458E-03      -152.661      
                2.04845E-03      -94.2732     
                2.0511E-03       -50.1395     
                2.05375E-03      -57.6628     
                2.0564E-03      -105.302      
                2.05905E-03     -118.178      
                2.0617E-03      -133.691      
                2.06435E-03     -134.943      
                2.067E-03       -104.468      
                2.06965E-03     -120.813      
                2.0723E-03      -147.159      
                2.07495E-03     -156.931      
                2.0776E-03      -144.199      
                2.08025E-03      -60.8994     
                2.0829E-03       -98.9631     
                2.08555E-03     -129.146      
                2.0882E-03      -150.037      
                2.09085E-03     -152.143      
                2.0935E-03      -166.074      
                2.09615E-03     -177.63       
                2.0988E-03      -123.38       
                2.10145E-03     -143.285      
                2.1041E-03      -160.329      
                2.10675E-03     -154.768      
                2.1094E-03      -156.574      
                2.11205E-03     -166.53       
                2.1147E-03       -60.8106     
                2.11735E-03     -122.309      
                2.12E-03        -145.297      
                2.12265E-03     -159.649      
                2.1253E-03       -77.5        
                2.12795E-03     -117.929      
                2.1306E-03      -136.01       
                2.13325E-03      -86.0786     
                2.1359E-03      -116.879      
                2.13855E-03     -104.229      
                2.1412E-03      -142.583      
                2.14385E-03     -154.505      
                2.1465E-03      -164.914      
                2.14915E-03      -51.1885     
                2.1518E-03      -105.329      
                2.15445E-03     -132.218      
                2.1571E-03      -151.878      
                2.15975E-03     -152.577      
                2.1624E-03      -162.861      
                2.16505E-03     -163.503      
                2.1677E-03      -166.708      
                2.17035E-03      -52.0727     
                2.173E-03        -51.1148     
                2.17565E-03      -91.0363     
                2.1783E-03      -140.61       
                2.18095E-03     -153.587      
                2.1836E-03      -163.58       
                2.18625E-03      -89.4716     
                2.1889E-03      -110.702      
                2.19155E-03     -138.636      
                2.1942E-03      -162.201      
                2.19685E-03      -72.6332     
                2.1995E-03       -96.1576     
                2.20215E-03     -152.984      
                2.2048E-03      -153.72       
                2.20745E-03     -183.384      
                2.2101E-03       -75.2683     
                2.21275E-03     -127.774      
                2.2154E-03      -142.8        
                2.21805E-03     -184.171      
                2.2207E-03      -129.788      
                2.22335E-03     -133.53       
                2.226E-03       -160.304      
                2.22865E-03      -84.332      
                2.2313E-03      -141.333      
                2.23395E-03     -162.828      
                2.2366E-03      -171.992      
                2.23925E-03     -169.103      
                2.2419E-03      -179.975      
                2.24455E-03      -41.2032     
                2.2472E-03       -86.6126     
                2.24985E-03     -122.842      
                2.2525E-03      -129.981      
                2.25515E-03     -168.564      
                2.2578E-03       -85.3783     
                2.26045E-03     -116.622      
                2.2631E-03       -71.378      
                2.26575E-03     -109.88       
                2.2684E-03      -109.009      
                2.27105E-03     -100.84       
                2.2737E-03       -76.3599     
                2.27635E-03     -128.374      
                2.279E-03        -73.6845     
                2.28165E-03     -112.369      
                2.2843E-03      -124.749      
                2.28695E-03     -147.339      
                2.2896E-03      -100.671      
                2.29225E-03     -121.9        
                2.2949E-03      -140.428      
                2.29755E-03     -167.919      
                2.3002E-03      -107.412      
                2.30285E-03     -128.978      
                2.3055E-03      -149.012      
                2.30815E-03     -154.015      
                2.3108E-03      -120.298      
                2.31345E-03      -73.4721     
                2.3161E-03       -95.0156     
                2.31875E-03     -124.399      
                2.3214E-03      -122.776      
                2.32405E-03      -73.5103     
                2.3267E-03       -83.8349     
                2.32935E-03      -68.6359     
                2.332E-03        -48.5363     
                2.33465E-03      -92.8678     
                2.3373E-03      -117.71       
                2.33995E-03     -124.516      
                2.3426E-03       -66.8371     
                2.34525E-03     -112.955      
                2.3479E-03       -34.6127     
                2.35055E-03      -82.6161     
                2.3532E-03      -113.869      
                2.35585E-03     -128.872      
                2.3585E-03      -115.508      
                2.36115E-03      -97.4974     
                2.3638E-03       -77.1482     
                2.36645E-03      -68.0016     
                2.3691E-03      -102.059      
                2.37175E-03     -104.374      
                2.3744E-03       -63.1383     
                2.37705E-03      -83.9918     
                2.3797E-03      -116.4        
                2.38235E-03      -43.2295     
                2.385E-03        -67.0124     
                2.38765E-03      -72.7556     
                2.3903E-03      -111.934      
                2.39295E-03     -124.259      
                2.3956E-03       -94.6338     
                2.39825E-03      -73.9556     
                2.4009E-03      -112.137      
                2.40355E-03     -121.019      
                2.4062E-03      -118.387      
                2.40885E-03     -117.18       
                2.4115E-03      -117.358      
                2.41415E-03     -131.295      
                2.4168E-03      -136.203      
                2.41945E-03      -55.5229     
                2.4221E-03       -69.8554     
                2.42475E-03      -95.6725     
                2.4274E-03      -108.129      
                2.43005E-03     -114.449      
                2.4327E-03      -110.005      
                2.43535E-03     -117.587      
                2.438E-03       -126.409      
                2.44065E-03     -111.132      
                2.4433E-03       -63.2554     
                2.44595E-03      -71.9298     
                2.4486E-03       -94.051      
                2.45125E-03      -62.7208     
                2.4539E-03       -95.424      
                2.45655E-03      -43.547      
                2.4592E-03       -96.9825     
                2.46185E-03     -121.135      
                2.4645E-03      -106.911      
                2.46715E-03     -103.663      
                2.4698E-03       -95.624      
                2.47245E-03      -99.1222     
                2.4751E-03      -113.901      
                2.47775E-03     -114.776      
                2.4804E-03      -125.861      
                2.48305E-03     -134.851      
                2.4857E-03       -97.4132     
                2.48835E-03     -103.47       
                2.491E-03       -130.792      
                2.49365E-03     -118.248      
                2.4963E-03      -121.917      
                2.49895E-03     -130.066      
                2.5016E-03      -136.12       
                2.50425E-03     -118.307      
                2.5069E-03      -115.08       
                2.50955E-03      -94.8087     
                2.5122E-03      -112.019      
                2.51485E-03     -111.384      
                2.5175E-03      -126.742      
                2.52015E-03     -119.612      
                2.5228E-03      -129.277      
                2.52545E-03     -103.035      
                2.5281E-03      -115.847      
                2.53075E-03     -124.625      
                2.5334E-03      -125.357      
                2.53605E-03     -127.27       
                2.5387E-03      -120.905      
                2.54135E-03     -130.927      
                2.544E-03       -122.947      
                2.54665E-03     -125.911      
                2.5493E-03      -125.809      
                2.55195E-03     -114.779      
                2.5546E-03      -127.217      
                2.55725E-03     -117.033      
                2.5599E-03      -120.795      
                2.56255E-03     -119.42       
                2.5652E-03      -118.556      
                2.56785E-03      -85.8015     
                2.5705E-03       -97.232      
                2.57315E-03      -77.2257     
                2.5758E-03       -80.081      
                2.57845E-03      -97.2799     
                2.5811E-03       -64.0442     
                2.58375E-03      -84.9822     
                2.5864E-03       -49.8055     
                2.58905E-03      -69.2389     
                2.5917E-03       -84.0147     
                2.59435E-03      -91.6808     
                2.597E-03        -65.9936     
                2.59965E-03      -96.7908     
                2.6023E-03       -82.3483     
                2.60495E-03     -106.9        
                2.6076E-03      -104.66       
                2.61025E-03     -115.148      
                2.6129E-03       -78.3329     
                2.61555E-03      -83.7074     
                2.6182E-03      -115.331      
                2.62085E-03     -129.785      
                2.6235E-03      -136.458      
                2.62615E-03      -86.555      
                2.6288E-03      -102.578      
                2.63145E-03     -122.511      
                2.6341E-03      -138.67       
                2.63675E-03     -118.685      
                2.6394E-03      -124.363      
                2.64205E-03     -133.636      
                2.6447E-03      -125.656      
                2.64735E-03     -123.233      
                2.65E-03        -137.229      
                2.65265E-03     -106.018      
                2.6553E-03      -102.94       
                2.65795E-03     -100.445      
                2.6606E-03      -102.514      
                2.66325E-03      -86.7877     
                2.6659E-03      -123.084      
                2.66855E-03      -98.1299     
                2.6712E-03       -96.1471     
                2.67385E-03      -90.7577     
                2.6765E-03      -106.885      
                2.67915E-03     -122.326      
                2.6818E-03      -136.38       
                2.68445E-03     -146.454      
                2.6871E-03      -104.16       
                2.68975E-03     -106.47       
                2.6924E-03      -119.935      
                2.69505E-03     -141.877      
                2.6977E-03      -110.521      
                2.70035E-03      -95.6151     
                2.703E-03       -113.855      
                2.70565E-03     -129.685      
                2.7083E-03      -139.966      
                2.71095E-03     -144.216      
                2.7136E-03      -103.284      
                2.71625E-03     -109.874      
                2.7189E-03      -128.457      
                2.72155E-03     -133.572      
                2.7242E-03      -101.769      
                2.72685E-03      -92.8138     
                2.7295E-03      -108.023      
                2.73215E-03     -122.422      
                2.7348E-03       -68.2314     
                2.73745E-03      -92.1237     
                2.7401E-03      -105.253      
                2.74275E-03      -74.3258     
                2.7454E-03       -71.4165     
                2.74805E-03      -99.1926     
                2.7507E-03       -86.4228     
                2.75335E-03      -88.792      
                2.756E-03        -54.3797     
                2.75865E-03      -62.9665     
                2.7613E-03       -73.2464     
                2.76395E-03      -76.52       
                2.7666E-03       -26.3956     
                2.76925E-03      -58.2139     
                2.7719E-03       -54.2517     
                2.77455E-03      -65.5257     
                2.7772E-03       -88.4219     
                2.77985E-03      -90.5707     
                2.7825E-03       -58.5872     
                2.78515E-03      -95.3073     
                2.7878E-03       -83.4628     
                2.79045E-03     -111.924      
                2.7931E-03       -90.4634     
                2.79575E-03      -82.7405     
                2.7984E-03       -80.5351     
                2.80105E-03      -97.6768     
                2.8037E-03      -107.248      
                2.80635E-03     -114.486      
                2.809E-03       -120.46       
                2.81165E-03     -113.891      
                2.8143E-03      -112.995      
                2.81695E-03     -129.859      
                2.8196E-03      -134.947      
                2.82225E-03     -108.341      
                2.8249E-03      -120.507      
                2.82755E-03     -131.54       
                2.8302E-03      -143.556      
                2.83285E-03     -116.044      
                2.8355E-03      -116.572      
                2.83815E-03     -136.993      
                2.8408E-03      -153.853      
                2.84345E-03     -117.812      
                2.8461E-03      -109.006      
                2.84875E-03     -124.827      
                2.8514E-03      -131.913      
                2.85405E-03     -134.773      
                2.8567E-03       -96.2252     
                2.85935E-03     -123.933      
                2.862E-03       -122.159      
                2.86465E-03     -121.541      
                2.8673E-03      -121.246      
                2.86995E-03      -97.6059     
                2.8726E-03      -109.067      
                2.87525E-03     -130.136      
                2.8779E-03      -106.225      
                2.88055E-03      -66.1691     
                2.8832E-03       -61.7447     
                2.88585E-03      -80.554      
                2.8885E-03      -103.486      
                2.89115E-03     -111.939      
                2.8938E-03       -74.2101     
                2.89645E-03      -58.1142     
                2.8991E-03       -76.9112     
                2.90175E-03      -86.5946     
                2.9044E-03       -79.0824     
                2.90705E-03      -58.338      
                2.9097E-03       -61.8975     
                2.91235E-03      -77.0617     
                2.915E-03        -71.1807     
                2.91765E-03      -87.491      
                2.9203E-03       -49.8167     
                2.92295E-03      -70.9315     
                2.9256E-03       -64.4008     
                2.92825E-03      -86.0549     
                2.9309E-03       -95.9853     
                2.93355E-03      -76.0333     
                2.9362E-03       -90.274      
                2.93885E-03      -79.6119     
                2.9415E-03      -111.576      
                2.94415E-03     -112.42       
                2.9468E-03       -80.2381     
                2.94945E-03      -81.4199     
                2.9521E-03       -86.7861     
                2.95475E-03      -80.4535     
                2.9574E-03       -87.4475     
                2.96005E-03     -110.708      
                2.9627E-03       -91.9327     
                2.96535E-03      -90.479      
                2.968E-03        -90.3302     
                2.97065E-03      -82.7601     
                2.9733E-03       -81.0293     
                2.97595E-03      -65.8112     
                2.9786E-03       -83.1946     
                2.98125E-03     -102.823      
                2.9839E-03       -94.3533     
                2.98655E-03      -98.2088     
                2.9892E-03      -107.369      
                2.99185E-03      -97.9915     
                2.9945E-03       -81.516      
                2.99715E-03     -100.349      
                2.9998E-03      -102.419      
                3.00245E-03     -119.451      
                3.0051E-03       -89.3739     
                3.00775E-03      -95.0166     
                3.0104E-03       -66.448      
                3.01305E-03      -80.4635     
                3.0157E-03       -94.8796     
                3.01835E-03     -104.359      
                3.021E-03       -101.395      
                3.02365E-03     -124.248      
                3.0263E-03      -131.179      
                3.02895E-03      -96.6984     
                3.0316E-03      -124.783      
                3.03425E-03     -111.818      
                3.0369E-03      -139.519      
                3.03955E-03     -130.192      
                3.0422E-03      -137.952      
                3.04485E-03     -111.524      
                3.0475E-03       -82.3157     
                3.05015E-03     -124.497      
                3.0528E-03      -116.014      
                3.05545E-03     -125.152      
                3.0581E-03      -104.554      
                3.06075E-03     -108.894      
                3.0634E-03      -111.061      
                3.06605E-03     -124.178      
                3.0687E-03       -94.6702     
                3.07135E-03      -96.287      
                3.074E-03       -108.186      
                3.07665E-03      -70.4905     
                3.0793E-03       -86.9149     
                3.08195E-03      -80.9797     
                3.0846E-03       -60.0408     
                3.08725E-03      -89.1261     
                3.0899E-03      -105.299      
                3.09255E-03     -109.581      
                3.0952E-03       -80.8794     
                3.09785E-03      -89.3413     
                3.1005E-03      -100.006      
                3.10315E-03     -118.067      
                3.1058E-03       -79.4979     
                3.10845E-03      -84.28       
                3.1111E-03       -79.8909     
                3.11375E-03      -72.6226     
                3.1164E-03       -99.3783     
                3.11905E-03     -108.224      
                3.1217E-03       -97.5665     
                3.12435E-03      -97.3694     
                3.127E-03       -113.762      
                3.12965E-03      -96.6942     
                3.1323E-03       -99.9104     
                3.13495E-03     -110.243      
                3.1376E-03      -119.273      
                3.14025E-03      -91.1047     
                3.1429E-03      -113.143      
                3.14555E-03      -92.0074     
                3.1482E-03      -111.184      
                3.15085E-03     -113.833      
                3.1535E-03      -111.507      
                3.15615E-03      -98.7714     
                3.1588E-03      -115.65       
                3.16145E-03     -111.724      
                3.1641E-03      -112.626      
                3.16675E-03     -102.127      
                3.1694E-03       -81.6438     
                3.17205E-03     -105.069      
                3.1747E-03      -113.46       
                3.17735E-03     -108.928      
                3.18E-03         -99.7914     
                3.18265E-03     -115.773      
                3.1853E-03      -117.034      
                3.18795E-03     -125.174      
                3.1906E-03      -119.476      
                3.19325E-03     -123.632      
                3.1959E-03      -123.596      
                3.19855E-03     -113.183      
                3.2012E-03      -108.078      
                3.20385E-03     -112.039      
                3.2065E-03       -79.9027     
                3.20915E-03      -93.1386     
                3.2118E-03       -82.6368     
                3.21445E-03      -93.7133     
                3.2171E-03      -100.586      
                3.21975E-03     -108.756      
                3.2224E-03      -112.685      
                3.22505E-03     -114.057      
                3.2277E-03       -91.4341     
                3.23035E-03      -86.7476     
                3.233E-03        -95.2952     
                3.23565E-03      -69.9301     
                3.2383E-03       -74.0058     
                3.24095E-03      -86.2888     
                3.2436E-03       -99.6528     
                3.24625E-03      -46.5951     
                3.2489E-03       -83.8408     
                3.25155E-03     -104.558      
                3.2542E-03       -60.2025     
                3.25685E-03      -92.9515     
                3.2595E-03      -105.646      
                3.26215E-03     -114.18       
                3.2648E-03      -120.686      
                3.26745E-03      -75.9243     
                3.2701E-03      -105.166      
                3.27275E-03     -113.493      
                3.2754E-03      -124.646      
                3.27805E-03      -79.2152     
                3.2807E-03      -102.372      
                3.28335E-03     -118.918      
                3.286E-03       -101.213      
                3.28865E-03     -128.216      
                3.2913E-03       -74.0232     
                3.29395E-03      -85.6462     
                3.2966E-03      -113.509      
                3.29925E-03      -93.488      
                3.3019E-03      -126.693      
                3.30455E-03      -74.314      
                3.3072E-03       -72.5677     
                3.30985E-03      -67.8832     
                3.3125E-03       -97.5285     
                3.31515E-03      -72.5561     
                3.3178E-03       -79.6199     
                3.32045E-03     -107.074      
                3.3231E-03      -101.011      
                3.32575E-03      -90.2636     
                3.3284E-03      -111.398      
                3.33105E-03     -107.199      
                3.3337E-03       -44.3544     
                3.33635E-03      -45.975      
                3.339E-03        -44.8563     
                3.34165E-03      -44.0179     
                3.3443E-03       -57.1        
                3.34695E-03      -52.2055     
                3.3496E-03       -71.7194     
                3.35225E-03      -79.082      
                3.3549E-03       -65.4397     
                3.35755E-03      -62.8718     
                3.3602E-03       -65.2664     
                3.36285E-03      -70.4676     
                3.3655E-03       -61.4325     
                3.36815E-03      -76.8891     
                3.3708E-03       -68.3353     
                3.37345E-03      -67.9522     
                3.3761E-03       -73.3261     
                3.37875E-03      -87.2027     
                3.3814E-03       -94.1449     
                3.38405E-03      -94.7315     
                3.3867E-03       -84.3138     
                3.38935E-03      -89.1753     
                3.392E-03        -77.4048     
                3.39465E-03      -94.3682     
                3.3973E-03       -68.7357     
                3.39995E-03      -86.108      
                3.4026E-03       -96.9287     
                3.40525E-03      -90.507      
                3.4079E-03       -70.0761     
                3.41055E-03      -72.8181     
                3.4132E-03       -97.1258     
                3.41585E-03      -98.0674     
                3.4185E-03       -93.8838     
                3.42115E-03     -103.361      
                3.4238E-03      -107.141      
                3.42645E-03     -113.775      
                3.4291E-03       -92.8207     
                3.43175E-03      -87.6242     
                3.4344E-03      -106.742      
                3.43705E-03     -113.93       
                3.4397E-03       -76.3391     
                3.44235E-03      -86.523      
                3.445E-03       -105.669      
                3.44765E-03     -112.695      
                3.4503E-03      -135.314      
                3.45295E-03     -127.017      
                3.4556E-03      -138.846      
                3.45825E-03     -121.001      
                3.4609E-03      -122.983      
                3.46355E-03      -99.0637     
                3.4662E-03       -94.5285     
                3.46885E-03     -118.951      
                3.4715E-03      -101.561      
                3.47415E-03     -118.912      
                3.4768E-03      -120.039      
                3.47945E-03     -116.002      
                3.4821E-03      -126.373      
                3.48475E-03     -128.474      
                3.4874E-03      -141.665      
                3.49005E-03     -140.123      
                3.4927E-03      -142.174      
                3.49535E-03     -149.576      
                3.498E-03       -120.252      
                3.50065E-03     -121.598      
                3.5033E-03      -133.412      
                3.50595E-03     -123.901      
                3.5086E-03       -79.3834     
                3.51125E-03     -105.203      
                3.5139E-03      -121.209      
                3.51655E-03     -106.523      
                3.5192E-03      -106.137      
                3.52185E-03     -113.01       
                3.5245E-03      -116.732      
                3.52715E-03     -111.543      
                3.5298E-03      -129.703      
                3.53245E-03     -104.456      
                3.5351E-03      -118.648      
                3.53775E-03     -125.344      
                3.5404E-03      -132.813      
                3.54305E-03      -78.7946     
                3.5457E-03      -117.511      
                3.54835E-03     -132.897      
                3.551E-03       -144.333      
                3.55365E-03     -110.772      
                3.5563E-03       -96.2887     
                3.55895E-03     -126.773      
                3.5616E-03      -115.88       
                3.56425E-03     -139.492      
                3.5669E-03      -144.88       
                3.56955E-03      -96.7367     
                3.5722E-03      -104.263      
                3.57485E-03      -97.6544     
                3.5775E-03      -128.654      
                3.58015E-03     -142.761      
                3.5828E-03      -135.991      
                3.58545E-03      -50.6876     
                3.5881E-03       -75.5156     
                3.59075E-03     -118.866      
                3.5934E-03      -135.282      
                3.59605E-03     -132.288      
                3.5987E-03      -142.951      
                3.60135E-03      -83.8065     
                3.604E-03       -110.436      
                3.60665E-03     -127.842      
                3.6093E-03      -136.315      
                3.61195E-03     -144.337      
                3.6146E-03       -63.7146     
                3.61725E-03      -89.4351     
                3.6199E-03      -108.213      
                3.62255E-03     -112.705      
                3.6252E-03      -126.642      
                3.62785E-03      -64.3184     
                3.6305E-03       -54.8026     
                3.63315E-03     -105.454      
                3.6358E-03       -76.9399     
                3.63845E-03      -93.7234     
                3.6411E-03      -104.547      
                3.64375E-03     -110.886      
                3.6464E-03      -128.956      
                3.64905E-03      -74.692      
                3.6517E-03       -39.0711     
                3.65435E-03      -85.5925     
                3.657E-03       -106.842      
                3.65965E-03      -97.2781     
                3.6623E-03       -94.7187     
                3.66495E-03      -71.6247     
                3.6676E-03       -88.8962     
                3.67025E-03     -105.813      
                3.6729E-03      -100.919      
                3.67555E-03     -106.825      
                3.6782E-03      -108.579      
                3.68085E-03      -99.6223     
                3.6835E-03      -114.991      
                3.68615E-03     -100.621      
                3.6888E-03      -106.425      
                3.69145E-03      -85.9543     
                3.6941E-03       -83.1047     
                3.69675E-03      -83.4956     
                3.6994E-03       -80.0251     
                3.70205E-03     -102.666      
                3.7047E-03      -110.037      
                3.70735E-03     -101.974      
                3.71E-03         -91.1784     
                3.71265E-03      -90.4469     
                3.7153E-03       -71.0675     
                3.71795E-03      -80.8675     
                3.7206E-03       -74.2806     
                3.72325E-03      -99.4874     
                3.7259E-03      -101.219      
                3.72855E-03      -79.7241     
                3.7312E-03       -95.992      
                3.73385E-03      -93.4977     
                3.7365E-03       -68.2095     
                3.73915E-03     -101.41       
                3.7418E-03       -96.153      
                3.74445E-03     -102.062      
                3.7471E-03      -102.202      
                3.74975E-03     -109.269      
                3.7524E-03      -114.452      
                3.75505E-03      -73.9519     
                3.7577E-03      -109.856      
                3.76035E-03     -113.068      
                3.763E-03       -121.548      
                3.76565E-03     -132.901      
                3.7683E-03       -84.3552     
                3.77095E-03     -126.507      
                3.7736E-03      -129.432      
                3.77625E-03      -58.899      
                3.7789E-03       -94.7499     
                3.78155E-03      -87.3131     
                3.7842E-03      -103.21       
                3.78685E-03      -95.8664     
                3.7895E-03       -74.4157     
                3.79215E-03      -90.8379     
                3.7948E-03      -102.309      
                3.79745E-03     -111.996      
                3.8001E-03      -111.711      
                3.80275E-03     -109.355      
                3.8054E-03       -91.5574     
                3.80805E-03      -91.4681     
                3.8107E-03       -77.2073     
                3.81335E-03     -101.318      
                3.816E-03        -82.0508     
                3.81865E-03      -96.4899     
                3.8213E-03      -108.336      
                3.82395E-03      -97.8297     
                3.8266E-03      -104.459      
                3.82925E-03      -85.9062     
                3.8319E-03       -87.8989     
                3.83455E-03     -111.223      
                3.8372E-03      -101.744      
                3.83985E-03      -78.8443     
                3.8425E-03       -90.1008     
                3.84515E-03     -103.27       
                3.8478E-03      -112.855      
                3.85045E-03      -60.385      
                3.8531E-03       -73.7939     
                3.85575E-03      -88.944      
                3.8584E-03      -103.292      
                3.86105E-03     -108.444      
                3.8637E-03       -88.2532     
                3.86635E-03     -109.364      
                3.869E-03        -76.7301     
                3.87165E-03      -74.8369     
                3.8743E-03       -93.6459     
                3.87695E-03      -97.2048     
                3.8796E-03      -111.675      
                3.88225E-03      -41.2604     
                3.8849E-03       -35.1696     
                3.88755E-03      -79.9493     
                3.8902E-03      -107.231      
                3.89285E-03      -72.1661     
                3.8955E-03       -71.4628     
                3.89815E-03      -73.8101     
                3.9008E-03       -98.1194     
                3.90345E-03     -109.542      
                3.9061E-03      -112.652      
                3.90875E-03      -79.4776     
                3.9114E-03       -82.621      
                3.91405E-03      -82.6767     
                3.9167E-03       -73.705      
                3.91935E-03     -103.71       
                3.922E-03        -77.4958     
                3.92465E-03      -60.6455     
                3.9273E-03       -90.8758     
                3.92995E-03      -92.7199     
                3.9326E-03       -80.1052     
                3.93525E-03     -107.339      
                3.9379E-03       -87.1737     
                3.94055E-03     -104.656      
                3.9432E-03       -93.8693     
                3.94585E-03     -106.577      
                3.9485E-03       -96.2925     
                3.95115E-03      -77.3824     
                3.9538E-03       -98.529      
                3.95645E-03      -98.1619     
                3.9591E-03      -105.326      
                3.96175E-03     -102.042      
                3.9644E-03      -103.536      
                3.96705E-03      -98.2        
                3.9697E-03      -103.249      
                3.97235E-03     -107.017      
                3.975E-03        -85.413      
                3.97765E-03      -92.1479     
                3.9803E-03      -111.414      
                3.98295E-03      -86.7261     
                3.9856E-03      -113.005      
                3.98825E-03      -96.5466     
                3.9909E-03       -85.7309     
                3.99355E-03      -93.9376     
                3.9962E-03      -102.85       
                3.99885E-03      -65.1809     
                4.0015E-03       -67.6116     
                4.00415E-03      -80.9139     
                4.0068E-03       -62.4302     
                4.00945E-03     -101.764      
                4.0121E-03       -74.134      
                4.01475E-03      -82.3556     
                4.0174E-03       -91.6409     
                4.02005E-03      -80.0151     
                4.0227E-03       -86.4167     
                4.02535E-03      -89.4008     
                4.028E-03        -98.1208     
                4.03065E-03      -88.4398     
                4.0333E-03      -101.374      
                4.03595E-03      -66.8797     
                4.0386E-03       -70.4125     
                4.04125E-03      -73.1413     
                4.0439E-03       -85.3927     
                4.04655E-03      -53.1064     
                4.0492E-03       -74.3514     
                4.05185E-03      -91.3665     
                4.0545E-03       -76.4582     
                4.05715E-03      -87.4497     
                4.0598E-03       -83.0415     
                4.06245E-03      -92.1396     
                4.0651E-03       -98.1385     
                4.06775E-03      -73.3421     
                4.0704E-03       -60.3301     
                4.07305E-03      -92.1749     
                4.0757E-03      -100.27       
                4.07835E-03      -49.1119     
                4.081E-03        -77.5718     
                4.08365E-03      -72.6728     
                4.0863E-03       -64.7769     
                4.08895E-03      -64.6192     
                4.0916E-03       -86.9107     
                4.09425E-03      -98.1705     
                4.0969E-03       -61.0494     
                4.09955E-03      -66.3724     
                4.1022E-03       -67.5957     
                4.10485E-03      -66.3693     
                4.1075E-03       -80.043      
                4.11015E-03     -104.725      
                4.1128E-03      -106.765      
                4.11545E-03      -91.6594     
                4.1181E-03       -71.1046     
                4.12075E-03      -86.2957     
                4.1234E-03      -110.165      
                4.12605E-03     -127.029      
                4.1287E-03       -82.0595     
                4.13135E-03      -78.4397     
                4.134E-03       -105.417      
                4.13665E-03     -112.762      
                4.1393E-03      -118.213      
                4.14195E-03     -106.816      
                4.1446E-03       -84.9983     
                4.14725E-03      -61.5867     
                4.1499E-03       -83.6009     
                4.15255E-03      -92.4742     
                4.1552E-03       -97.4224     
                4.15785E-03      -89.0851     
                4.1605E-03       -95.1462     
                4.16315E-03     -106.556      
                4.1658E-03       -93.6239     
                4.16845E-03     -121.934      
                4.1711E-03      -113.499      
                4.17375E-03      -84.0919     
                4.1764E-03      -108.423      
                4.17905E-03     -117.12       
                4.1817E-03      -127.426      
                4.18435E-03      -73.6233     
                4.187E-03        -57.7121     
                4.18965E-03      -56.7938     
                4.1923E-03       -76.9535     
                4.19495E-03      -67.1297     
                4.1976E-03       -87.317      
                4.20025E-03      -95.0066     
                4.2029E-03       -60.209      
                4.20555E-03      -56.0546     
                4.2082E-03       -54.4213     
                4.21085E-03      -54.0445     
                4.2135E-03       -75.3226     
                4.21615E-03      -55.0962     
                4.2188E-03       -85.7678     
                4.22145E-03      -61.0843     
                4.2241E-03       -58.3621     
                4.22675E-03      -64.2365     
                4.2294E-03       -77.9807     
                4.23205E-03      -80.7133     
                4.2347E-03       -83.3989     
                4.23735E-03      -59.103      
                4.24E-03         -83.0955     
                4.24265E-03      -73.1716     
                4.2453E-03       -58.6715     
                4.24795E-03      -56.5038     
                4.2506E-03       -46.8629     
                4.25325E-03      -72.5653     
                4.2559E-03       -79.0937     
                4.25855E-03      -85.7429     
                4.2612E-03       -65.2569     
                4.26385E-03      -73.4561     
                4.2665E-03       -66.0658     
                4.26915E-03      -74.0976     
                4.2718E-03       -44.5606     
                4.27445E-03      -64.7831     
                4.2771E-03       -87.8519     
                4.27975E-03      -80.7507     
                4.2824E-03       -87.0848     
                4.28505E-03      -91.7421     
                4.2877E-03       -91.7869     
                4.29035E-03     -108.039      
                4.293E-03        -97.7035     
                4.29565E-03      -94.784      
                4.2983E-03       -88.8209     
                4.30095E-03      -89.3414     
                4.3036E-03       -86.4414     
                4.30625E-03      -66.3913     
                4.3089E-03       -83.6256     
                4.31155E-03      -85.9727     
                4.3142E-03      -103.13       
                4.31685E-03      -98.8358     
                4.3195E-03       -31.925      
                4.32215E-03      -63.4724     
                4.3248E-03       -72.9226     
                4.32745E-03      -85.2962     
                4.3301E-03       -83.4786     
                4.33275E-03     -104.793      
                4.3354E-03      -104.49       
                4.33805E-03     -103.581      
                4.3407E-03       -75.3312     
                4.34335E-03      -89.3828     
                4.346E-03        -83.8329     
                4.34865E-03      -98.2965     
                4.3513E-03       -97.3046     
                4.35395E-03      -91.743      
                4.3566E-03       -76.5362     
                4.35925E-03      -85.9851     
                4.3619E-03       -77.4783     
                4.36455E-03      -72.0031     
                4.3672E-03      -106.019      
                4.36985E-03     -107.415      
                4.3725E-03      -107.644      
                4.37515E-03      -99.7789     
                4.3778E-03       -89.3011     
                4.38045E-03      -87.2918     
                4.3831E-03      -111.557      
                4.38575E-03      -71.9684     
                4.3884E-03       -82.1031     
                4.39105E-03      -98.807      
                4.3937E-03       -85.7753     
                4.39635E-03     -101.716      
                4.399E-03        -85.7418     
                4.40165E-03      -55.215      
                4.4043E-03       -61.2139     
                4.40695E-03      -96.624      
                4.4096E-03      -102.667      
                4.41225E-03      -98.6896     
                4.4149E-03      -106.226      
                4.41755E-03     -106.176      
                4.4202E-03      -103.844      
                4.42285E-03     -108.337      
                4.4255E-03       -76.0043     
                4.42815E-03     -110.628      
                4.4308E-03      -108.754      
                4.43345E-03     -105.761      
                4.4361E-03      -115.296      
                4.43875E-03     -100.426      
                4.4414E-03      -100.585      
                4.44405E-03     -103.877      
                4.4467E-03       -94.5036     
                4.44935E-03     -109.585      
                4.452E-03       -117.461      
                4.45465E-03     -104.94       
                4.4573E-03      -103.289      
                4.45995E-03      -89.915      
                4.4626E-03       -94.6047     
                4.46525E-03     -107.039      
                4.4679E-03      -109.247      
                4.47055E-03     -112.588      
                4.4732E-03      -106.124      
                4.47585E-03     -101.143      
                4.4785E-03       -92.8891     
                4.48115E-03      -97.0274     
                4.4838E-03      -102.001      
                4.48645E-03      -83.5538     
                4.4891E-03      -100.997      
                4.49175E-03     -102.089      
                4.4944E-03      -102.135      
                4.49705E-03      -84.1996     
                4.4997E-03       -72.2017     
                4.50235E-03      -69.4507     
                4.505E-03        -75.5884     
                4.50765E-03      -87.4526     
                4.5103E-03       -89.8815     
                4.51295E-03      -83.772      
                4.5156E-03       -94.0153     
                4.51825E-03      -86.1005     
                4.5209E-03       -76.5386     
                4.52355E-03      -64.2455     
                4.5262E-03       -75.2439     
                4.52885E-03      -86.1743     
                4.5315E-03       -77.5907     
                4.53415E-03      -86.8696     
                4.5368E-03       -79.1462     
                4.53945E-03      -88.3537     
                4.5421E-03       -89.7967     
                4.54475E-03      -81.4221     
                4.5474E-03       -80.6505     
                4.55005E-03      -89.4065     
                4.5527E-03       -88.2902     
                4.55535E-03      -75.8097     
                4.558E-03        -85.7071     
                4.56065E-03      -50.9542     
                4.5633E-03       -51.7614     
                4.56595E-03      -63.1929     
                4.5686E-03       -75.6434     
                4.57125E-03      -78.0203     
                4.5739E-03       -77.981      
                4.57655E-03      -79.6909     
                4.5792E-03       -83.847      
                4.58185E-03      -77.93       
                4.5845E-03       -77.9501     
                4.58715E-03      -81.7987     
                4.5898E-03       -56.9478     
                4.59245E-03      -71.649      
                4.5951E-03       -88.8273     
                4.59775E-03      -88.3175     
                4.6004E-03       -92.1972     
                4.60305E-03      -86.3452     
                4.6057E-03       -89.0517     
                4.60835E-03      -83.1922     
                4.611E-03        -84.9187     
                4.61365E-03      -89.8489     
                4.6163E-03       -87.5441     
                4.61895E-03      -89.5339     
                4.6216E-03       -99.9285     
                4.62425E-03      -82.0292     
                4.6269E-03       -96.3884     
                4.62955E-03      -88.6611     
                4.6322E-03       -79.1302     
                4.63485E-03      -81.8254     
                4.6375E-03       -89.9703     
                4.64015E-03      -90.5847     
                4.6428E-03       -79.8112     
                4.64545E-03      -88.4646     
                4.6481E-03       -81.4423     
                4.65075E-03      -81.2013     
                4.6534E-03       -75.7339     
                4.65605E-03      -90.9104     
                4.6587E-03       -79.5027     
                4.66135E-03      -91.2242     
                4.664E-03        -86.8921     
                4.66665E-03      -83.6706     
                4.6693E-03       -82.9775     
                4.67195E-03      -60.2778     
                4.6746E-03       -91.2366     
                4.67725E-03      -90.8059     
                4.6799E-03       -74.3574     
                4.68255E-03      -83.6106     
                4.6852E-03       -75.7481     
                4.68785E-03      -90.9704     
                4.6905E-03       -73.4607     
                4.69315E-03      -78.2059     
                4.6958E-03       -84.096      
                4.69845E-03      -99.8823     
                4.7011E-03       -93.1443     
                4.70375E-03      -92.7327     
                4.7064E-03       -93.5607     
                4.70905E-03      -88.9358     
                4.7117E-03       -80.1536     
                4.71435E-03      -80.4717     
                4.717E-03        -81.9225     
                4.71965E-03      -87.1051     
                4.7223E-03       -84.7367     
                4.72495E-03      -85.1896     
                4.7276E-03       -88.9822     
                4.73025E-03      -73.5221     
                4.7329E-03       -80.0047     
                4.73555E-03      -86.6749     
                4.7382E-03       -95.0567     
                4.74085E-03      -87.3899     
                4.7435E-03       -93.3668     
                4.74615E-03      -94.9697     
                4.7488E-03       -91.7209     
                4.75145E-03      -96.9477     
                4.7541E-03       -89.1705     
                4.75675E-03      -95.9206     
                4.7594E-03       -94.8278     
                4.76205E-03      -95.5733     
                4.7647E-03       -87.3896     
                4.76735E-03      -92.5907     
                4.77E-03         -94.1047     
                4.77265E-03      -97.8518     
                4.7753E-03       -93.7578     
                4.77795E-03      -85.4274     
                4.7806E-03       -52.732      
                4.78325E-03      -70.3733     
                4.7859E-03       -82.0961     
                4.78855E-03      -84.0326     
                4.7912E-03       -71.109      
                4.79385E-03      -84.1531     
                4.7965E-03       -89.6643     
                4.79915E-03      -90.6398     
                4.8018E-03       -58.5212     
                4.80445E-03      -66.6383     
                4.8071E-03       -85.1808     
                4.80975E-03      -82.4859     
                4.8124E-03       -75.4794     
                4.81505E-03      -63.7445     
                4.8177E-03       -62.7508     
                4.82035E-03      -66.7875     
                4.823E-03        -70.6605     
                4.82565E-03      -68.6797     
                4.8283E-03       -71.6493     
                4.83095E-03      -77.1918     
                4.8336E-03       -75.2831     
                4.83625E-03      -76.2794     
                4.8389E-03       -63.1819     
                4.84155E-03      -68.4712     
                4.8442E-03       -65.8501     
                4.84685E-03      -73.8364     
                4.8495E-03       -68.8823     
                4.85215E-03      -67.5765     
                4.8548E-03       -62.0503     
                4.85745E-03      -57.3701     
                4.8601E-03       -63.3667     
                4.86275E-03      -51.3756     
                4.8654E-03       -48.8694     
                4.86805E-03      -51.6156     
                4.8707E-03       -57.9461     
                4.87335E-03      -58.3068     
                4.876E-03        -57.1747     
                4.87865E-03      -52.4129     
                4.8813E-03       -40.6129     
                4.88395E-03      -58.6446     
                4.8866E-03       -57.308      
                4.88925E-03      -62.1663     
                4.8919E-03       -66.3374     
                4.89455E-03      -57.3635     
                4.8972E-03       -60.8339     
                4.89985E-03      -51.4839     
                4.9025E-03       -57.2055     
                4.90515E-03      -57.8826     
                4.9078E-03       -58.8159     
                4.91045E-03      -50.5305     
                4.9131E-03       -30.8406     
                4.91575E-03      -52.3072     
                4.9184E-03       -45.2315     
                4.92105E-03      -58.4028     
                4.9237E-03       -43.3217     
                4.92635E-03      -54.9616     
                4.929E-03        -51.6649     
                4.93165E-03      -49.3469     
                4.9343E-03       -51.8142     
                4.93695E-03      -55.4146     
                4.9396E-03       -53.7542     
                4.94225E-03      -54.4485     
                4.9449E-03       -52.4021     
                4.94755E-03      -36.144      
                4.9502E-03       -46.2258     
                4.95285E-03      -36.2154     
                4.9555E-03       -40.5311     
                4.95815E-03      -44.243      
                4.9608E-03       -49.2395     
                4.96345E-03      -52.6556     
                4.9661E-03       -42.7984     
                4.96875E-03      -50.6047     
                4.9714E-03       -48.7703     
                4.97405E-03      -45.9722     
                4.9767E-03       -49.7745     
                4.97935E-03      -44.8604     
                4.982E-03        -47.6958     
                4.98465E-03      -44.3224     
                4.9873E-03       -46.1022     
                4.98995E-03      -39.5885     
                4.9926E-03       -48.5421     
                4.99525E-03      -44.3384     
                4.9979E-03       -48.3024     
                5.00055E-03      -47.1734     
                5.0032E-03       -42.8232     
                5.00585E-03      -42.9134     
                5.0085E-03       -45.9503     
                5.01115E-03      -48.2055     
                5.0138E-03       -42.1159     
                5.01645E-03      -42.7145     
                5.0191E-03       -47.0489     
                5.02175E-03      -47.806      
                5.0244E-03       -42.8366     
                5.02705E-03      -44.8815     
                5.0297E-03       -47.7036     
                5.03235E-03      -44.9935     
                5.035E-03        -47.8515     
                5.03765E-03      -43.0616     
                5.0403E-03       -43.3338     
                5.04295E-03      -39.0163     
                5.0456E-03       -40.646      
                5.04825E-03      -45.4496     
                5.0509E-03       -40.5431     
                5.05355E-03      -43.1395     
                5.0562E-03       -40.5526     
                5.05885E-03      -42.5123     
                5.0615E-03       -42.8126     
                5.06415E-03      -29.2559     
                5.0668E-03       -41.2892     
                5.06945E-03      -38.9969     
                5.0721E-03       -39.4885     
                5.07475E-03      -36.8113     
                5.0774E-03       -37.0772     
                5.08005E-03      -37.7555     
                5.0827E-03       -40.7404     
                5.08535E-03      -32.5513     
                5.088E-03        -46.4718     
                5.09065E-03      -43.8212     
                5.0933E-03       -35.7406     
                5.09595E-03      -30.9275     
                5.0986E-03       -32.7848     
                5.10125E-03      -32.351      
                5.1039E-03       -38.2048     
                5.10655E-03      -33.7818     
                5.1092E-03       -32.9701     
                5.11185E-03      -28.013      
                5.1145E-03       -42.0249     
                5.11715E-03      -32.586      
                5.1198E-03       -32.113      
                5.12245E-03      -42.7541     
                5.1251E-03       -39.9865     
                5.12775E-03      -29.3397     
                5.1304E-03       -40.6197     
                5.13305E-03      -26.935      
                5.1357E-03       -33.5109     
                5.13835E-03      -32.2977     
                5.141E-03        -39.6065     
                5.14365E-03      -39.3231     
                5.1463E-03       -35.877      
                5.14895E-03      -28.1089     
                5.1516E-03       -32.6339     
                5.15425E-03      -30.4288     
                5.1569E-03       -34.8944     
                5.15955E-03      -12.2768     
                5.1622E-03       -35.8857     
                5.16485E-03      -25.6701     
                5.1675E-03       -30.1601     
                5.17015E-03      -33.0669     
                5.1728E-03       -38.8061     
                5.17545E-03      -34.5986     
                5.1781E-03       -33.926      
                5.18075E-03      -34.2741     
                5.1834E-03       -40.3517     
                5.18605E-03      -40.4588     
                5.1887E-03       -38.9884     
                5.19135E-03      -34.2334     
                5.194E-03        -37.3108     
                5.19665E-03      -36.5129     
                5.1993E-03       -29.2932     
                5.20195E-03      -31.8411     
                5.2046E-03       -24.112      
                5.20725E-03      -30.7911     
                5.2099E-03        -8.73874    
                5.21255E-03      -27.9887     
                5.2152E-03       -15.921      
                5.21785E-03      -21.9551     
                5.2205E-03       -30.2394     
                5.22315E-03      -35.1573     
                5.2258E-03       -27.675      
                5.22845E-03      -28.3638     
                5.2311E-03       -32.4091     
                5.23375E-03      -38.8327     
                5.2364E-03       -27.2163     
                5.23905E-03      -24.2693     
                5.2417E-03       -29.3873     
                5.24435E-03      -41.7191     
                5.247E-03        -31.0962     
                5.24965E-03      -39.8711     
                5.2523E-03       -33.5179     
                5.25495E-03      -29.0574     
                5.2576E-03       -24.8133     
                5.26025E-03      -34.1391     
                5.2629E-03       -34.7912     
                5.26555E-03      -36.8502     
                5.2682E-03       -39.0993     
                5.27085E-03      -27.7839     
                5.2735E-03       -27.7183     
                5.27615E-03      -20.7992     
                5.2788E-03       -35.2088     
                5.28145E-03      -23.2774     
                5.2841E-03       -25.0212     
                5.28675E-03      -27.9695     
                5.2894E-03       -27.5516     
                5.29205E-03      -26.621      
                5.2947E-03       -32.9034     
                5.29735E-03      -36.0763     
                5.3E-03          -35.9293     




