
                  X               _temp_4     

                0.                 0.         
                1.30008E-06      -32.6677     
                2.60014E-06     -102.328      
                3.90022E-06       31.4146     
                5.2003E-06        32.6402     
                6.50038E-06     -240.672      
                7.80046E-06     -183.447      
                9.10075E-06      108.963      
               10.4E-06          -76.6135     
               11.7006E-06      -321.923      
               13.0011E-06      -447.878E-03  
               14.3004E-06       134.952      
               15.6009E-06      -246.664      
               16.9002E-06      -228.652      
               18.2007E-06       117.156      
               19.5012E-06       -28.9576     
               20.8005E-06      -282.147      
               22.101E-06        -75.6141     
               23.4003E-06        59.5741     
               24.7008E-06      -146.111      
               26.0001E-06      -177.346      
               27.3006E-06       -19.7873     
               28.6011E-06       -42.7972     
               29.9004E-06      -123.846      
               31.2009E-06       -86.2779     
               32.5002E-06       -63.8566     
               33.8007E-06       -69.3749     
               35.1E-06          -62.5159     
               36.4005E-06      -108.362      
               37.701E-06       -116.07       
               39.0003E-06       -33.6959     
               40.3008E-06       -67.3661     
               41.6001E-06      -170.101      
               42.9006E-06       -91.5325     
               44.2011E-06        -6.28498    
               45.5004E-06      -127.69       
               46.8009E-06      -166.056      
               48.1002E-06       -29.7544     
               49.4007E-06       -44.4281     
               50.7E-06         -165.749      
               52.0005E-06       -98.8543     
               53.301E-06        -10.2468     
               54.6003E-06       -90.3244     
               55.9009E-06      -147.129      
               57.2002E-06       -64.7817     
               58.5007E-06       -53.3546     
               59.8012E-06      -122.283      
               61.1003E-06       -83.838      
               62.4004E-06       -56.2444     
               63.7006E-06       -73.7925     
               65.0008E-06       -93.1412     
               66.301E-06        -87.9238     
               67.6011E-06       -86.9722     
               68.9001E-06       -76.0828     
               70.2003E-06       -78.0468     
               71.5005E-06       -91.7658     
               72.8007E-06       -78.3652     
               74.1008E-06       -56.1737     
               75.401E-06        -95.0621     
               76.7012E-06      -110.891      
               78.0002E-06       -47.5694     
               79.3003E-06       -65.9884     
               80.6005E-06      -117.476      
               81.9007E-06       -95.5624     
               83.2009E-06       -55.9421     
               84.5011E-06       -48.8124     
               85.8E-06          -98.5853     
               87.1002E-06       -64.7784     
               88.4004E-06       -65.8426     
               89.7006E-06      -104.809      
               91.0007E-06       -93.294      
               92.3009E-06       -54.7611     
               93.6011E-06       -76.0082     
               94.9001E-06       -89.4577     
               96.2002E-06       -75.8553     
               97.5004E-06       -76.3704     
               98.8003E-06       -66.9376     
              100.101E-06        -72.7472     
              101.401E-06        -74.4491     
              102.701E-06        -70.5723     
              104.001E-06        -68.3437     
              105.301E-06        -74.7805     
              106.601E-06        -76.455      
              107.901E-06        -62.0987     
              109.201E-06        -69.6201     
              110.5E-06          -87.8962     
              111.801E-06        -76.1825     
              113.101E-06        -67.0323     
              114.401E-06        -87.385      
              115.701E-06        -92.4285     
              117.001E-06        -75.4589     
              118.301E-06        -74.1133     
              119.6E-06          -87.9527     
              120.901E-06        -84.7335     
              122.2E-06          -75.0603     
              123.501E-06        -84.7957     
              124.8E-06          -92.3329     
              126.101E-06        -81.2449     
              127.4E-06          -83.2806     
              128.701E-06        -86.6539     
              130.001E-06        -86.9306     
              131.301E-06        -86.7682     
              132.601E-06        -78.8581     
              133.901E-06        -85.2404     
              135.201E-06        -86.613      
              136.501E-06        -88.7002     
              137.801E-06        -84.6502     
              139.1E-06          -85.2467     
              140.401E-06        -90.8981     
              141.7E-06          -84.8361     
              143.001E-06        -84.314      
              144.3E-06          -85.2294     
              145.601E-06        -92.7297     
              146.9E-06          -85.6401     
              148.201E-06        -88.3821     
              149.5E-06          -95.7155     
              150.801E-06        -92.7545     
              152.1E-06          -90.4259     
              153.401E-06        -98.7732     
              154.7E-06         -102.539      
              156.001E-06        -94.9011     
              157.3E-06          -94.0215     
              158.601E-06       -100.839      
              159.9E-06          -80.5509     
              161.201E-06        -92.8918     
              162.5E-06          -96.1651     
              163.801E-06        -98.6888     
              165.1E-06         -100.08       
              166.401E-06        -78.9703     
              167.7E-06          -92.9654     
              169.001E-06       -100.925      
              170.3E-06         -103.294      
              171.601E-06       -101.564      
              172.901E-06       -103.884      
              174.201E-06        -91.3026     
              175.501E-06        -86.3108     
              176.801E-06        -92.6641     
              178.101E-06       -101.714      
              179.4E-06         -102.213      
              180.701E-06       -106.853      
              182.E-06           -93.2186     
              183.301E-06       -100.657      
              184.6E-06         -105.552      
              185.901E-06       -102.3        
              187.2E-06          -97.9891     
              188.501E-06       -109.598      
              189.8E-06          -96.0574     
              191.101E-06        -97.982      
              192.4E-06         -104.193      
              193.701E-06       -105.218      
              195.E-06          -109.133      
              196.301E-06        -63.7337     
              197.6E-06          -85.9121     
              198.901E-06        -92.4395     
              200.2E-06          -99.72       
              201.501E-06       -105.343      
              202.8E-06          -87.1007     
              204.101E-06       -102.5        
              205.4E-06         -103.771      
              206.701E-06       -109.251      
              208.E-06          -110.087      
              209.301E-06       -107.3        
              210.601E-06       -107.739      
              211.901E-06        -70.6016     
              213.201E-06        -85.557      
              214.501E-06        -79.3191     
              215.801E-06       -101.166      
              217.1E-06         -104.18       
              218.401E-06        -88.1946     
              219.7E-06          -91.5861     
              221.001E-06        -97.1436     
              222.3E-06          -98.9233     
              223.601E-06       -100.599      
              224.9E-06         -109.586      
              226.201E-06       -114.824      
              227.5E-06         -112.711      
              228.801E-06       -108.452      
              230.1E-06          -91.7105     
              231.401E-06        -91.5541     
              232.7E-06          -90.9537     
              234.001E-06       -110.849      
              235.3E-06         -113.312      
              236.601E-06       -114.567      
              237.9E-06         -110.004      
              239.201E-06       -114.318      
              240.5E-06         -122.812      
              241.801E-06        -65.3572     
              243.1E-06          -61.9914     
              244.401E-06        -92.0785     
              245.7E-06          -84.1182     
              247.001E-06       -105.248      
              248.3E-06         -108.347      
              249.601E-06       -108.239      
              250.9E-06         -111.116      
              252.201E-06       -110.253      
              253.501E-06       -120.551      
              254.801E-06       -119.125      
              256.101E-06        -82.7479     
              257.401E-06        -98.8836     
              258.701E-06       -114.016      
              260.E-06          -114.088      
              261.301E-06       -124.325      
              262.6E-06         -123.801      
              263.901E-06       -123.854      
              265.2E-06         -102.537      
              266.5E-06         -107.659      
              267.801E-06       -110.215      
              269.101E-06       -107.326      
              270.401E-06       -108.581      
              271.7E-06          -93.7677     
              273.E-06          -111.63       
              274.301E-06        -88.4631     
              275.6E-06          -83.7564     
              276.901E-06        -82.3175     
              278.2E-06          -82.862      
              279.501E-06        -80.8324     
              280.8E-06          -82.6786     
              282.101E-06        -85.7283     
              283.4E-06          -93.4184     
              284.701E-06        -96.5937     
              286.E-06           -96.0776     
              287.301E-06        -45.9683     
              288.6E-06          -63.779      
              289.901E-06        -88.6125     
              291.201E-06        -97.5895     
              292.501E-06       -104.584      
              293.801E-06        -96.4647     
              295.101E-06       -101.749      
              296.401E-06       -106.538      
              297.701E-06       -104.593      
              299.001E-06        -79.336      
              300.3E-06          -90.5182     
              301.601E-06        -75.2736     
              302.9E-06          -81.9026     
              304.201E-06        -94.7855     
              305.5E-06          -60.7337     
              306.801E-06        -67.8934     
              308.1E-06          -61.4298     
              309.4E-06          -85.6727     
              310.7E-06          -59.8909     
              312.001E-06        -77.4244     
              313.3E-06          -86.0266     
              314.601E-06        -92.04       
              315.9E-06         -103.687      
              317.201E-06       -104.367      
              318.5E-06          -87.9509     
              319.8E-06          -75.8814     
              321.1E-06          -86.6556     
              322.401E-06        -98.7788     
              323.7E-06         -109.733      
              325.001E-06       -107.444      
              326.3E-06          -89.9505     
              327.6E-06         -100.635      
              328.901E-06        -94.9533     
              330.2E-06         -109.158      
              331.501E-06       -125.062      
              332.801E-06       -115.088      
              334.1E-06         -131.479      
              335.401E-06       -133.808      
              336.701E-06       -143.992      
              338.E-06           -71.0102     
              339.301E-06        -84.434      
              340.601E-06        -86.5154     
              341.901E-06       -111.191      
              343.2E-06         -117.566      
              344.501E-06       -124.721      
              345.8E-06          -83.0534     
              347.101E-06        -84.6888     
              348.4E-06          -90.7421     
              349.7E-06         -102.314      
              351.E-06           -79.8373     
              352.301E-06        -51.2236     
              353.6E-06          -71.9132     
              354.901E-06        -90.8172     
              356.2E-06          -90.4549     
              357.501E-06        -92.9888     
              358.8E-06         -104.744      
              360.101E-06        -73.6818     
              361.401E-06        -94.4385     
              362.701E-06        -53.4177     
              364.001E-06        -86.4853     
              365.301E-06        -72.6962     
              366.6E-06         -102.543      
              367.901E-06        -50.7925     
              369.201E-06        -88.7783     
              370.5E-06         -105.314      
              371.801E-06        -99.3318     
              373.101E-06        -88.7298     
              374.4E-06         -132.229      
              375.701E-06       -137.802      
              377.001E-06       -155.861      
              378.301E-06        -99.7229     
              379.601E-06       -108.935      
              380.9E-06         -113.972      
              382.201E-06       -130.986      
              383.501E-06       -128.09       
              384.8E-06         -133.783      
              386.101E-06        -81.003      
              387.401E-06        -99.9569     
              388.7E-06          -99.4268     
              390.E-06          -128.57       
              391.301E-06       -123.735      
              392.6E-06         -142.57       
              393.9E-06         -110.661      
              395.2E-06          -52.06       
              396.5E-06          -70.9617     
              397.801E-06        -93.8591     
              399.101E-06       -126.027      
              400.4E-06         -132.526      
              401.7E-06         -155.211      
              403.E-06          -100.351      
              404.301E-06        -98.8583     
              405.6E-06         -127.301      
              406.9E-06         -125.542      
              408.201E-06       -140.756      
              409.501E-06        -94.6303     
              410.801E-06       -108.36       
              412.1E-06         -105.474      
              413.401E-06       -120.288      
              414.701E-06       -132.534      
              416.E-06          -132.73       
              417.3E-06          -80.362      
              418.601E-06        -87.3734     
              419.901E-06       -105.455      
              421.2E-06         -137.882      
              422.5E-06         -139.163      
              423.801E-06        -80.2544     
              425.101E-06        -93.5414     
              426.4E-06         -111.667      
              427.701E-06       -126.785      
              429.001E-06       -150.356      
              430.301E-06        -78.1434     
              431.601E-06        -92.1256     
              432.901E-06        -96.9629     
              434.2E-06         -118.601      
              435.5E-06         -145.535      
              436.801E-06       -154.459      
              438.1E-06          -92.5859     
              439.4E-06          -89.5651     
              440.701E-06       -110.026      
              442.001E-06       -129.405      
              443.3E-06         -143.012      
              444.601E-06       -148.67       
              445.901E-06        -69.8463     
              447.2E-06          -87.0664     
              448.501E-06        -96.5804     
              449.8E-06         -122.994      
              451.101E-06       -145.098      
              452.401E-06       -152.47       
              453.701E-06        -97.1759     
              455.E-06           -92.1481     
              456.301E-06        -96.759      
              457.6E-06         -141.222      
              458.9E-06         -147.867      
              460.201E-06       -154.728      
              461.501E-06       -135.581      
              462.8E-06         -109.009      
              464.101E-06       -116.637      
              465.401E-06       -277.8        
              466.7E-06         -162.34       
              468.001E-06       -158.472      
              469.301E-06       -170.338      
              470.6E-06          -93.6592     
              471.901E-06       -112.947      
              473.201E-06       -130.197      
              474.5E-06         -119.022      
              475.801E-06       -130.801      
              477.101E-06       -125.168      
              478.4E-06          -71.5063     
              479.701E-06        -98.8561     
              481.001E-06       -111.524      
              482.3E-06         -139.522      
              483.6E-06         -148.758      
              484.901E-06        -68.0429     
              486.201E-06        -43.7944     
              487.5E-06         -110.856      
              488.801E-06       -127.815      
              490.101E-06       -157.788      
              491.4E-06         -166.208      
              492.701E-06        -90.958      
              494.E-06           -99.9145     
              495.301E-06       -115.982      
              496.601E-06       -136.963      
              497.9E-06         -161.694      
              499.201E-06       -153.316      
              500.501E-06       -158.212      
              501.801E-06       -102.08       
              503.1E-06         -124.384      
              504.4E-06         -129.604      
              505.701E-06       -167.8        
              507.001E-06       -166.782      
              508.3E-06         -113.252      
              509.601E-06        -82.0174     
              510.9E-06         -123.472      
              512.201E-06       -139.154      
              513.501E-06       -171.8        
              514.8E-06         -178.419      
              516.1E-06         -174.41       
              517.4E-06         -104.817      
              518.701E-06       -123.676      
              520.001E-06       -114.405      
              521.3E-06         -162.984      
              522.601E-06       -172.447      
              523.901E-06       -172.461      
              525.2E-06          -64.9533     
              526.501E-06       -106.163      
              527.8E-06         -118.377      
              529.1E-06         -146.314      
              530.401E-06       -155.024      
              531.701E-06       -154.796      
              533.E-06          -181.494      
              534.3E-06          -94.3861     
              535.601E-06       -130.374      
              536.901E-06       -124.281      
              538.2E-06         -164.075      
              539.5E-06         -170.877      
              540.801E-06       -165.72       
              542.1E-06          -91.9661     
              543.401E-06        -92.0797     
              544.701E-06       -119.207      
              546.E-06          -123.966      
              547.301E-06       -161.692      
              548.601E-06       -157.904      
              549.9E-06         -108.8        
              551.2E-06         -122.885      
              552.501E-06       -142.334      
              553.801E-06       -162.362      
              555.1E-06         -169.672      
              556.4E-06         -114.185      
              557.701E-06       -124.429      
              559.E-06          -149.03       
              560.3E-06         -151.497      
              561.601E-06       -165.468      
              562.9E-06         -175.543      
              564.2E-06         -110.014      
              565.5E-06         -138.861      
              566.801E-06       -149.16       
              568.1E-06         -158.98       
              569.4E-06         -157.798      
              570.701E-06       -155.213      
              572.001E-06        -94.8577     
              573.3E-06         -113.762      
              574.601E-06       -125.121      
              575.901E-06       -139.029      
              577.2E-06         -144.847      
              578.5E-06         -162.569      
              579.8E-06          -81.3889     
              581.101E-06       -124.632      
              582.401E-06       -143.819      
              583.7E-06         -151.894      
              585.E-06          -175.548      
              586.301E-06       -172.676      
              587.601E-06        -93.7181     
              588.9E-06          -97.2752     
              590.2E-06         -137.223      
              591.501E-06       -128.206      
              592.801E-06       -156.551      
              594.1E-06         -153.366      
              595.401E-06       -172.88       
              596.7E-06          -83.9305     
              598.001E-06        -96.8612     
              599.3E-06         -126.114      
              600.6E-06         -151.489      
              601.901E-06       -169.507      
              603.201E-06       -161.034      
              604.5E-06         -173.702      
              605.801E-06       -187.654      
              607.101E-06        -69.8709     
              608.401E-06       -123.633      
              609.7E-06         -143.141      
              611.E-06          -157.22       
              612.301E-06       -167.331      
              613.6E-06         -178.405      
              614.901E-06        -86.8577     
              616.2E-06         -133.926      
              617.501E-06       -140.122      
              618.801E-06       -153.761      
              620.1E-06         -170.91       
              621.401E-06        -91.8435     
              622.701E-06        -93.6181     
              624.E-06          -107.417      
              625.301E-06       -142.478      
              626.601E-06       -145.898      
              627.9E-06         -160.288      
              629.2E-06         -153.982      
              630.501E-06       -160.19       
              631.801E-06        -99.4421     
              633.1E-06         -124.206      
              634.401E-06       -139.661      
              635.701E-06       -147.071      
              637.E-06          -180.957      
              638.3E-06          -66.5402     
              639.601E-06       -124.856      
              640.9E-06         -144.296      
              642.2E-06         -154.404      
              643.501E-06       -176.673      
              644.801E-06       -169.868      
              646.101E-06        -91.9302     
              647.4E-06         -114.814      
              648.701E-06       -126.849      
              650.001E-06       -144.334      
              651.3E-06         -140.591      
              652.6E-06         -155.33       
              653.901E-06       -181.574      
              655.201E-06       -179.247      
              656.501E-06        -92.0864     
              657.8E-06         -134.021      
              659.1E-06         -154.311      
              660.401E-06       -167.244      
              661.701E-06       -160.763      
              663.E-06           -95.9464     
              664.301E-06       -129.007      
              665.601E-06       -127.408      
              666.9E-06         -158.701      
              668.201E-06       -170.227      
              669.501E-06       -157.414      
              670.8E-06          -77.0404     
              672.101E-06       -101.762      
              673.401E-06       -119.164      
              674.7E-06         -106.81       
              676.E-06          -140.434      
              677.301E-06       -155.099      
              678.6E-06         -127.1        
              679.9E-06         -163.302      
              681.201E-06       -149.669      
              682.5E-06          -62.7208     
              683.8E-06          -84.812      
              685.101E-06       -103.539      
              686.401E-06       -142.134      
              687.7E-06         -145.928      
              689.001E-06       -147.635      
              690.301E-06       -162.763      
              691.6E-06         -146.922      
              692.9E-06         -103.001      
              694.201E-06        -80.5598     
              695.501E-06       -103.237      
              696.8E-06         -119.986      
              698.101E-06       -139.211      
              699.401E-06       -140.429      
              700.7E-06         -149.981      
              702.E-06           -49.0528     
              703.301E-06        -72.9749     
              704.601E-06        -92.3721     
              705.9E-06         -115.144      
              707.201E-06       -127.701      
              708.501E-06       -104.951      
              709.8E-06          -62.8315     
              711.101E-06        -86.7759     
              712.4E-06         -114.559      
              713.7E-06         -134.492      
              715.001E-06       -138.33       
              716.301E-06       -125.049      
              717.601E-06        -41.9102     
              718.901E-06        -88.9644     
              720.2E-06         -104.963      
              721.501E-06       -118.578      
              722.801E-06       -137.188      
              724.1E-06         -140.581      
              725.401E-06        -60.628      
              726.701E-06       -115.422      
              728.E-06          -113.805      
              729.3E-06         -132.052      
              730.601E-06       -138.918      
              731.901E-06        -83.1928     
              733.2E-06          -83.0541     
              734.5E-06         -102.344      
              735.801E-06       -118.013      
              737.101E-06       -130.46       
              738.4E-06         -149.807      
              739.701E-06       -146.801      
              741.001E-06       -146.12       
              742.3E-06         -146.524      
              743.601E-06       -134.283      
              744.901E-06       -132.163      
              746.2E-06         -145.647      
              747.5E-06         -142.033      
              748.801E-06       -122.072      
              750.1E-06         -112.722      
              751.401E-06       -128.226      
              752.701E-06       -131.59       
              754.E-06          -134.034      
              755.301E-06       -131.153      
              756.601E-06       -101.138      
              757.901E-06       -114.685      
              759.2E-06         -131.172      
              760.501E-06       -141.485      
              761.801E-06        -99.2192     
              763.1E-06         -123.296      
              764.4E-06         -135.659      
              765.701E-06       -124.115      
              767.E-06          -144.023      
              768.301E-06        -94.2812     
              769.6E-06          -97.4547     
              770.901E-06       -126.032      
              772.2E-06         -101.786      
              773.501E-06       -102.342      
              774.8E-06         -109.164      
              776.101E-06        -80.0941     
              777.4E-06         -102.432      
              778.701E-06        -83.169      
              780.E-06          -100.861      
              781.301E-06       -105.841      
              782.6E-06         -100.319      
              783.901E-06       -109.579      
              785.2E-06          -84.6758     
              786.501E-06        -90.6375     
              787.8E-06          -97.4597     
              789.101E-06        -91.6701     
              790.4E-06         -112.255      
              791.701E-06       -120.816      
              793.E-06          -108.488      
              794.301E-06        -95.893      
              795.601E-06       -106.47       
              796.901E-06        -72.5128     
              798.201E-06        -95.6969     
              799.501E-06        -76.9778     
              800.801E-06        -82.0237     
              802.1E-06         -108.955      
              803.401E-06       -104.929      
              804.701E-06        -88.1288     
              806.001E-06        -75.7907     
              807.3E-06          -88.944      
              808.601E-06        -99.5959     
              809.9E-06         -107.823      
              811.201E-06        -99.4359     
              812.5E-06          -69.5264     
              813.801E-06        -85.6386     
              815.1E-06          -92.2013     
              816.401E-06       -112.805      
              817.7E-06         -121.486      
              819.001E-06        -87.903      
              820.3E-06          -98.8446     
              821.601E-06       -105.653      
              822.9E-06         -121.187      
              824.201E-06       -127.897      
              825.5E-06          -91.8906     
              826.801E-06        -44.5497     
              828.1E-06          -64.2979     
              829.401E-06        -94.2242     
              830.7E-06          -87.2303     
              832.001E-06       -103.458      
              833.3E-06          -98.2967     
              834.601E-06        -78.5837     
              835.9E-06         -100.169      
              837.201E-06       -103.992      
              838.5E-06          -97.8501     
              839.801E-06       -122.718      
              841.101E-06        -75.3228     
              842.401E-06        -41.2718     
              843.701E-06        -76.2317     
              845.E-06          -106.696      
              846.301E-06       -110.914      
              847.6E-06         -117.497      
              848.901E-06        -85.2202     
              850.2E-06          -64.3521     
              851.501E-06        -80.5548     
              852.8E-06          -91.1166     
              854.101E-06        -71.8839     
              855.4E-06          -77.8471     
              856.701E-06        -86.936      
              858.E-06           -92.2534     
              859.301E-06       -108.854      
              860.6E-06         -108.376      
              861.901E-06       -108.984      
              863.2E-06         -101.611      
              864.501E-06        -68.8002     
              865.8E-06          -86.5027     
              867.101E-06       -109.32       
              868.4E-06          -97.3788     
              869.701E-06        -57.915      
              871.E-06           -90.3514     
              872.301E-06        -86.9293     
              873.6E-06         -103.845      
              874.901E-06       -113.35       
              876.2E-06         -107.443      
              877.501E-06        -89.4619     
              878.8E-06         -112.502      
              880.101E-06        -85.168      
              881.401E-06        -74.757      
              882.701E-06       -101.116      
              884.001E-06       -120.574      
              885.301E-06        -99.231      
              886.601E-06       -114.023      
              887.9E-06         -106.59       
              889.201E-06       -121.072      
              890.5E-06         -129.887      
              891.801E-06       -110.185      
              893.1E-06         -109.755      
              894.401E-06       -115.291      
              895.7E-06         -125.289      
              897.001E-06       -117.75       
              898.3E-06         -111.842      
              899.601E-06       -128.54       
              900.9E-06         -140.598      
              902.201E-06       -116.35       
              903.5E-06         -131.565      
              904.801E-06       -132.254      
              906.1E-06          -79.9793     
              907.401E-06        -79.315      
              908.701E-06       -102.36       
              910.E-06          -110.859      
              911.3E-06         -118.614      
              912.601E-06       -131.798      
              913.901E-06       -127.383      
              915.2E-06         -112.155      
              916.501E-06       -113.878      
              917.8E-06         -123.749      
              919.101E-06       -121.129      
              920.4E-06         -118.018      
              921.701E-06       -118.39       
              923.E-06          -134.157      
              924.301E-06       -148.482      
              925.6E-06         -111.61       
              926.901E-06        -98.6662     
              928.2E-06         -122.101      
              929.501E-06       -126.173      
              930.8E-06          -85.9284     
              932.101E-06        -89.2849     
              933.4E-06          -96.0747     
              934.701E-06       -123.451      
              936.E-06          -122.206      
              937.3E-06         -132.529      
              938.601E-06        -45.3386     
              939.9E-06          -62.5179     
              941.201E-06        -49.5226     
              942.5E-06          -94.8146     
              943.801E-06        -97.9887     
              945.101E-06       -135.384      
              946.401E-06       -127.314      
              947.701E-06       -110.834      
              949.E-06           -51.1596     
              950.301E-06        -90.6273     
              951.6E-06         -108.353      
              952.901E-06       -125.182      
              954.2E-06         -105.726      
              955.501E-06       -139.316      
              956.8E-06         -118.342      
              958.101E-06       -113.162      
              959.4E-06         -125.693      
              960.701E-06        -86.6836     
              962.E-06           -70.4841     
              963.301E-06        -98.6657     
              964.6E-06         -111.442      
              965.901E-06       -119.353      
              967.2E-06          -60.1016     
              968.501E-06        -97.1454     
              969.8E-06         -106.76       
              971.101E-06       -103.521      
              972.4E-06          -49.2732     
              973.701E-06        -22.8626     
              975.E-06           -55.4402     
              976.301E-06        -59.1381     
              977.601E-06        -70.0422     
              978.901E-06        -79.7271     
              980.2E-06         -123.486      
              981.5E-06          -89.6874     
              982.801E-06        -84.473      
              984.101E-06        -91.4508     
              985.401E-06       -134.146      
              986.701E-06       -127.934      
              988.E-06          -146.639      
              989.3E-06          -79.2574     
              990.601E-06       -106.03       
              991.901E-06       -107.086      
              993.201E-06       -118.163      
              994.5E-06         -120.278      
              995.8E-06         -113.097      
              997.1E-06         -119.803      
              998.401E-06       -123.053      
              999.701E-06       -128.927      
                1.001E-03       -142.667      
                1.0023E-03       -86.2113     
                1.0036E-03       -67.0559     
                1.0049E-03       -82.5974     
                1.0062E-03       -94.4146     
                1.0075E-03      -109.003      
                1.0088E-03      -112.16       
                1.0101E-03      -128.863      
                1.0114E-03       -59.4066     
                1.0127E-03       -85.3582     
                1.014E-03        -83.5133     
                1.0153E-03       -84.2379     
                1.0166E-03       -84.4325     
                1.0179E-03       -98.935      
                1.0192E-03      -100.665      
                1.0205E-03      -116.005      
                1.0218E-03       -74.9875     
                1.0231E-03      -119.291      
                1.0244E-03       -80.0706     
                1.0257E-03       -78.9987     
                1.027E-03        -87.2675     
                1.0283E-03       -94.9583     
                1.0296E-03       -77.1969     
                1.0309E-03      -109.371      
                1.0322E-03      -101.654      
                1.0335E-03       -89.8963     
                1.0348E-03       -96.0937     
                1.0361E-03       -93.2173     
                1.0374E-03       -91.4938     
                1.0387E-03       -88.716      
                1.04E-03         -58.5261     
                1.0413E-03       -94.0424     
                1.0426E-03       -93.5847     
                1.0439E-03      -109.766      
                1.0452E-03       -64.6954     
                1.0465E-03       -84.6004     
                1.0478E-03      -106.76       
                1.0491E-03      -110.125      
                1.0504E-03       -96.5974     
                1.0517E-03      -112.177      
                1.053E-03        -92.9676     
                1.0543E-03      -109.829      
                1.0556E-03       -98.3128     
                1.0569E-03      -109.116      
                1.0582E-03      -103.263      
                1.0595E-03      -116.681      
                1.0608E-03       -86.3181     
                1.0621E-03      -106.047      
                1.0634E-03      -116.497      
                1.0647E-03      -114.589      
                1.066E-03       -108.424      
                1.0673E-03       -76.4257     
                1.0686E-03       -62.5301     
                1.0699E-03       -84.8042     
                1.0712E-03      -108.786      
                1.0725E-03      -108.792      
                1.0738E-03      -102.302      
                1.0751E-03      -111.873      
                1.0764E-03       -60.9567     
                1.0777E-03       -75.8923     
                1.079E-03        -92.5691     
                1.0803E-03      -102.231      
                1.0816E-03      -105.013      
                1.0829E-03      -108.991      
                1.0842E-03       -76.7164     
                1.0855E-03       -74.5169     
                1.0868E-03       -91.305      
                1.0881E-03       -88.8445     
                1.0894E-03      -105.569      
                1.0907E-03      -103.571      
                1.092E-03        -95.6063     
                1.0933E-03      -107.441      
                1.0946E-03       -92.98       
                1.0959E-03       -91.1271     
                1.0972E-03       -94.0213     
                1.0985E-03      -109.691      
                1.0998E-03       -99.2702     
                1.1011E-03       -99.0676     
                1.1024E-03       -73.9704     
                1.1037E-03       -94.0798     
                1.105E-03        -90.0279     
                1.1063E-03       -80.4279     
                1.1076E-03       -84.6371     
                1.1089E-03       -91.333      
                1.1102E-03       -80.6348     
                1.1115E-03       -96.2486     
                1.1128E-03       -73.0075     
                1.1141E-03      -101.071      
                1.1154E-03       -65.6619     
                1.1167E-03       -93.8018     
                1.118E-03        -54.7044     
                1.1193E-03       -77.7803     
                1.1206E-03       -66.2716     
                1.1219E-03       -65.0963     
                1.1232E-03       -86.9612     
                1.1245E-03       -96.4191     
                1.1258E-03       -31.8249     
                1.1271E-03       -56.8896     
                1.1284E-03       -63.9971     
                1.1297E-03       -83.4988     
                1.131E-03        -42.8638     
                1.1323E-03       -47.858      
                1.1336E-03       -59.4277     
                1.1349E-03       -43.2894     
                1.1362E-03       -61.8928     
                1.1375E-03       -44.322      
                1.1388E-03       -61.8325     
                1.1401E-03       -60.8126     
                1.1414E-03       -89.8083     
                1.1427E-03       -82.2333     
                1.144E-03        -64.8662     
                1.1453E-03       -67.604      
                1.1466E-03       -76.6131     
                1.1479E-03       -78.3908     
                1.1492E-03      -101.047      
                1.1505E-03       -76.8919     
                1.1518E-03       -58.4781     
                1.1531E-03       -63.3155     
                1.1544E-03       -78.3564     
                1.1557E-03       -73.9931     
                1.157E-03       -167.68       
                1.1583E-03       -83.1838     
                1.1596E-03      -103.643      
                1.1609E-03       -96.7291     
                1.1622E-03      -112.706      
                1.1635E-03      -115.812      
                1.1648E-03       -92.4471     
                1.1661E-03      -116.439      
                1.1674E-03      -116.511      
                1.1687E-03      -120.407      
                1.17E-03         -84.6207     
                1.1713E-03      -104.008      
                1.1726E-03      -106.912      
                1.1739E-03      -109.817      
                1.1752E-03      -118.472      
                1.1765E-03      -126.199      
                1.1778E-03       -99.4843     
                1.1791E-03      -104.693      
                1.1804E-03      -113.869      
                1.1817E-03      -108.922      
                1.183E-03       -115.686      
                1.1843E-03      -120.814      
                1.1856E-03      -130.024      
                1.1869E-03      -108.521      
                1.1882E-03      -110.362      
                1.1895E-03      -112.055      
                1.1908E-03      -123.918      
                1.1921E-03      -115.418      
                1.1934E-03      -111.186      
                1.1947E-03      -123.894      
                1.196E-03       -113.615      
                1.1973E-03      -125.808      
                1.1986E-03       -67.3056     
                1.1999E-03       -86.6474     
                1.2012E-03       -96.6787     
                1.2025E-03       -98.3451     
                1.2038E-03      -112.005      
                1.2051E-03      -108.307      
                1.2064E-03       -79.0173     
                1.2077E-03      -105.724      
                1.209E-03       -102.486      
                1.2103E-03       -52.7197     
                1.2116E-03       -77.6483     
                1.2129E-03       -79.0863     
                1.2142E-03       -76.2178     
                1.2155E-03       -98.6595     
                1.2168E-03       -93.3769     
                1.2181E-03      -104.567      
                1.2194E-03       -77.6579     
                1.2207E-03       -86.3838     
                1.222E-03       -104.958      
                1.2233E-03       -99.0286     
                1.2246E-03      -111.979      
                1.2259E-03       -96.6063     
                1.2272E-03      -100.621      
                1.2285E-03       -88.7784     
                1.2298E-03       -67.6321     
                1.2311E-03       -69.8516     
                1.2324E-03       -81.843      
                1.2337E-03       -88.7882     
                1.235E-03        -89.3027     
                1.2363E-03       -81.7922     
                1.2376E-03      -107.494      
                1.2389E-03      -105.67       
                1.2402E-03       -86.9235     
                1.2415E-03      -100.703      
                1.2428E-03      -106.221      
                1.2441E-03       -85.6048     
                1.2454E-03      -100.236      
                1.2467E-03      -103.433      
                1.248E-03       -117.197      
                1.2493E-03       -58.7087     
                1.2506E-03       -83.7934     
                1.2519E-03      -109.843      
                1.2532E-03       -53.5466     
                1.2545E-03       -64.584      
                1.2558E-03       -92.8452     
                1.2571E-03       -83.7899     
                1.2584E-03       -72.99       
                1.2597E-03       -76.9155     
                1.261E-03       -107.897      
                1.2623E-03       -46.4288     
                1.2636E-03       -78.7855     
                1.2649E-03      -111.096      
                1.2662E-03      -104.288      
                1.2675E-03      -117.255      
                1.2688E-03       -78.6093     
                1.2701E-03       -66.3061     
                1.2714E-03       -72.8621     
                1.2727E-03       -89.784      
                1.274E-03       -115.749      
                1.2753E-03      -104.434      
                1.2766E-03       -77.2476     
                1.2779E-03       -88.1769     
                1.2792E-03       -96.8249     
                1.2805E-03      -113.502      
                1.2818E-03      -130.343      
                1.2831E-03      -115.822      
                1.2844E-03      -107.408      
                1.2857E-03      -114.532      
                1.287E-03       -117.027      
                1.2883E-03      -131.373      
                1.2896E-03      -123.791      
                1.2909E-03       -77.2771     
                1.2922E-03       -99.3348     
                1.2935E-03       -58.9492     
                1.2948E-03       -67.2731     
                1.2961E-03       -63.9513     
                1.2974E-03       -71.0887     
                1.2987E-03       -91.4518     
                1.3E-03          -68.717      
                1.3013E-03       -42.0992     
                1.3026E-03       -72.9069     
                1.3039E-03       -95.6348     
                1.3052E-03      -103.214      
                1.3065E-03       -70.3236     
                1.3078E-03       -67.4325     
                1.3091E-03       -79.5403     
                1.3104E-03       -44.5909     
                1.3117E-03       -49.3004     
                1.313E-03        -64.0956     
                1.3143E-03       -50.1029     
                1.3156E-03       -58.9827     
                1.3169E-03       -81.6192     
                1.3182E-03       -21.2194     
                1.3195E-03       -63.5381     
                1.3208E-03       -77.6155     
                1.3221E-03       -78.949      
                1.3234E-03       -83.6903     
                1.3247E-03       -73.3108     
                1.326E-03        -61.2876     
                1.3273E-03       -62.0294     
                1.3286E-03       -77.1443     
                1.3299E-03       -76.1157     
                1.3312E-03       -71.26       
                1.3325E-03       -77.7396     
                1.3338E-03       -76.1362     
                1.3351E-03       -78.9615     
                1.3364E-03       -60.3828     
                1.3377E-03       -67.6535     
                1.339E-03        -73.303      
                1.3403E-03       -57.2031     
                1.3416E-03       -80.3665     
                1.3429E-03       -89.9103     
                1.3442E-03       -71.8947     
                1.3455E-03       -71.7507     
                1.3468E-03       -84.5562     
                1.3481E-03       -99.0192     
                1.3494E-03       -81.7487     
                1.3507E-03       -76.2458     
                1.352E-03        -65.3673     
                1.3533E-03       -81.6189     
                1.3546E-03       -90.3234     
                1.3559E-03       -85.0306     
                1.3572E-03      -140.553      
                1.3585E-03       -79.8494     
                1.3598E-03      -112.694      
                1.3611E-03       -76.9746     
                1.3624E-03       -82.7967     
                1.3637E-03       -96.8593     
                1.365E-03        -84.3128     
                1.3663E-03      -112.971      
                1.3676E-03       -92.0754     
                1.3689E-03      -111.777      
                1.3702E-03       -75.7596     
                1.3715E-03       -94.9825     
                1.3728E-03      -120.84       
                1.3741E-03      -108.992      
                1.3754E-03      -117.992      
                1.3767E-03      -116.126      
                1.378E-03       -116.324      
                1.3793E-03      -108.594      
                1.3806E-03      -100.159      
                1.3819E-03      -112.611      
                1.3832E-03      -115.327      
                1.3845E-03       -71.8373     
                1.3858E-03       -95.5596     
                1.3871E-03       -83.4255     
                1.3884E-03      -108.17       
                1.3897E-03      -108.181      
                1.391E-03        -72.6976     
                1.3923E-03       -75.5103     
                1.3936E-03      -104.978      
                1.3949E-03       -86.7414     
                1.3962E-03       -97.7166     
                1.3975E-03       -96.5423     
                1.3988E-03      -104.267      
                1.4001E-03      -109.652      
                1.4014E-03      -121.175      
                1.4027E-03       -61.5572     
                1.404E-03        -86.1476     
                1.4053E-03       -88.5366     
                1.4066E-03      -106.825      
                1.4079E-03      -121.349      
                1.4092E-03      -112.024      
                1.4105E-03      -115.41       
                1.4118E-03       -75.7423     
                1.4131E-03       -84.4025     
                1.4144E-03       -83.8807     
                1.4157E-03       -90.7678     
                1.417E-03        -99.1141     
                1.4183E-03      -112.662      
                1.4196E-03       -92.7        
                1.4209E-03       -90.9936     
                1.4222E-03       -89.5534     
                1.4235E-03       -90.2091     
                1.4248E-03      -106.448      
                1.4261E-03       -77.7545     
                1.4274E-03       -91.8543     
                1.4287E-03      -105.257      
                1.43E-03         -65.621      
                1.4313E-03       -92.6792     
                1.4326E-03       -53.9585     
                1.4339E-03       -39.1893     
                1.4352E-03       -60.0998     
                1.4365E-03       -65.1141     
                1.4378E-03       -89.097      
                1.4391E-03       -41.0401     
                1.4404E-03       -73.7605     
                1.4417E-03       -81.1596     
                1.443E-03       -111.829      
                1.4443E-03      -100.448      
                1.4456E-03       -77.4408     
                1.4469E-03      -109.458      
                1.4482E-03       -94.9797     
                1.4495E-03      -121.83       
                1.4508E-03       -65.4524     
                1.4521E-03       -83.1203     
                1.4534E-03       -93.6016     
                1.4547E-03       -88.5248     
                1.456E-03        -91.0746     
                1.4573E-03       -79.4476     
                1.4586E-03       -73.3624     
                1.4599E-03       -89.1807     
                1.4612E-03       -71.5374     
                1.4625E-03       -89.8757     
                1.4638E-03       -74.9507     
                1.4651E-03       -93.2755     
                1.4664E-03       -99.4795     
                1.4677E-03      -101.248      
                1.469E-03       -106.733      
                1.4703E-03      -100.027      
                1.4716E-03       -94.3514     
                1.4729E-03       -82.0477     
                1.4742E-03      -101.162      
                1.4755E-03      -108.243      
                1.4768E-03      -106.833      
                1.4781E-03       -99.2264     
                1.4794E-03      -103.967      
                1.4807E-03      -115.232      
                1.482E-03        -81.3102     
                1.4833E-03       -83.951      
                1.4846E-03       -71.0931     
                1.4859E-03       -97.0262     
                1.4872E-03       -95.5067     
                1.4885E-03      -114.372      
                1.4898E-03      -110.936      
                1.4911E-03       -97.331      
                1.4924E-03       -76.8989     
                1.4937E-03       -99.7848     
                1.495E-03       -106.685      
                1.4963E-03       -80.1305     
                1.4976E-03       -64.8532     
                1.4989E-03       -97.0722     
                1.5002E-03       -78.4081     
                1.5015E-03       -95.164      
                1.5028E-03      -104.288      
                1.5041E-03       -99.5413     
                1.5054E-03      -113.19       
                1.5067E-03      -109.134      
                1.508E-03        -69.2458     
                1.5093E-03       -85.1994     
                1.5106E-03       -92.677      
                1.5119E-03      -107.511      
                1.5132E-03       -75.5149     
                1.5145E-03       -96.6896     
                1.5158E-03       -93.2245     
                1.5171E-03      -107.846      
                1.5184E-03      -109.947      
                1.5197E-03      -104.283      
                1.521E-03       -108.809      
                1.5223E-03      -107.481      
                1.5236E-03       -79.7452     
                1.5249E-03       -89.8649     
                1.5262E-03       -95.7548     
                1.5275E-03       -80.3984     
                1.5288E-03       -65.5615     
                1.5301E-03       -94.4554     
                1.5314E-03       -93.8312     
                1.5327E-03       -93.9992     
                1.534E-03       -100.45       
                1.5353E-03       -97.3609     
                1.5366E-03      -100.24       
                1.5379E-03       -76.2971     
                1.5392E-03      -108.467      
                1.5405E-03       -96.7649     
                1.5418E-03       -57.5384     
                1.5431E-03       -85.166      
                1.5444E-03       -92.5947     
                1.5457E-03       -92.6547     
                1.547E-03        -80.066      
                1.5483E-03       -82.0053     
                1.5496E-03       -77.5609     
                1.5509E-03       -90.1986     
                1.5522E-03       -67.4523     
                1.5535E-03       -72.7102     
                1.5548E-03       -40.5542     
                1.5561E-03       -81.9462     
                1.5574E-03      -107.463      
                1.5587E-03       -87.5852     
                1.56E-03         -74.0786     
                1.5613E-03       -80.7775     
                1.5626E-03       -77.9393     
                1.5639E-03       -86.7339     
                1.5652E-03       -93.8246     
                1.5665E-03       -74.9737     
                1.5678E-03      -106.095      
                1.5691E-03      -107.769      
                1.5704E-03       -91.4585     
                1.5717E-03      -101.971      
                1.573E-03        -97.4053     
                1.5743E-03      -113.405      
                1.5756E-03      -104.428      
                1.5769E-03       -68.062      
                1.5782E-03      -102.102      
                1.5795E-03       -87.1253     
                1.5808E-03      -107.331      
                1.5821E-03       -86.0702     
                1.5834E-03       -93.7144     
                1.5847E-03       -72.4722     
                1.586E-03        -90.0968     
                1.5873E-03       -90.8405     
                1.5886E-03       -88.5747     
                1.5899E-03       -80.5675     
                1.5912E-03       -66.0788     
                1.5925E-03       -71.4668     
                1.5938E-03       -87.5678     
                1.5951E-03       -83.4218     
                1.5964E-03       -81.205      
                1.5977E-03       -93.7923     
                1.599E-03       -114.737      
                1.6003E-03       -82.9981     
                1.6016E-03      -103.137      
                1.6029E-03      -102.399      
                1.6042E-03      -107.414      
                1.6055E-03      -117.334      
                1.6068E-03      -102.27       
                1.6081E-03       -95.7961     
                1.6094E-03      -110.392      
                1.6107E-03       -99.4307     
                1.612E-03       -114.092      
                1.6133E-03      -121.399      
                1.6146E-03       -38.8715     
                1.6159E-03       -57.8734     
                1.6172E-03       -78.6988     
                1.6185E-03       -77.7825     
                1.6198E-03       -71.8495     
                1.6211E-03       -31.2907     
                1.6224E-03       -38.8171     
                1.6237E-03       -34.0846     
                1.625E-03        -72.4155     
                1.6263E-03       -74.3138     
                1.6276E-03       -62.3706     
                1.6289E-03       -72.8924     
                1.6302E-03       -95.1801     
                1.6315E-03       -97.5633     
                1.6328E-03      -134.176      
                1.6341E-03       -56.1762     
                1.6354E-03       -75.3495     
                1.6367E-03       -63.4361     
                1.638E-03        -80.2371     
                1.6393E-03       -79.5042     
                1.6406E-03       -84.0571     
                1.6419E-03      -100.273      
                1.6432E-03       -99.5764     
                1.6445E-03       -91.4826     
                1.6458E-03      -103.95       
                1.6471E-03       -77.059      
                1.6484E-03      -108.394      
                1.6497E-03      -110.183      
                1.651E-03        -79.329      
                1.6523E-03       -57.9619     
                1.6536E-03       -66.5467     
                1.6549E-03       -75.5883     
                1.6562E-03       -66.7675     
                1.6575E-03       -92.5799     
                1.6588E-03      -105.381      
                1.6601E-03       -96.4851     
                1.6614E-03       -86.6209     
                1.6627E-03       -91.1508     
                1.664E-03        -67.414      
                1.6653E-03       -75.4896     
                1.6666E-03       -84.1426     
                1.6679E-03       -99.4997     
                1.6692E-03       -97.699      
                1.6705E-03      -101.921      
                1.6718E-03      -105.706      
                1.6731E-03      -109.399      
                1.6744E-03       -83.4896     
                1.6757E-03       -84.662      
                1.677E-03        -72.404      
                1.6783E-03       -79.3        
                1.6796E-03       -92.2464     
                1.6809E-03       -82.383      
                1.6822E-03       -56.4658     
                1.6835E-03       -95.4992     
                1.6848E-03       -82.9568     
                1.6861E-03       -96.6706     
                1.6874E-03       -92.833      
                1.6887E-03       -86.1988     
                1.69E-03         -66.1954     
                1.6913E-03       -96.7316     
                1.6926E-03      -107.689      
                1.6939E-03       -64.5259     
                1.6952E-03      -102.023      
                1.6965E-03       -59.8018     
                1.6978E-03       -93.4709     
                1.6991E-03      -100.175      
                1.7004E-03      -103.889      
                1.7017E-03      -115.522      
                1.703E-03        -99.5531     
                1.7043E-03      -119.278      
                1.7056E-03      -114.917      
                1.7069E-03       -93.7402     
                1.7082E-03      -105.196      
                1.7095E-03      -107.714      
                1.7108E-03      -110.37       
                1.7121E-03      -112.018      
                1.7134E-03      -125.443      
                1.7147E-03      -105.525      
                1.716E-03       -123.815      
                1.7173E-03      -103.856      
                1.7186E-03       -92.4084     
                1.7199E-03       -67.3632     
                1.7212E-03       -95.0353     
                1.7225E-03      -100.901      
                1.7238E-03      -108.242      
                1.7251E-03      -102.156      
                1.7264E-03      -114.36       
                1.7277E-03       -24.6568     
                1.729E-03        -76.4158     
                1.7303E-03       -82.3939     
                1.7316E-03       -89.9806     
                1.7329E-03      -104.891      
                1.7342E-03      -102.321      
                1.7355E-03       -84.8945     
                1.7368E-03       -70.0359     
                1.7381E-03       -96.2135     
                1.7394E-03       -94.2599     
                1.7407E-03       -85.4015     
                1.742E-03       -103.675      
                1.7433E-03      -113.961      
                1.7446E-03      -121.503      
                1.7459E-03       -86.431      
                1.7472E-03       -57.4474     
                1.7485E-03       -76.8322     
                1.7498E-03       -87.8681     
                1.7511E-03       -89.5913     
                1.7524E-03      -100.75       
                1.7537E-03       -88.8268     
                1.755E-03       -118.167      
                1.7563E-03      -103.506      
                1.7576E-03       -76.993      
                1.7589E-03       -77.1474     
                1.7602E-03      -110.88       
                1.7615E-03       -97.5062     
                1.7628E-03       -92.3159     
                1.7641E-03       -96.1592     
                1.7654E-03       -71.4551     
                1.7667E-03       -96.103      
                1.768E-03       -109.83       
                1.7693E-03       -94.4353     
                1.7706E-03       -53.3758     
                1.7719E-03       -86.4673     
                1.7732E-03       -96.9268     
                1.7745E-03      -106.387      
                1.7758E-03      -111.971      
                1.7771E-03      -104.149      
                1.7784E-03      -106.339      
                1.7797E-03      -100.39       
                1.781E-03        -84.6878     
                1.7823E-03       -88.1348     
                1.7836E-03       -90.3685     
                1.7849E-03       -62.3549     
                1.7862E-03       -47.7592     
                1.7875E-03       -69.0251     
                1.7888E-03       -97.8491     
                1.7901E-03       -89.3508     
                1.7914E-03      -106.157      
                1.7927E-03       -85.6468     
                1.794E-03       -114.522      
                1.7953E-03      -100.134      
                1.7966E-03      -103.798      
                1.7979E-03       -95.5578     
                1.7992E-03       -82.8436     
                1.8005E-03       -85.2463     
                1.8018E-03       -82.9006     
                1.8031E-03       -86.6844     
                1.8044E-03       -95.1446     
                1.8057E-03      -117.224      
                1.807E-03       -104.487      
                1.8083E-03      -118.978      
                1.8096E-03      -119.923      
                1.8109E-03      -130.104      
                1.8122E-03      -127.54       
                1.8135E-03      -117.177      
                1.8148E-03      -108.509      
                1.8161E-03      -102.277      
                1.8174E-03      -102.582      
                1.8187E-03       -96.6465     
                1.82E-03        -106.084      
                1.8213E-03       -58.3943     
                1.8226E-03      -103.095      
                1.8239E-03       -94.5426     
                1.8252E-03      -104.775      
                1.8265E-03      -124.235      
                1.8278E-03      -107.652      
                1.8291E-03       -98.216      
                1.8304E-03       -92.961      
                1.8317E-03      -103.492      
                1.833E-03       -112.439      
                1.8343E-03       -79.8825     
                1.8356E-03      -146.006      
                1.8369E-03      -102.089      
                1.8382E-03       -85.3732     
                1.8395E-03       -94.2034     
                1.8408E-03       -95.5848     
                1.8421E-03       -89.5555     
                1.8434E-03       -95.8771     
                1.8447E-03      -104.834      
                1.846E-03        -60.802      
                1.8473E-03       -94.8402     
                1.8486E-03      -101.025      
                1.8499E-03      -118.157      
                1.8512E-03      -100.182      
                1.8525E-03       -65.1794     
                1.8538E-03      -115.117      
                1.8551E-03       -65.944      
                1.8564E-03       -65.1293     
                1.8577E-03       -94.7545     
                1.859E-03       -113.762      
                1.8603E-03       -94.8514     
                1.8616E-03       -87.2229     
                1.8629E-03       -99.9451     
                1.8642E-03      -105.31       
                1.8655E-03      -124.033      
                1.8668E-03      -122.849      
                1.8681E-03      -110.502      
                1.8694E-03      -101.239      
                1.8707E-03       -87.6896     
                1.872E-03       -118.308      
                1.8733E-03      -124.665      
                1.8746E-03      -120.503      
                1.8759E-03       -62.3203     
                1.8772E-03       -64.0192     
                1.8785E-03       -64.2705     
                1.8798E-03       -84.1617     
                1.8811E-03       -94.9728     
                1.8824E-03      -114.766      
                1.8837E-03      -124.111      
                1.885E-03       -131.521      
                1.8863E-03       -85.2904     
                1.8876E-03       -90.652      
                1.8889E-03       -74.5585     
                1.8902E-03      -103.651      
                1.8915E-03       -97.9387     
                1.8928E-03      -131.249      
                1.8941E-03       -79.5247     
                1.8954E-03       -99.0242     
                1.8967E-03       -88.6265     
                1.898E-03       -112.079      
                1.8993E-03      -110.381      
                1.9006E-03       -88.9486     
                1.9019E-03      -102.023      
                1.9032E-03      -116.031      
                1.9045E-03      -112.494      
                1.9058E-03      -124.843      
                1.9071E-03       -81.3125     
                1.9084E-03      -108.376      
                1.9097E-03      -125.839      
                1.911E-03       -114.93       
                1.9123E-03      -140.093      
                1.9136E-03       -84.4639     
                1.9149E-03       -86.007      
                1.9162E-03       -87.032      
                1.9175E-03      -109.752      
                1.9188E-03      -107.3        
                1.9201E-03       -53.4941     
                1.9214E-03       -86.9707     
                1.9227E-03      -101.477      
                1.924E-03       -112.424      
                1.9253E-03      -121.6        
                1.9266E-03       -64.9167     
                1.9279E-03      -106.747      
                1.9292E-03       -99.4619     
                1.9305E-03      -121.856      
                1.9318E-03       -76.5555     
                1.9331E-03       -95.349      
                1.9344E-03       -64.5848     
                1.9357E-03       -57.292      
                1.937E-03        -83.4916     
                1.9383E-03       -62.2822     
                1.9396E-03       -84.2669     
                1.9409E-03       -66.6305     
                1.9422E-03       -91.284      
                1.9435E-03       -63.3012     
                1.9448E-03       -23.0145     
                1.9461E-03       -69.3906     
                1.9474E-03       -54.6531     
                1.9487E-03       -50.6956     
                1.95E-03         -13.4296     
                1.9513E-03       -83.5677     
                1.9526E-03       -72.6721     
                1.9539E-03       -55.519      
                1.9552E-03       -90.3398     
                1.9565E-03       -78.288      
                1.9578E-03      -102.403      
                1.9591E-03      -107.049      
                1.9604E-03      -106.117      
                1.9617E-03       -74.9999     
                1.963E-03        -58.0974     
                1.9643E-03       -86.7377     
                1.9656E-03       -92.863      
                1.9669E-03      -105.308      
                1.9682E-03       -93.3071     
                1.9695E-03       -85.5296     
                1.9708E-03      -101.461      
                1.9721E-03      -113.488      
                1.9734E-03      -108.852      
                1.9747E-03      -113.38       
                1.976E-03       -108.77       
                1.9773E-03       -56.498      
                1.9786E-03       -68.9346     
                1.9799E-03       -94.5189     
                1.9812E-03      -112.748      
                1.9825E-03      -120.069      
                1.9838E-03      -113.118      
                1.9851E-03       -84.5634     
                1.9864E-03      -109.263      
                1.9877E-03      -114.428      
                1.989E-03       -118.249      
                1.9903E-03      -114.132      
                1.9916E-03       -87.7922     
                1.9929E-03       -84.6352     
                1.9942E-03      -108.889      
                1.9955E-03       -71.0482     
                1.9968E-03       -95.2114     
                1.9981E-03       -96.9565     
                1.9994E-03       -97.1492     
                2.0007E-03       -86.6262     
                2.002E-03       -101.785      
                2.0033E-03       -90.6474     
                2.0046E-03      -106.45       
                2.0059E-03       -85.6401     
                2.0072E-03       -98.2004     
                2.0085E-03       -94.2514     
                2.0098E-03      -111.623      
                2.0111E-03      -119.267      
                2.0124E-03       -98.9185     
                2.0137E-03       -84.0375     
                2.015E-03        -84.5744     
                2.0163E-03      -100.892      
                2.0176E-03       -90.8147     
                2.0189E-03      -109.762      
                2.0202E-03       -81.4922     
                2.0215E-03       -66.0858     
                2.0228E-03       -92.1309     
                2.0241E-03       -87.8707     
                2.0254E-03       -71.8849     
                2.0267E-03       -82.58       
                2.028E-03        -74.785      
                2.0293E-03       -49.3877     
                2.0306E-03       -75.3769     
                2.0319E-03       -74.2542     
                2.0332E-03       -96.6321     
                2.0345E-03       -89.2744     
                2.0358E-03       -87.3525     
                2.0371E-03      -100.546      
                2.0384E-03       -76.7112     
                2.0397E-03       -19.5139     
                2.041E-03        -86.5624     
                2.0423E-03       -76.1342     
                2.0436E-03       -82.3417     
                2.0449E-03       -72.1276     
                2.0462E-03       -76.2134     
                2.0475E-03       -88.3302     
                2.0488E-03       -98.7895     
                2.0501E-03      -102.56       
                2.0514E-03       -93.8981     
                2.0527E-03       -98.6069     
                2.054E-03       -118.063      
                2.0553E-03       -96.6377     
                2.0566E-03       -79.0555     
                2.0579E-03      -104.393      
                2.0592E-03      -126.125      
                2.0605E-03       -90.9537     
                2.0618E-03       -69.9048     
                2.0631E-03      -124.05       
                2.0644E-03      -134.144      
                2.0657E-03      -130.821      
                2.067E-03       -118.763      
                2.0683E-03       -67.1625     
                2.0696E-03       -93.7719     
                2.0709E-03       -97.0481     
                2.0722E-03      -111.38       
                2.0735E-03      -115.613      
                2.0748E-03      -108.705      
                2.0761E-03       -74.8628     
                2.0774E-03      -106.434      
                2.0787E-03      -114.845      
                2.08E-03        -120.214      
                2.0813E-03       -92.498      
                2.0826E-03       -69.4152     
                2.0839E-03       -78.6727     
                2.0852E-03       -90.5166     
                2.0865E-03      -109.524      
                2.0878E-03      -124.952      
                2.0891E-03      -112.314      
                2.0904E-03       -70.4207     
                2.0917E-03      -109.893      
                2.093E-03       -122.614      
                2.0943E-03      -115.814      
                2.0956E-03       -60.7299     
                2.0969E-03      -112.981      
                2.0982E-03       -79.7223     
                2.0995E-03       -99.5488     
                2.1008E-03      -111.297      
                2.1021E-03       -86.6969     
                2.1034E-03      -107.019      
                2.1047E-03      -109.055      
                2.106E-03       -116.791      
                2.1073E-03      -123.596      
                2.1086E-03       -73.9468     
                2.1099E-03       -92.4918     
                2.1112E-03       -93.1631     
                2.1125E-03      -104.206      
                2.1138E-03       -82.5861     
                2.1151E-03      -102.119      
                2.1164E-03       -90.7489     
                2.1177E-03      -105.329      
                2.119E-03        -87.6464     
                2.1203E-03      -107.481      
                2.1216E-03       -93.0525     
                2.1229E-03       -85.3066     
                2.1242E-03       -98.3409     
                2.1255E-03      -116.188      
                2.1268E-03      -140.54       
                2.1281E-03       -98.319      
                2.1294E-03      -107.593      
                2.1307E-03      -119.917      
                2.132E-03       -110.538      
                2.1333E-03       -76.7994     
                2.1346E-03       -52.5509     
                2.1359E-03       -84.7132     
                2.1372E-03       -90.8432     
                2.1385E-03      -112.026      
                2.1398E-03      -122.311      
                2.1411E-03      -105.006      
                2.1424E-03      -110.867      
                2.1437E-03       -98.4585     
                2.145E-03       -115.716      
                2.1463E-03      -117.608      
                2.1476E-03      -131.827      
                2.1489E-03      -121.381      
                2.1502E-03       -59.6235     
                2.1515E-03       -82.3246     
                2.1528E-03      -102.33       
                2.1541E-03      -110.035      
                2.1554E-03      -126.244      
                2.1567E-03      -112.837      
                2.158E-03       -111.532      
                2.1593E-03      -121.878      
                2.1606E-03      -130.674      
                2.1619E-03       -90.3167     
                2.1632E-03       -82.7088     
                2.1645E-03       -77.2679     
                2.1658E-03       -86.8105     
                2.1671E-03      -104.613      
                2.1684E-03       -93.076      
                2.1697E-03      -113.307      
                2.171E-03       -116.742      
                2.1723E-03       -90.3727     
                2.1736E-03       -97.3668     
                2.1749E-03      -114.735      
                2.1762E-03      -108.345      
                2.1775E-03      -107.394      
                2.1788E-03       -81.4924     
                2.1801E-03       -92.5022     
                2.1814E-03       -61.9057     
                2.1827E-03       -72.2311     
                2.184E-03        -78.6979     
                2.1853E-03       -90.7498     
                2.1866E-03       -89.8323     
                2.1879E-03       -68.7844     
                2.1892E-03       -65.4277     
                2.1905E-03       -81.9547     
                2.1918E-03       -82.4185     
                2.1931E-03       -96.1622     
                2.1944E-03       -79.5202     
                2.1957E-03      -113.526      
                2.197E-03        -80.5659     
                2.1983E-03       -88.003      
                2.1996E-03       -87.7074     
                2.2009E-03      -111.322      
                2.2022E-03       -84.3997     
                2.2035E-03       -90.9314     
                2.2048E-03       -87.1633     
                2.2061E-03       -94.6728     
                2.2074E-03       -81.5095     
                2.2087E-03      -104.474      
                2.21E-03         -99.4196     
                2.2113E-03       -85.1389     
                2.2126E-03       -88.8723     
                2.2139E-03      -106.445      
                2.2152E-03       -82.032      
                2.2165E-03      -102.862      
                2.2178E-03       -95.0229     
                2.2191E-03       -82.9368     
                2.2204E-03       -91.5382     
                2.2217E-03       -87.7747     
                2.223E-03        -13.3639     
                2.2243E-03       -75.3541     
                2.2256E-03       -80.7091     
                2.2269E-03       -74.9941     
                2.2282E-03       -76.0226     
                2.2295E-03       -66.3514     
                2.2308E-03       -64.3859     
                2.2321E-03       -81.5597     
                2.2334E-03       -80.7751     
                2.2347E-03       -58.5873     
                2.236E-03        -74.4785     
                2.2373E-03       -77.5768     
                2.2386E-03       -73.8362     
                2.2399E-03       -63.5378     
                2.2412E-03       -63.4385     
                2.2425E-03       -74.6062     
                2.2438E-03       -66.781      
                2.2451E-03       -69.9158     
                2.2464E-03       -70.5855     
                2.2477E-03       -32.7656     
                2.249E-03        -62.2724     
                2.2503E-03       -70.4471     
                2.2516E-03       -87.1081     
                2.2529E-03       -82.2746     
                2.2542E-03       -75.4764     
                2.2555E-03       -83.6487     
                2.2568E-03       -90.7738     
                2.2581E-03       -91.0116     
                2.2594E-03       -76.4433     
                2.2607E-03       -77.4979     
                2.262E-03        -83.1388     
                2.2633E-03       -85.9022     
                2.2646E-03       -87.4247     
                2.2659E-03       -66.4706     
                2.2672E-03       -70.798      
                2.2685E-03       -88.0649     
                2.2698E-03       -62.8886     
                2.2711E-03       -96.4557     
                2.2724E-03       -96.2216     
                2.2737E-03       -91.1        
                2.275E-03        -65.9126     
                2.2763E-03       -85.3636     
                2.2776E-03       -80.184      
                2.2789E-03       -92.1972     
                2.2802E-03      -106.716      
                2.2815E-03       -71.796      
                2.2828E-03       -71.5889     
                2.2841E-03       -85.2322     
                2.2854E-03       -82.8515     
                2.2867E-03       -83.8015     
                2.288E-03        -84.2106     
                2.2893E-03      -110.217      
                2.2906E-03       -90.6032     
                2.2919E-03       -53.9063     
                2.2932E-03       -78.2583     
                2.2945E-03       -72.8041     
                2.2958E-03       -82.6184     
                2.2971E-03       -79.5073     
                2.2984E-03      -100.685      
                2.2997E-03       -95.5572     
                2.301E-03        -64.6402     
                2.3023E-03       -74.2243     
                2.3036E-03       -56.5068     
                2.3049E-03       -79.9563     
                2.3062E-03       -72.7732     
                2.3075E-03      -104.101      
                2.3088E-03      -120.615      
                2.3101E-03       -78.8103     
                2.3114E-03       -74.805      
                2.3127E-03       -78.4953     
                2.314E-03        -92.2376     
                2.3153E-03       -90.8892     
                2.3166E-03       -81.8556     
                2.3179E-03       -89.2928     
                2.3192E-03       -87.0823     
                2.3205E-03       -59.0348     
                2.3218E-03      -102.323      
                2.3231E-03       -79.7583     
                2.3244E-03       -61.6023     
                2.3257E-03       -55.9574     
                2.327E-03        -75.7183     
                2.3283E-03       -78.5628     
                2.3296E-03       -82.1342     
                2.3309E-03       -76.8827     
                2.3322E-03       -90.1763     
                2.3335E-03       -81.8892     
                2.3348E-03       -83.8614     
                2.3361E-03       -72.7106     
                2.3374E-03       -70.7776     
                2.3387E-03       -76.1145     
                2.34E-03         -82.9862     
                2.3413E-03       -89.8165     
                2.3426E-03       -78.7896     
                2.3439E-03       -75.479      
                2.3452E-03       -76.5321     
                2.3465E-03       -89.5141     
                2.3478E-03       -56.6046     
                2.3491E-03       -67.4102     
                2.3504E-03       -75.9638     
                2.3517E-03       -70.0543     
                2.353E-03        -70.7386     
                2.3543E-03       -69.4931     
                2.3556E-03       -32.7418     
                2.3569E-03       -60.1839     
                2.3582E-03       -67.5655     
                2.3595E-03       -66.0947     
                2.3608E-03       -71.7237     
                2.3621E-03       -72.41       
                2.3634E-03       -69.4358     
                2.3647E-03       -64.0246     
                2.366E-03        -70.3519     
                2.3673E-03       -61.939      
                2.3686E-03       -71.787      
                2.3699E-03       -68.2019     
                2.3712E-03       -65.484      
                2.3725E-03       -76.1594     
                2.3738E-03       -78.6781     
                2.3751E-03       -63.4407     
                2.3764E-03       -68.5079     
                2.3777E-03       -71.914      
                2.379E-03        -77.5872     
                2.3803E-03       -74.4492     
                2.3816E-03       -69.8145     
                2.3829E-03       -72.6585     
                2.3842E-03       -71.1656     
                2.3855E-03       -63.1131     
                2.3868E-03       -63.9177     
                2.3881E-03       -57.0519     
                2.3894E-03       -63.6692     
                2.3907E-03       -68.02       
                2.392E-03        -66.7382     
                2.3933E-03       -60.9201     
                2.3946E-03       -61.1484     
                2.3959E-03       -62.7785     
                2.3972E-03       -28.8505     
                2.3985E-03       -29.6063     
                2.3998E-03       -71.1817     
                2.4011E-03       -60.8133     
                2.4024E-03       -59.0463     
                2.4037E-03       -62.6858     
                2.405E-03        -55.9648     
                2.4063E-03       -59.1608     
                2.4076E-03       -56.4696     
                2.4089E-03       -50.7706     
                2.4102E-03       -61.562      
                2.4115E-03       -54.3116     
                2.4128E-03       -60.4903     
                2.4141E-03       -56.9907     
                2.4154E-03       -43.9167     
                2.4167E-03       -57.7244     
                2.418E-03        -27.1951     
                2.4193E-03       -45.0436     
                2.4206E-03       -42.7767     
                2.4219E-03       -61.8568     
                2.4232E-03       -61.1441     
                2.4245E-03       -71.4547     
                2.4258E-03       -67.141      
                2.4271E-03       -56.848      
                2.4284E-03       -61.826      
                2.4297E-03       -58.6058     
                2.431E-03        -55.3022     
                2.4323E-03       -60.509      
                2.4336E-03       -52.8566     
                2.4349E-03       -57.5154     
                2.4362E-03       -60.3206     
                2.4375E-03       -63.6339     
                2.4388E-03       -56.119      
                2.4401E-03       -55.1535     
                2.4414E-03       -66.155      
                2.4427E-03       -65.7155     
                2.444E-03        -59.758      
                2.4453E-03       -54.3292     
                2.4466E-03       -61.7107     
                2.4479E-03       -56.3104     
                2.4492E-03       -40.7125     
                2.4505E-03       -58.2821     
                2.4518E-03       -60.7852     
                2.4531E-03       -32.9713     
                2.4544E-03       -26.6553     
                2.4557E-03       -49.364      
                2.457E-03        -55.6373     
                2.4583E-03       -45.2569     
                2.4596E-03       -42.9556     
                2.4609E-03       -48.2014     
                2.4622E-03       -40.3061     
                2.4635E-03       -45.4459     
                2.4648E-03       -47.4626     
                2.4661E-03       -47.41       
                2.4674E-03       -42.8306     
                2.4687E-03       -23.193      
                2.47E-03         -28.3705     
                2.4713E-03       -37.304      
                2.4726E-03       -34.4312     
                2.4739E-03       -36.8615     
                2.4752E-03       -31.4478     
                2.4765E-03       -35.7801     
                2.4778E-03       -33.3373     
                2.4791E-03       -32.0538     
                2.4804E-03       -32.5416     
                2.4817E-03       -35.0749     
                2.483E-03        -45.9725     
                2.4843E-03       -50.1156     
                2.4856E-03       -49.3353     
                2.4869E-03       -45.3206     
                2.4882E-03       -35.5324     
                2.4895E-03       -28.9148     
                2.4908E-03       -36.409      
                2.4921E-03       -42.6888     
                2.4934E-03       -43.5373     
                2.4947E-03       -42.9723     
                2.496E-03        -33.3509     
                2.4973E-03       -34.1102     
                2.4986E-03       -29.6399     
                2.4999E-03       -34.8679     
                2.5012E-03       -35.1833     
                2.5025E-03       -39.2914     
                2.5038E-03       -25.2851     
                2.5051E-03       -34.4736     
                2.5064E-03       -31.1414     
                2.5077E-03       -34.9252     
                2.509E-03        -33.2319     
                2.5103E-03       -27.2538     
                2.5116E-03       -34.4495     
                2.5129E-03       -33.1701     
                2.5142E-03       -33.4218     
                2.5155E-03       -32.7823     
                2.5168E-03       -32.2289     
                2.5181E-03       -18.0089     
                2.5194E-03       -33.407      
                2.5207E-03       -24.3954     
                2.522E-03        -41.2809     
                2.5233E-03       -48.0361     
                2.5246E-03       -30.8997     
                2.5259E-03        -6.59456    
                2.5272E-03       -41.3816     
                2.5285E-03       -34.7385     
                2.5298E-03       -29.9322     
                2.5311E-03       -32.6843     
                2.5324E-03       -30.1545     
                2.5337E-03       -39.9944     
                2.535E-03        -24.9713     
                2.5363E-03       -46.4014     
                2.5376E-03       -36.9035     
                2.5389E-03       -30.2805     
                2.5402E-03       -31.3123     
                2.5415E-03       -30.1925     
                2.5428E-03        -9.82851    
                2.5441E-03       -30.2495     
                2.5454E-03       -28.1077     
                2.5467E-03       -13.8051     
                2.548E-03        -22.4417     
                2.5493E-03       -14.832      
                2.5506E-03       -27.6958     
                2.5519E-03       -22.0889     
                2.5532E-03       -34.1081     
                2.5545E-03       -33.2983     
                2.5558E-03       -32.7369     
                2.5571E-03       -38.2076     
                2.5584E-03       -34.7452     
                2.5597E-03       -29.512      
                2.561E-03        -30.2513     
                2.5623E-03       -36.2839     
                2.5636E-03       -39.262      
                2.5649E-03       -33.5575     
                2.5662E-03       -28.7027     
                2.5675E-03       -30.9953     
                2.5688E-03       -31.416      
                2.5701E-03       -32.7668     
                2.5714E-03       -28.7443     
                2.5727E-03       -38.4847     
                2.574E-03        -36.4162     
                2.5753E-03       -32.5703     
                2.5766E-03       -27.7492     
                2.5779E-03       -37.8345     
                2.5792E-03       -27.8088     
                2.5805E-03       -35.0841     
                2.5818E-03       -54.877      
                2.5831E-03       -50.9481     
                2.5844E-03       -47.5024     
                2.5857E-03       -31.9701     
                2.587E-03        -31.8489     
                2.5883E-03       -33.5798     
                2.5896E-03       -33.7385     
                2.5909E-03       -32.382      
                2.5922E-03       -20.9772     
                2.5935E-03       -27.7736     
                2.5948E-03       -31.5116     
                2.5961E-03       -22.8782     
                2.5974E-03       -23.2058     
                2.5987E-03        -6.7521     
                2.6E-03          -34.6497     




