
                  X               _temp_2     

                0.                 0.         
                5.00077E-06       34.7355     
               10.0003E-06        49.3272     
               15.0011E-06        10.5493     
               20.0006E-06       -45.0703     
               25.0002E-06       -67.4975     
               30.001E-06        -65.2581     
               35.0006E-06       -46.6897     
               40.0003E-06       -43.0988     
               45.E-06           -52.5851     
               50.0009E-06       -62.1992     
               55.0007E-06       -73.6356     
               60.0004E-06       -74.2601     
               65.0001E-06       -68.6333     
               70.0003E-06       -64.7552     
               75.0006E-06       -61.4468     
               80.0008E-06       -63.9195     
               85.001E-06        -68.3904     
               90.E-06           -71.9708     
               95.0002E-06       -72.4619     
              100.E-06           -72.1992     
              105.001E-06        -74.7003     
              110.001E-06        -76.3068     
              115.001E-06        -78.3196     
              120.E-06           -78.9813     
              125.E-06           -81.3517     
              130.E-06           -83.8931     
              135.001E-06        -84.4739     
              140.001E-06        -82.6751     
              145.E-06           -83.8027     
              150.E-06           -83.9647     
              155.001E-06        -84.8423     
              160.001E-06        -85.9155     
              165.E-06           -86.5329     
              170.001E-06        -87.107      
              175.001E-06        -87.949      
              180.E-06           -89.1466     
              185.E-06           -90.1128     
              190.001E-06        -91.3688     
              195.001E-06        -94.4589     
              200.E-06           -97.5897     
              205.E-06           -99.7326     
              210.001E-06       -101.62       
              215.001E-06        -81.245      
              220.E-06           -91.4208     
              225.001E-06        -93.1028     
              230.001E-06        -94.7863     
              235.E-06           -94.2904     
              240.E-06           -95.397      
              245.001E-06        -98.231      
              250.001E-06       -102.225      
              255.001E-06       -101.793      
              260.E-06           -88.6639     
              265.001E-06        -94.3353     
              270.001E-06        -97.3077     
              275.001E-06       -100.509      
              280.001E-06       -102.36       
              285.001E-06       -102.999      
              290.E-06           -77.1959     
              295.E-06           -84.9343     
              300.E-06           -90.0223     
              305.E-06           -99.0891     
              310.E-06          -101.216      
              315.E-06           -68.4021     
              320.001E-06        -86.1546     
              325.001E-06        -91.0436     
              330.001E-06        -93.9729     
              335.001E-06        -99.2987     
              340.001E-06        -98.1794     
              345.E-06           -67.1892     
              350.E-06           -81.8561     
              355.E-06           -86.8876     
              360.E-06           -91.1998     
              365.001E-06        -93.877      
              370.001E-06        -99.7831     
              375.001E-06        -69.3183     
              380.001E-06        -80.5826     
              385.001E-06        -84.5765     
              390.001E-06        -88.5674     
              395.001E-06        -91.5673     
              400.001E-06        -98.4137     
              405.001E-06        -68.1632     
              410.001E-06        -78.9525     
              415.001E-06        -85.4527     
              420.001E-06        -90.4512     
              425.001E-06        -94.4573     
              430.001E-06       -106.404      
              435.001E-06        -65.5362     
              440.E-06           -77.4434     
              445.E-06           -85.1917     
              450.E-06           -91.1421     
              455.E-06           -90.9726     
              460.001E-06        -66.2902     
              465.E-06           -79.8119     
              470.001E-06        -82.4071     
              475.001E-06        -86.4495     
              480.001E-06        -90.1436     
              485.E-06           -76.917      
              490.001E-06        -79.719      
              495.001E-06        -79.9244     
              500.001E-06        -77.7934     
              505.001E-06        -92.1635     
              510.E-06           -78.3457     
              515.E-06           -82.9153     
              520.E-06           -82.2397     
              525.E-06           -85.4467     
              530.E-06           -93.463      
              535.001E-06        -79.6251     
              540.001E-06        -84.1279     
              545.001E-06        -86.1528     
              550.001E-06        -89.2608     
              555.E-06          -100.041      
              560.001E-06        -83.3388     
              565.001E-06        -95.482      
              570.001E-06        -96.1562     
              575.001E-06        -96.2386     
              580.001E-06       -100.739      
              585.E-06           -85.0245     
              590.E-06           -94.7803     
              595.E-06           -97.1417     
              600.E-06           -98.1875     
              605.E-06          -104.511      
              610.E-06          -112.061      
              615.E-06           -99.2667     
              620.E-06           -96.561      
              625.E-06           -96.4937     
              630.E-06          -102.689      
              635.E-06          -108.701      
              640.E-06           -92.2618     
              645.E-06           -99.8413     
              650.E-06           -99.9977     
              655.E-06          -103.822      
              660.E-06          -107.462      
              665.E-06           -97.0185     
              670.001E-06       -101.209      
              675.E-06          -102.065      
              680.E-06          -104.108      
              685.E-06          -106.639      
              690.001E-06        -98.7006     
              695.E-06          -104.572      
              700.001E-06       -105.86       
              705.E-06          -110.077      
              710.001E-06       -111.243      
              715.001E-06       -113.729      
              720.001E-06       -110.707      
              725.E-06          -113.25       
              730.001E-06       -112.191      
              735.E-06          -115.217      
              740.001E-06       -114.896      
              745.001E-06       -117.546      
              750.001E-06       -118.055      
              755.001E-06       -111.898      
              760.E-06          -115.579      
              765.001E-06       -117.747      
              770.E-06          -107.871      
              775.E-06          -113.443      
              780.001E-06       -115.768      
              785.E-06          -113.259      
              790.001E-06       -114.704      
              795.E-06          -118.972      
              800.001E-06       -119.991      
              805.E-06          -118.367      
              810.001E-06       -122.313      
              815.E-06          -122.278      
              820.E-06          -115.047      
              825.001E-06       -122.672      
              830.E-06          -116.589      
              835.001E-06       -112.251      
              840.E-06          -117.649      
              845.001E-06       -124.322      
              850.E-06          -116.077      
              855.001E-06       -127.404      
              860.E-06           -98.6953     
              865.E-06          -123.461      
              870.001E-06       -130.074      
              875.E-06          -133.722      
              880.001E-06       -118.576      
              885.E-06          -131.423      
              890.001E-06        -96.1089     
              895.E-06          -119.391      
              900.001E-06       -128.796      
              905.E-06          -136.229      
              910.001E-06       -111.855      
              915.001E-06       -130.397      
              920.E-06          -135.806      
              925.001E-06       -112.709      
              930.E-06          -126.625      
              935.001E-06       -136.835      
              940.E-06          -113.946      
              945.001E-06       -129.794      
              950.E-06          -133.004      
              955.001E-06       -112.036      
              960.001E-06       -125.547      
              965.E-06          -134.62       
              970.001E-06       -124.697      
              975.E-06          -107.004      
              980.001E-06        -92.7995     
              985.E-06          -103.058      
              990.001E-06       -118.413      
              995.E-06          -133.418      
                1.E-03          -119.985      
                1.005E-03       -126.585      
                1.01E-03         -97.2352     
                1.015E-03       -111.772      
                1.02E-03         -94.7259     
                1.025E-03       -119.521      
                1.03E-03        -109.123      
                1.035E-03       -120.895      
                1.04E-03        -125.993      
                1.045E-03       -127.452      
                1.05E-03        -130.354      
                1.055E-03       -140.413      
                1.06E-03        -128.521      
                1.065E-03       -127.13       
                1.07E-03        -136.481      
                1.075E-03       -137.463      
                1.08E-03        -140.936      
                1.085E-03       -145.033      
                1.09E-03        -124.058      
                1.095E-03       -136.226      
                1.1E-03          -91.3484     
                1.105E-03       -118.745      
                1.11E-03        -125.049      
                1.115E-03       -139.791      
                1.12E-03        -118.786      
                1.125E-03       -103.063      
                1.13E-03        -117.04       
                1.135E-03       -129.818      
                1.14E-03        -133.687      
                1.145E-03       -135.335      
                1.15E-03        -143.824      
                1.155E-03        -99.674      
                1.16E-03        -122.739      
                1.165E-03       -126.916      
                1.17E-03        -125.136      
                1.175E-03       -126.852      
                1.18E-03        -137.499      
                1.185E-03       -124.399      
                1.19E-03        -135.51       
                1.195E-03       -138.68       
                1.2E-03         -146.971      
                1.205E-03       -149.495      
                1.21E-03        -134.181      
                1.215E-03       -122.46       
                1.22E-03        -131.483      
                1.225E-03       -138.711      
                1.23E-03        -145.419      
                1.235E-03       -148.757      
                1.24E-03        -147.033      
                1.245E-03       -130.431      
                1.25E-03        -145.716      
                1.255E-03       -148.1        
                1.26E-03        -150.         
                1.265E-03       -151.833      
                1.27E-03         -99.9314     
                1.275E-03       -118.793      
                1.28E-03        -132.269      
                1.285E-03       -145.989      
                1.29E-03        -145.596      
                1.295E-03       -152.852      
                1.3E-03         -135.089      
                1.305E-03       -149.523      
                1.31E-03        -151.763      
                1.315E-03       -128.073      
                1.32E-03        -141.316      
                1.325E-03       -149.1        
                1.33E-03        -145.13       
                1.335E-03       -154.416      
                1.34E-03         -73.9136     
                1.345E-03        -97.6289     
                1.35E-03        -129.781      
                1.355E-03       -149.172      
                1.36E-03        -161.869      
                1.365E-03       -168.753      
                1.37E-03        -102.839      
                1.375E-03       -101.667      
                1.38E-03        -129.398      
                1.385E-03       -152.663      
                1.39E-03        -170.285      
                1.395E-03       -173.943      
                1.4E-03         -181.442      
                1.405E-03       -124.444      
                1.41E-03        -128.498      
                1.415E-03       -152.471      
                1.42E-03        -168.229      
                1.425E-03       -176.405      
                1.43E-03        -183.146      
                1.435E-03        -83.1873     
                1.44E-03        -103.724      
                1.445E-03       -120.291      
                1.45E-03        -141.937      
                1.455E-03       -151.07       
                1.46E-03        -110.595      
                1.465E-03       -126.893      
                1.47E-03        -148.556      
                1.475E-03       -163.198      
                1.48E-03        -156.944      
                1.485E-03       -175.827      
                1.49E-03         -95.9288     
                1.495E-03       -129.907      
                1.5E-03         -152.564      
                1.505E-03       -172.237      
                1.51E-03        -178.64       
                1.515E-03       -183.73       
                1.52E-03        -113.391      
                1.525E-03       -136.987      
                1.53E-03        -163.837      
                1.535E-03       -112.723      
                1.54E-03        -141.037      
                1.545E-03       -158.107      
                1.55E-03        -170.862      
                1.555E-03       -184.788      
                1.56E-03        -104.77       
                1.565E-03       -103.277      
                1.57E-03        -135.415      
                1.575E-03       -154.001      
                1.58E-03        -172.584      
                1.585E-03       -166.845      
                1.59E-03        -182.379      
                1.595E-03       -109.106      
                1.6E-03         -135.752      
                1.605E-03       -141.626      
                1.61E-03        -161.995      
                1.615E-03       -146.656      
                1.62E-03        -109.935      
                1.625E-03        -97.4231     
                1.63E-03        -129.685      
                1.635E-03       -137.883      
                1.64E-03        -142.716      
                1.645E-03       -146.714      
                1.65E-03        -117.699      
                1.655E-03        -97.6483     
                1.66E-03        -131.389      
                1.665E-03       -118.903      
                1.67E-03        -145.714      
                1.675E-03       -148.454      
                1.68E-03        -165.774      
                1.685E-03       -119.996      
                1.69E-03        -154.407      
                1.695E-03       -137.794      
                1.7E-03          -62.1347     
                1.705E-03       -103.64       
                1.71E-03        -129.645      
                1.715E-03       -156.338      
                1.72E-03        -159.506      
                1.725E-03       -162.969      
                1.73E-03        -166.457      
                1.735E-03       -180.858      
                1.74E-03        -186.506      
                1.745E-03        -81.373      
                1.75E-03         -98.6512     
                1.755E-03       -136.593      
                1.76E-03        -164.142      
                1.765E-03       -172.137      
                1.77E-03        -184.552      
                1.775E-03       -193.209      
                1.78E-03        -196.362      
                1.785E-03        -78.7689     
                1.79E-03        -115.067      
                1.795E-03       -123.095      
                1.8E-03         -158.282      
                1.805E-03       -162.689      
                1.81E-03        -174.805      
                1.815E-03       -112.013      
                1.82E-03        -102.819      
                1.825E-03       -131.651      
                1.83E-03        -150.855      
                1.835E-03       -145.854      
                1.84E-03         -79.7236     
                1.845E-03        -90.7325     
                1.85E-03        -129.735      
                1.855E-03       -148.872      
                1.86E-03        -145.323      
                1.865E-03       -155.624      
                1.87E-03         -37.3156     
                1.875E-03        -98.3041     
                1.88E-03        -131.536      
                1.885E-03       -120.365      
                1.89E-03         -87.0736     
                1.895E-03        -97.0354     
                1.9E-03         -118.594      
                1.905E-03       -131.781      
                1.91E-03        -148.667      
                1.915E-03       -108.402      
                1.92E-03         -89.1124     
                1.925E-03       -113.341      
                1.93E-03        -144.604      
                1.935E-03       -100.267      
                1.94E-03         -82.7798     
                1.945E-03        -91.3537     
                1.95E-03        -124.16       
                1.955E-03       -117.746      
                1.96E-03        -146.669      
                1.965E-03       -154.711      
                1.97E-03         -58.086      
                1.975E-03        -89.4927     
                1.98E-03        -125.015      
                1.985E-03       -151.628      
                1.99E-03        -124.424      
                1.995E-03       -121.68       
                2.E-03          -146.769      
                2.005E-03       -154.171      
                2.01E-03        -153.569      
                2.015E-03       -165.315      
                2.02E-03        -174.906      
                2.025E-03       -161.136      
                2.03E-03         -93.8573     
                2.035E-03        -75.8315     
                2.04E-03         -95.1322     
                2.045E-03       -118.726      
                2.05E-03        -144.55       
                2.055E-03       -175.416      
                2.06E-03        -164.559      
                2.065E-03       -146.534      
                2.07E-03         -59.0059     
                2.075E-03       -122.446      
                2.08E-03        -138.551      
                2.085E-03       -153.281      
                2.09E-03        -155.736      
                2.095E-03       -163.141      
                2.1E-03         -172.153      
                2.105E-03       -180.08       
                2.11E-03         -81.7291     
                2.115E-03       -116.179      
                2.12E-03        -138.504      
                2.125E-03       -159.021      
                2.13E-03         -67.578      
                2.135E-03        -80.9154     
                2.14E-03         -77.2331     
                2.145E-03       -110.566      
                2.15E-03        -109.27       
                2.155E-03        -85.5729     
                2.16E-03        -100.909      
                2.165E-03       -137.022      
                2.17E-03        -148.141      
                2.175E-03       -125.303      
                2.18E-03        -141.204      
                2.185E-03       -149.806      
                2.19E-03         -85.7511     
                2.195E-03       -110.918      
                2.2E-03         -130.948      
                2.205E-03       -138.643      
                2.21E-03        -163.245      
                2.215E-03       -174.285      
                2.22E-03        -177.939      
                2.225E-03       -160.399      
                2.23E-03         -86.2422     
                2.235E-03       -130.887      
                2.24E-03        -159.659      
                2.245E-03       -112.666      
                2.25E-03         -90.1633     
                2.255E-03       -134.198      
                2.26E-03        -144.5        
                2.265E-03       -160.653      
                2.27E-03        -176.432      
                2.275E-03       -176.301      
                2.28E-03        -155.678      
                2.285E-03       -169.904      
                2.29E-03        -174.886      
                2.295E-03        -72.8482     
                2.3E-03          -98.8487     
                2.305E-03       -131.965      
                2.31E-03        -147.46       
                2.315E-03       -145.916      
                2.32E-03        -157.522      
                2.325E-03        -85.101      
                2.33E-03        -105.794      
                2.335E-03       -130.316      
                2.34E-03        -143.165      
                2.345E-03       -118.504      
                2.35E-03        -143.19       
                2.355E-03       -126.955      
                2.36E-03        -121.411      
                2.365E-03       -139.206      
                2.37E-03        -155.473      
                2.375E-03       -147.416      
                2.38E-03        -136.391      
                2.385E-03       -101.24       
                2.39E-03        -112.383      
                2.395E-03       -139.964      
                2.4E-03         -140.137      
                2.405E-03       -102.2        
                2.41E-03        -111.778      
                2.415E-03       -129.13       
                2.42E-03        -135.421      
                2.425E-03       -113.059      
                2.43E-03        -104.979      
                2.435E-03       -118.538      
                2.44E-03        -129.106      
                2.445E-03       -126.154      
                2.45E-03         -91.7244     
                2.455E-03       -113.194      
                2.46E-03        -125.233      
                2.465E-03        -89.3044     
                2.47E-03        -112.336      
                2.475E-03       -123.399      
                2.48E-03        -124.117      
                2.485E-03        -62.4965     
                2.49E-03         -93.4956     
                2.495E-03        -75.2397     
                2.5E-03          -93.7375     
                2.505E-03        -97.5486     
                2.51E-03        -101.835      
                2.515E-03       -112.21       
                2.52E-03        -107.468      
                2.525E-03       -104.404      
                2.53E-03        -110.73       
                2.535E-03       -125.394      
                2.54E-03        -102.398      
                2.545E-03        -86.0493     
                2.55E-03        -113.563      
                2.555E-03       -122.182      
                2.56E-03        -129.23       
                2.565E-03       -114.348      
                2.57E-03         -87.5162     
                2.575E-03       -124.655      
                2.58E-03        -132.198      
                2.585E-03       -110.321      
                2.59E-03        -117.763      
                2.595E-03       -138.025      
                2.6E-03         -147.557      
                2.605E-03        -97.7626     
                2.61E-03        -118.842      
                2.615E-03       -137.542      
                2.62E-03        -144.043      
                2.625E-03       -116.362      
                2.63E-03        -128.462      
                2.635E-03       -126.743      
                2.64E-03        -129.511      
                2.645E-03       -113.497      
                2.65E-03        -103.237      
                2.655E-03       -122.74       
                2.66E-03        -142.11       
                2.665E-03       -121.111      
                2.67E-03        -109.03       
                2.675E-03        -96.206      
                2.68E-03         -93.5314     
                2.685E-03       -107.102      
                2.69E-03        -128.997      
                2.695E-03       -135.413      
                2.7E-03         -125.477      
                2.705E-03       -104.203      
                2.71E-03        -118.138      
                2.715E-03       -128.322      
                2.72E-03        -125.709      
                2.725E-03       -110.549      
                2.73E-03        -125.16       
                2.735E-03        -94.5301     
                2.74E-03         -79.2856     
                2.745E-03       -106.389      
                2.75E-03         -99.4008     
                2.755E-03       -116.915      
                2.76E-03        -114.738      
                2.765E-03       -119.228      
                2.77E-03        -134.847      
                2.775E-03       -127.837      
                2.78E-03        -107.924      
                2.785E-03       -134.205      
                2.79E-03        -142.534      
                2.795E-03       -165.055      
                2.8E-03          -87.1392     
                2.805E-03       -121.858      
                2.81E-03        -112.491      
                2.815E-03       -148.538      
                2.82E-03         -95.4189     
                2.825E-03       -104.654      
                2.83E-03        -133.916      
                2.835E-03       -127.717      
                2.84E-03        -147.296      
                2.845E-03        -94.5927     
                2.85E-03        -124.849      
                2.855E-03       -139.482      
                2.86E-03        -157.338      
                2.865E-03       -106.164      
                2.87E-03         -93.6254     
                2.875E-03        -86.5419     
                2.88E-03        -109.444      
                2.885E-03       -120.727      
                2.89E-03        -118.963      
                2.895E-03        -96.6021     
                2.9E-03          -93.8724     
                2.905E-03        -89.058      
                2.91E-03        -104.857      
                2.915E-03        -99.7247     
                2.92E-03        -109.849      
                2.925E-03       -106.807      
                2.93E-03        -111.826      
                2.935E-03        -66.0022     
                2.94E-03         -85.5779     
                2.945E-03       -100.536      
                2.95E-03         -88.2907     
                2.955E-03       -104.996      
                2.96E-03         -98.7469     
                2.965E-03        -99.5877     
                2.97E-03        -100.893      
                2.975E-03        -83.4541     
                2.98E-03        -104.941      
                2.985E-03       -109.111      
                2.99E-03        -119.808      
                2.995E-03       -101.175      
                3.E-03          -106.281      
                3.005E-03       -114.402      
                3.01E-03        -123.817      
                3.015E-03        -90.5102     
                3.02E-03         -87.3733     
                3.025E-03       -100.836      
                3.03E-03        -109.302      
                3.035E-03       -107.357      
                3.04E-03        -110.115      
                3.045E-03        -99.7848     
                3.05E-03         -87.9029     
                3.055E-03       -102.755      
                3.06E-03         -99.4576     
                3.065E-03       -117.698      
                3.07E-03        -113.32       
                3.075E-03       -121.406      
                3.08E-03         -96.2636     
                3.085E-03       -108.134      
                3.09E-03        -121.477      
                3.095E-03       -127.384      
                3.1E-03         -112.095      
                3.105E-03       -118.786      
                3.11E-03        -122.973      
                3.115E-03       -123.96       
                3.12E-03        -134.208      
                3.125E-03       -119.629      
                3.13E-03         -71.5014     
                3.135E-03        -85.0241     
                3.14E-03        -102.44       
                3.145E-03       -106.569      
                3.15E-03        -106.623      
                3.155E-03       -118.103      
                3.16E-03        -127.666      
                3.165E-03       -115.6        
                3.17E-03         -96.9707     
                3.175E-03       -116.283      
                3.18E-03        -115.809      
                3.185E-03        -95.3368     
                3.19E-03        -108.402      
                3.195E-03       -119.614      
                3.2E-03         -118.676      
                3.205E-03       -106.053      
                3.21E-03        -111.186      
                3.215E-03       -118.918      
                3.22E-03         -86.0362     
                3.225E-03        -95.0995     
                3.23E-03        -114.173      
                3.235E-03        -79.1631     
                3.24E-03         -91.705      
                3.245E-03       -102.434      
                3.25E-03        -113.275      
                3.255E-03       -127.608      
                3.26E-03        -111.195      
                3.265E-03       -116.918      
                3.27E-03         -98.8338     
                3.275E-03       -105.651      
                3.28E-03         -98.42       
                3.285E-03       -108.461      
                3.29E-03         -89.8439     
                3.295E-03       -106.965      
                3.3E-03         -101.246      
                3.305E-03       -110.207      
                3.31E-03         -90.8931     
                3.315E-03        -63.2472     
                3.32E-03         -86.5573     
                3.325E-03        -97.4466     
                3.33E-03         -73.3796     
                3.335E-03        -86.6527     
                3.34E-03         -90.9654     
                3.345E-03        -98.198      
                3.35E-03         -68.4882     
                3.355E-03        -43.012      
                3.36E-03         -58.607      
                3.365E-03        -77.7847     
                3.37E-03        -100.822      
                3.375E-03       -105.604      
                3.38E-03        -112.113      
                3.385E-03       -121.348      
                3.39E-03         -91.6077     
                3.395E-03       -107.534      
                3.4E-03          -94.0817     
                3.405E-03       -109.014      
                3.41E-03         -99.1081     
                3.415E-03       -101.063      
                3.42E-03        -103.083      
                3.425E-03       -118.647      
                3.43E-03        -102.481      
                3.435E-03        -88.4713     
                3.44E-03        -104.028      
                3.445E-03       -121.583      
                3.45E-03        -128.099      
                3.455E-03       -137.599      
                3.46E-03        -115.824      
                3.465E-03       -123.639      
                3.47E-03        -136.312      
                3.475E-03        -91.0045     
                3.48E-03        -111.598      
                3.485E-03       -130.87       
                3.49E-03        -134.432      
                3.495E-03       -117.567      
                3.5E-03         -119.715      
                3.505E-03       -109.548      
                3.51E-03        -128.05       
                3.515E-03       -135.567      
                3.52E-03        -117.342      
                3.525E-03       -125.59       
                3.53E-03        -109.479      
                3.535E-03       -124.806      
                3.54E-03        -104.128      
                3.545E-03        -86.4732     
                3.55E-03         -89.8486     
                3.555E-03        -86.0448     
                3.56E-03         -96.339      
                3.565E-03        -67.2041     
                3.57E-03         -90.8563     
                3.575E-03        -89.9981     
                3.58E-03        -103.11       
                3.585E-03        -97.1594     
                3.59E-03         -86.5756     
                3.595E-03        -98.4936     
                3.6E-03          -98.7765     
                3.605E-03       -103.518      
                3.61E-03         -70.7862     
                3.615E-03        -98.6        
                3.62E-03         -85.9784     
                3.625E-03        -97.169      
                3.63E-03        -103.061      
                3.635E-03        -87.1742     
                3.64E-03         -79.1614     
                3.645E-03        -89.6895     
                3.65E-03         -82.8244     
                3.655E-03        -65.7909     
                3.66E-03         -61.557      
                3.665E-03        -71.8136     
                3.67E-03         -77.3209     
                3.675E-03        -71.7031     
                3.68E-03         -55.9566     
                3.685E-03        -51.5158     
                3.69E-03         -27.5985     
                3.695E-03        -48.5565     
                3.7E-03          -58.6855     
                3.705E-03        -43.3041     
                3.71E-03         -63.0377     
                3.715E-03        -67.3523     
                3.72E-03         -78.3847     
                3.725E-03        -55.6141     
                3.73E-03         -77.6879     
                3.735E-03        -79.0719     
                3.74E-03         -96.6076     
                3.745E-03        -99.1224     
                3.75E-03         -76.037      
                3.755E-03        -80.8319     
                3.76E-03         -59.2638     
                3.765E-03        -73.3594     
                3.77E-03         -75.3242     
                3.775E-03        -75.1182     
                3.78E-03         -74.0805     
                3.785E-03        -84.0706     
                3.79E-03         -88.2222     
                3.795E-03        -87.2836     
                3.8E-03          -64.51       
                3.805E-03        -78.7905     
                3.81E-03         -56.6433     
                3.815E-03        -70.1829     
                3.82E-03         -79.7382     
                3.825E-03        -79.3247     
                3.83E-03         -86.226      
                3.835E-03        -80.6757     
                3.84E-03         -94.0804     
                3.845E-03        -98.7062     
                3.85E-03         -59.4313     
                3.855E-03        -78.3566     
                3.86E-03         -99.8465     
                3.865E-03        -91.9449     
                3.87E-03        -105.956      
                3.875E-03        -45.7264     
                3.88E-03         -64.4104     
                3.885E-03        -85.7884     
                3.89E-03         -87.6502     
                3.895E-03       -107.961      
                3.9E-03         -106.707      
                3.905E-03       -105.853      
                3.91E-03        -115.092      
                3.915E-03       -111.147      
                3.92E-03        -122.831      
                3.925E-03       -130.266      
                3.93E-03        -134.534      
                3.935E-03       -113.239      
                3.94E-03         -69.0313     
                3.945E-03        -76.3472     
                3.95E-03         -78.7459     
                3.955E-03        -89.8923     
                3.96E-03         -83.3432     
                3.965E-03        -90.8585     
                3.97E-03        -108.974      
                3.975E-03       -114.783      
                3.98E-03         -60.0966     
                3.985E-03        -91.3822     
                3.99E-03         -85.1694     
                3.995E-03        -84.0258     
                4.E-03          -101.694      
                4.005E-03        -98.5436     
                4.01E-03        -119.861      
                4.015E-03        -76.583      
                4.02E-03         -36.1561     
                4.025E-03        -29.2362     
                4.03E-03         -43.635      
                4.035E-03        -70.9666     
                4.04E-03         -88.1848     
                4.045E-03        -92.5156     
                4.05E-03         -97.3533     
                4.055E-03        -93.9568     
                4.06E-03        -104.763      
                4.065E-03        -98.8008     
                4.07E-03        -102.512      
                4.075E-03       -102.115      
                4.08E-03        -109.226      
                4.085E-03        -95.3306     
                4.09E-03         -74.3019     
                4.095E-03        -88.3854     
                4.1E-03          -97.9682     
                4.105E-03       -109.26       
                4.11E-03         -85.5963     
                4.115E-03        -91.8494     
                4.12E-03        -114.603      
                4.125E-03       -114.989      
                4.13E-03        -116.418      
                4.135E-03       -121.801      
                4.14E-03         -77.2224     
                4.145E-03        -76.5074     
                4.15E-03         -97.7348     
                4.155E-03        -78.7262     
                4.16E-03         -48.8873     
                4.165E-03        -80.6961     
                4.17E-03         -99.188      
                4.175E-03       -104.628      
                4.18E-03         -79.2069     
                4.185E-03        -66.5445     
                4.19E-03         -68.8129     
                4.195E-03        -84.0231     
                4.2E-03          -86.0708     
                4.205E-03        -97.0198     
                4.21E-03        -104.869      
                4.215E-03       -110.165      
                4.22E-03        -106.65       
                4.225E-03        -99.1515     
                4.23E-03        -100.747      
                4.235E-03       -112.368      
                4.24E-03        -113.167      
                4.245E-03       -112.213      
                4.25E-03        -115.666      
                4.255E-03       -110.723      
                4.26E-03        -100.559      
                4.265E-03       -102.689      
                4.27E-03         -79.6074     
                4.275E-03        -51.0698     
                4.28E-03         -68.0527     
                4.285E-03        -73.0584     
                4.29E-03         -56.2558     
                4.295E-03        -69.2253     
                4.3E-03          -81.7696     
                4.305E-03        -89.3771     
                4.31E-03         -93.5356     
                4.315E-03        -90.4831     
                4.32E-03         -66.7839     
                4.325E-03        -80.3123     
                4.33E-03         -81.5576     
                4.335E-03        -74.8564     
                4.34E-03         -91.6244     
                4.345E-03        -70.7766     
                4.35E-03         -57.1682     
                4.355E-03        -81.1816     
                4.36E-03         -95.638      
                4.365E-03        -92.5951     
                4.37E-03         -78.8217     
                4.375E-03        -80.452      
                4.38E-03         -86.0385     
                4.385E-03        -93.5351     
                4.39E-03        -106.246      
                4.395E-03       -113.009      
                4.4E-03          -82.842      
                4.405E-03        -83.0741     
                4.41E-03         -95.485      
                4.415E-03       -104.504      
                4.42E-03        -112.645      
                4.425E-03        -83.7046     
                4.43E-03         -82.5833     
                4.435E-03        -69.6183     
                4.44E-03         -54.207      
                4.445E-03        -60.6924     
                4.45E-03         -65.6697     
                4.455E-03        -81.0127     
                4.46E-03         -86.2464     
                4.465E-03        -94.8725     
                4.47E-03        -105.714      
                4.475E-03       -114.429      
                4.48E-03        -116.334      
                4.485E-03       -101.51       
                4.49E-03        -117.349      
                4.495E-03       -118.84       
                4.5E-03         -125.21       
                4.505E-03       -131.358      
                4.51E-03        -138.567      
                4.515E-03        -92.4714     
                4.52E-03        -101.192      
                4.525E-03       -121.538      
                4.53E-03         -97.9318     
                4.535E-03       -107.661      
                4.54E-03        -111.481      
                4.545E-03       -104.995      
                4.55E-03        -112.942      
                4.555E-03       -123.199      
                4.56E-03        -128.869      
                4.565E-03       -136.983      
                4.57E-03        -122.041      
                4.575E-03       -122.389      
                4.58E-03        -100.967      
                4.585E-03       -103.233      
                4.59E-03        -116.261      
                4.595E-03       -118.053      
                4.6E-03          -88.4132     
                4.605E-03       -104.082      
                4.61E-03        -117.593      
                4.615E-03       -125.328      
                4.62E-03        -133.417      
                4.625E-03       -140.464      
                4.63E-03        -111.814      
                4.635E-03       -108.821      
                4.64E-03        -117.415      
                4.645E-03       -111.163      
                4.65E-03        -126.686      
                4.655E-03       -145.745      
                4.66E-03        -134.277      
                4.665E-03       -148.081      
                4.67E-03         -96.7515     
                4.675E-03       -117.697      
                4.68E-03        -101.742      
                4.685E-03       -106.562      
                4.69E-03        -131.623      
                4.695E-03       -124.23       
                4.7E-03         -142.659      
                4.705E-03       -121.921      
                4.71E-03        -135.823      
                4.715E-03       -127.438      
                4.72E-03        -128.13       
                4.725E-03       -129.588      
                4.73E-03         -86.4024     
                4.735E-03        -98.0593     
                4.74E-03        -101.596      
                4.745E-03       -102.653      
                4.75E-03         -70.5618     
                4.755E-03        -81.6778     
                4.76E-03         -90.4051     
                4.765E-03        -88.6318     
                4.77E-03        -100.088      
                4.775E-03       -105.007      
                4.78E-03        -106.132      
                4.785E-03       -109.022      
                4.79E-03         -91.5528     
                4.795E-03        -63.8652     
                4.8E-03          -79.2933     
                4.805E-03        -85.4971     
                4.81E-03         -84.3255     
                4.815E-03       -101.552      
                4.82E-03        -103.82       
                4.825E-03       -113.787      
                4.83E-03         -90.1201     
                4.835E-03        -70.8149     
                4.84E-03         -84.1351     
                4.845E-03        -97.0963     
                4.85E-03         -98.99       
                4.855E-03       -110.41       
                4.86E-03         -88.1311     
                4.865E-03        -99.6129     
                4.87E-03        -106.715      
                4.875E-03        -71.8821     
                4.88E-03         -90.1781     
                4.885E-03        -75.0929     
                4.89E-03         -86.6169     
                4.895E-03       -102.248      
                4.9E-03         -101.558      
                4.905E-03        -86.1825     
                4.91E-03        -103.262      
                4.915E-03       -100.202      
                4.92E-03        -105.784      
                4.925E-03        -73.0444     
                4.93E-03         -71.7479     
                4.935E-03        -89.995      
                4.94E-03        -100.829      
                4.945E-03        -91.8806     
                4.95E-03        -112.124      
                4.955E-03        -99.8056     
                4.96E-03        -105.603      
                4.965E-03       -111.525      
                4.97E-03        -111.186      
                4.975E-03       -117.679      
                4.98E-03        -117.379      
                4.985E-03       -118.876      
                4.99E-03        -117.9        
                4.995E-03        -90.5614     
                5.E-03           -97.3183     
                5.005E-03       -108.304      
                5.01E-03        -111.82       
                5.015E-03       -110.737      
                5.02E-03        -112.153      
                5.025E-03       -123.255      
                5.03E-03        -106.96       
                5.035E-03       -118.221      
                5.04E-03        -109.58       
                5.045E-03        -99.8139     
                5.05E-03        -115.43       
                5.055E-03       -117.975      
                5.06E-03        -117.022      
                5.065E-03        -64.555      
                5.07E-03         -79.6665     
                5.075E-03        -91.3706     
                5.08E-03         -80.7175     
                5.085E-03       -107.055      
                5.09E-03        -111.772      
                5.095E-03       -117.512      
                5.1E-03         -104.559      
                5.105E-03        -87.0742     
                5.11E-03         -79.734      
                5.115E-03        -92.0937     
                5.12E-03         -91.4245     
                5.125E-03        -90.2533     
                5.13E-03        -101.211      
                5.135E-03        -85.3314     
                5.14E-03         -91.9652     
                5.145E-03        -84.9308     
                5.15E-03         -86.5201     
                5.155E-03        -84.1268     
                5.16E-03         -93.2939     
                5.165E-03        -83.7916     
                5.17E-03        -110.945      
                5.175E-03       -111.861      
                5.18E-03        -119.166      
                5.185E-03       -105.847      
                5.19E-03         -73.8692     
                5.195E-03        -95.0144     
                5.2E-03          -98.2692     
                5.205E-03        -89.4225     
                5.21E-03         -97.0374     
                5.215E-03        -55.5627     
                5.22E-03         -46.9345     
                5.225E-03        -69.1852     
                5.23E-03         -77.8103     
                5.235E-03        -74.5651     
                5.24E-03         -85.1916     
                5.245E-03        -45.1232     
                5.25E-03         -81.6023     
                5.255E-03        -88.0829     
                5.26E-03         -79.5681     
                5.265E-03        -52.5594     
                5.27E-03         -64.1749     
                5.275E-03        -73.8979     
                5.28E-03         -83.649      
                5.285E-03        -94.9263     
                5.29E-03        -101.291      
                5.295E-03        -72.6899     
                5.3E-03          -85.9697     
                5.305E-03       -110.858      
                5.31E-03         -98.5903     
                5.315E-03        -83.546      
                5.32E-03         -92.1378     
                5.325E-03       -107.306      
                5.33E-03        -105.438      
                5.335E-03        -82.5056     
                5.34E-03         -97.7957     
                5.345E-03        -96.7544     
                5.35E-03         -83.0433     
                5.355E-03        -93.8629     
                5.36E-03        -105.322      
                5.365E-03       -107.919      
                5.37E-03        -118.066      
                5.375E-03       -117.608      
                5.38E-03        -115.979      
                5.385E-03       -117.056      
                5.39E-03        -121.034      
                5.395E-03       -121.511      
                5.4E-03          -86.0047     
                5.405E-03        -89.9716     
                5.41E-03         -97.1066     
                5.415E-03       -110.3        
                5.42E-03         -46.7033     
                5.425E-03        -48.6165     
                5.43E-03         -73.9406     
                5.435E-03        -84.992      
                5.44E-03        -101.355      
                5.445E-03        -66.8856     
                5.45E-03         -76.4754     
                5.455E-03        -84.7617     
                5.46E-03         -96.5606     
                5.465E-03        -91.4149     
                5.47E-03         -90.9394     
                5.475E-03        -71.8834     
                5.48E-03         -89.3957     
                5.485E-03        -90.325      
                5.49E-03         -98.146      
                5.495E-03        -42.3941     
                5.5E-03          -59.4626     
                5.505E-03        -63.1589     
                5.51E-03         -79.6286     
                5.515E-03        -83.5984     
                5.52E-03         -88.9375     
                5.525E-03        -96.5364     
                5.53E-03        -116.754      
                5.535E-03       -114.265      
                5.54E-03        -120.849      
                5.545E-03       -123.44       
                5.55E-03        -140.247      
                5.555E-03       -133.594      
                5.56E-03         -61.0286     
                5.565E-03        -50.3343     
                5.57E-03         -88.4678     
                5.575E-03       -102.724      
                5.58E-03        -126.487      
                5.585E-03       -124.752      
                5.59E-03        -129.846      
                5.595E-03       -118.251      
                5.6E-03         -124.072      
                5.605E-03       -142.464      
                5.61E-03        -107.401      
                5.615E-03       -113.313      
                5.62E-03        -130.987      
                5.625E-03       -131.366      
                5.63E-03        -137.686      
                5.635E-03       -126.588      
                5.64E-03         -78.2147     
                5.645E-03        -91.3619     
                5.65E-03        -114.598      
                5.655E-03       -129.413      
                5.66E-03        -133.392      
                5.665E-03       -141.519      
                5.67E-03        -146.178      
                5.675E-03       -145.53       
                5.68E-03        -134.051      
                5.685E-03       -130.708      
                5.69E-03        -146.142      
                5.695E-03       -151.786      
                5.7E-03         -140.844      
                5.705E-03       -115.796      
                5.71E-03        -135.153      
                5.715E-03       -140.044      
                5.72E-03        -147.099      
                5.725E-03       -155.403      
                5.73E-03        -143.407      
                5.735E-03       -156.688      
                5.74E-03        -158.884      
                5.745E-03       -160.428      
                5.75E-03        -136.163      
                5.755E-03       -150.583      
                5.76E-03        -130.031      
                5.765E-03       -128.209      
                5.77E-03        -115.887      
                5.775E-03       -130.097      
                5.78E-03        -134.994      
                5.785E-03       -138.221      
                5.79E-03        -150.901      
                5.795E-03       -124.97       
                5.8E-03         -129.171      
                5.805E-03       -146.073      
                5.81E-03        -156.705      
                5.815E-03       -119.601      
                5.82E-03        -101.288      
                5.825E-03       -105.333      
                5.83E-03        -120.801      
                5.835E-03        -95.552      
                5.84E-03         -94.2682     
                5.845E-03       -114.84       
                5.85E-03        -129.932      
                5.855E-03       -127.366      
                5.86E-03         -88.9782     
                5.865E-03        -72.8037     
                5.87E-03        -108.886      
                5.875E-03       -104.532      
                5.88E-03        -114.183      
                5.885E-03       -111.332      
                5.89E-03         -59.8296     
                5.895E-03        -88.0002     
                5.9E-03         -104.868      
                5.905E-03        -77.1692     
                5.91E-03         -74.2424     
                5.915E-03        -95.0458     
                5.92E-03        -111.083      
                5.925E-03       -121.337      
                5.93E-03         -63.6269     
                5.935E-03        -62.4808     
                5.94E-03        -110.46       
                5.945E-03       -122.659      
                5.95E-03         -94.5827     
                5.955E-03       -109.958      
                5.96E-03        -112.126      
                5.965E-03       -138.194      
                5.97E-03        -141.693      
                5.975E-03       -153.463      
                5.98E-03         -69.3598     
                5.985E-03        -83.2326     
                5.99E-03         -94.1849     
                5.995E-03       -120.8        
                6.E-03          -143.407      
                6.005E-03       -145.382      
                6.01E-03        -147.072      
                6.015E-03       -148.472      
                6.02E-03        -112.212      
                6.025E-03       -128.258      
                6.03E-03        -129.542      
                6.035E-03       -159.985      
                6.04E-03        -157.601      
                6.045E-03       -169.112      
                6.05E-03        -177.012      
                6.055E-03       -179.678      
                6.06E-03        -189.685      
                6.065E-03       -121.758      
                6.07E-03        -101.552      
                6.075E-03        -96.6648     
                6.08E-03        -108.534      
                6.085E-03       -137.297      
                6.09E-03        -154.59       
                6.095E-03       -165.543      
                6.1E-03         -175.522      
                6.105E-03       -184.573      
                6.11E-03         -90.7986     
                6.115E-03        -95.8037     
                6.12E-03        -108.217      
                6.125E-03       -133.7        
                6.13E-03        -136.183      
                6.135E-03       -158.923      
                6.14E-03        -161.641      
                6.145E-03       -165.616      
                6.15E-03        -120.326      
                6.155E-03       -122.114      
                6.16E-03        -139.423      
                6.165E-03       -158.04       
                6.17E-03        -168.695      
                6.175E-03       -176.922      
                6.18E-03        -189.933      
                6.185E-03        -95.5926     
                6.19E-03        -120.848      
                6.195E-03       -122.251      
                6.2E-03         -142.729      
                6.205E-03       -144.032      
                6.21E-03        -156.207      
                6.215E-03       -162.412      
                6.22E-03        -162.267      
                6.225E-03       -168.462      
                6.23E-03         -95.7804     
                6.235E-03       -107.345      
                6.24E-03         -93.3035     
                6.245E-03       -133.756      
                6.25E-03        -134.536      
                6.255E-03        -63.9672     
                6.26E-03         -54.5312     
                6.265E-03        -65.427      
                6.27E-03         -68.8005     
                6.275E-03        -70.6552     
                6.28E-03         -62.5615     
                6.285E-03        -74.6257     
                6.29E-03         -56.1059     
                6.295E-03        -53.2023     
                6.3E-03          -64.3994     
                6.305E-03        -78.7187     
                6.31E-03         -59.019      
                6.315E-03        -72.1452     
                6.32E-03         -77.188      
                6.325E-03       -101.266      
                6.33E-03        -121.052      
                6.335E-03        -91.4848     
                6.34E-03        -100.1        
                6.345E-03       -118.048      
                6.35E-03        -129.938      
                6.355E-03       -131.922      
                6.36E-03        -142.255      
                6.365E-03        -81.2148     
                6.37E-03        -111.416      
                6.375E-03       -126.455      
                6.38E-03        -142.111      
                6.385E-03       -112.539      
                6.39E-03        -139.597      
                6.395E-03       -110.41       
                6.4E-03         -111.907      
                6.405E-03       -128.227      
                6.41E-03        -125.705      
                6.415E-03       -144.432      
                6.42E-03        -144.571      
                6.425E-03       -156.102      
                6.43E-03        -113.887      
                6.435E-03        -94.8744     
                6.44E-03        -116.236      
                6.445E-03        -82.8212     
                6.45E-03         -96.7337     
                6.455E-03       -101.871      
                6.46E-03        -101.617      
                6.465E-03       -107.279      
                6.47E-03        -114.021      
                6.475E-03       -122.064      
                6.48E-03        -129.362      
                6.485E-03       -124.595      
                6.49E-03        -107.236      
                6.495E-03        -95.6621     
                6.5E-03         -119.089      
                6.505E-03       -123.906      
                6.51E-03        -131.647      
                6.515E-03       -138.488      
                6.52E-03        -105.973      
                6.525E-03        -84.7356     
                6.53E-03        -112.826      
                6.535E-03       -118.295      
                6.54E-03        -130.621      
                6.545E-03       -138.126      
                6.55E-03        -109.914      
                6.555E-03       -102.588      
                6.56E-03        -117.665      
                6.565E-03       -126.         
                6.57E-03        -130.965      
                6.575E-03       -122.476      
                6.58E-03        -133.172      
                6.585E-03       -136.376      
                6.59E-03        -115.672      
                6.595E-03       -129.506      
                6.6E-03         -133.86       
                6.605E-03       -139.755      
                6.61E-03         -94.0429     
                6.615E-03       -109.245      
                6.62E-03        -112.244      
                6.625E-03       -123.158      
                6.63E-03        -121.228      
                6.635E-03       -125.688      
                6.64E-03        -131.81       
                6.645E-03       -132.755      
                6.65E-03        -141.754      
                6.655E-03       -120.033      
                6.66E-03        -124.801      
                6.665E-03       -105.678      
                6.67E-03        -115.739      
                6.675E-03       -124.749      
                6.68E-03        -126.755      
                6.685E-03       -131.938      
                6.69E-03        -130.3        
                6.695E-03       -137.998      
                6.7E-03          -97.6221     
                6.705E-03       -101.413      
                6.71E-03        -117.602      
                6.715E-03       -127.16       
                6.72E-03        -142.186      
                6.725E-03       -118.544      
                6.73E-03        -120.159      
                6.735E-03       -123.569      
                6.74E-03        -133.025      
                6.745E-03       -120.884      
                6.75E-03        -130.242      
                6.755E-03       -131.35       
                6.76E-03        -137.346      
                6.765E-03       -141.827      
                6.77E-03        -147.924      
                6.775E-03       -124.998      
                6.78E-03        -136.156      
                6.785E-03       -140.17       
                6.79E-03        -146.81       
                6.795E-03       -150.99       
                6.8E-03         -153.302      
                6.805E-03       -145.503      
                6.81E-03        -121.748      
                6.815E-03       -143.338      
                6.82E-03        -135.573      
                6.825E-03       -144.314      
                6.83E-03        -124.922      
                6.835E-03       -136.735      
                6.84E-03        -137.961      
                6.845E-03       -131.502      
                6.85E-03        -131.449      
                6.855E-03       -143.069      
                6.86E-03        -138.209      
                6.865E-03        -72.4954     
                6.87E-03         -90.461      
                6.875E-03       -112.304      
                6.88E-03        -119.47       
                6.885E-03       -126.21       
                6.89E-03        -121.672      
                6.895E-03       -129.953      
                6.9E-03         -134.455      
                6.905E-03       -141.781      
                6.91E-03        -136.344      
                6.915E-03       -127.733      
                6.92E-03        -134.663      
                6.925E-03       -142.567      
                6.93E-03        -124.282      
                6.935E-03       -134.365      
                6.94E-03        -134.615      
                6.945E-03       -120.792      
                6.95E-03        -138.089      
                6.955E-03        -76.9113     
                6.96E-03        -100.109      
                6.965E-03       -101.248      
                6.97E-03        -106.924      
                6.975E-03       -136.186      
                6.98E-03        -135.033      
                6.985E-03       -103.767      
                6.99E-03        -108.122      
                6.995E-03        -97.7175     
                7.E-03          -104.458      
                7.005E-03       -111.138      
                7.01E-03        -115.778      
                7.015E-03       -115.417      
                7.02E-03        -118.766      
                7.025E-03       -110.697      
                7.03E-03        -119.065      
                7.035E-03       -119.799      
                7.04E-03        -125.755      
                7.045E-03       -125.97       
                7.05E-03        -131.305      
                7.055E-03       -112.29       
                7.06E-03        -121.464      
                7.065E-03       -131.204      
                7.07E-03        -134.089      
                7.075E-03       -127.195      
                7.08E-03        -137.271      
                7.085E-03        -94.2456     
                7.09E-03         -76.4726     
                7.095E-03       -102.501      
                7.1E-03          -98.5713     
                7.105E-03       -105.092      
                7.11E-03        -120.325      
                7.115E-03       -117.852      
                7.12E-03        -115.396      
                7.125E-03       -130.261      
                7.13E-03        -135.931      
                7.135E-03       -139.167      
                7.14E-03        -134.885      
                7.145E-03       -116.398      
                7.15E-03        -117.782      
                7.155E-03       -126.4        
                7.16E-03        -151.772      
                7.165E-03       -133.057      
                7.17E-03        -141.267      
                7.175E-03       -152.556      
                7.18E-03        -158.579      
                7.185E-03       -160.556      
                7.19E-03        -161.956      
                7.195E-03       -163.787      
                7.2E-03         -167.248      
                7.205E-03       -172.36       
                7.21E-03        -161.878      
                7.215E-03       -169.282      
                7.22E-03        -174.232      
                7.225E-03       -178.577      
                7.23E-03        -177.7        
                7.235E-03       -133.16       
                7.24E-03        -154.835      
                7.245E-03       -170.004      
                7.25E-03        -158.578      
                7.255E-03       -146.381      
                7.26E-03        -114.389      
                7.265E-03       -141.937      
                7.27E-03        -145.954      
                7.275E-03       -150.191      
                7.28E-03        -159.216      
                7.285E-03       -167.632      
                7.29E-03        -148.13       
                7.295E-03       -151.896      
                7.3E-03         -154.688      
                7.305E-03       -165.458      
                7.31E-03        -169.655      
                7.315E-03       -118.112      
                7.32E-03        -103.246      
                7.325E-03       -116.169      
                7.33E-03        -107.178      
                7.335E-03       -120.01       
                7.34E-03        -134.524      
                7.345E-03       -138.953      
                7.35E-03        -151.271      
                7.355E-03       -156.891      
                7.36E-03        -163.841      
                7.365E-03       -138.309      
                7.37E-03        -141.794      
                7.375E-03       -146.072      
                7.38E-03        -148.821      
                7.385E-03       -166.531      
                7.39E-03        -137.782      
                7.395E-03       -117.242      
                7.4E-03         -118.164      
                7.405E-03       -124.497      
                7.41E-03        -135.939      
                7.415E-03       -139.193      
                7.42E-03        -141.425      
                7.425E-03       -142.124      
                7.43E-03        -148.825      
                7.435E-03       -156.89       
                7.44E-03        -132.372      
                7.445E-03       -135.693      
                7.45E-03        -143.43       
                7.455E-03       -143.936      
                7.46E-03        -155.383      
                7.465E-03       -160.438      
                7.47E-03        -159.786      
                7.475E-03       -128.037      
                7.48E-03        -133.675      
                7.485E-03       -134.358      
                7.49E-03        -140.74       
                7.495E-03       -141.102      
                7.5E-03         -152.346      
                7.505E-03       -135.2        
                7.51E-03        -134.766      
                7.515E-03       -138.967      
                7.52E-03        -139.017      
                7.525E-03       -125.301      
                7.53E-03        -133.176      
                7.535E-03       -149.021      
                7.54E-03        -150.722      
                7.545E-03       -135.11       
                7.55E-03        -125.258      
                7.555E-03       -126.476      
                7.56E-03        -121.401      
                7.565E-03       -126.168      
                7.57E-03         -91.1648     
                7.575E-03        -64.0829     
                7.58E-03         -92.7196     
                7.585E-03       -105.978      
                7.59E-03        -108.501      
                7.595E-03       -108.125      
                7.6E-03         -110.353      
                7.605E-03       -129.842      
                7.61E-03         -95.2913     
                7.615E-03       -104.161      
                7.62E-03        -115.215      
                7.625E-03       -103.795      
                7.63E-03         -94.3762     
                7.635E-03        -90.6275     
                7.64E-03         -98.9142     
                7.645E-03       -101.109      
                7.65E-03        -110.279      
                7.655E-03       -105.004      
                7.66E-03        -108.449      
                7.665E-03        -98.8213     
                7.67E-03         -49.2142     
                7.675E-03        -93.89       
                7.68E-03         -98.3783     
                7.685E-03       -107.776      
                7.69E-03        -119.852      
                7.695E-03       -120.382      
                7.7E-03         -101.422      
                7.705E-03        -64.781      
                7.71E-03         -47.06       
                7.715E-03        -53.5328     
                7.72E-03         -64.6231     
                7.725E-03        -47.1225     
                7.73E-03         -70.1267     
                7.735E-03        -75.1716     
                7.74E-03         -65.1011     
                7.745E-03        -69.6219     
                7.75E-03         -76.5221     
                7.755E-03        -83.1679     
                7.76E-03         -59.3702     
                7.765E-03        -69.5828     
                7.77E-03         -71.2669     
                7.775E-03        -86.3524     
                7.78E-03         -55.3098     
                7.785E-03        -67.4174     
                7.79E-03         -74.7421     
                7.795E-03        -80.6981     
                7.8E-03          -91.1463     
                7.805E-03        -76.5034     
                7.81E-03         -60.6439     
                7.815E-03        -65.9318     
                7.82E-03         -72.677      
                7.825E-03        -83.2498     
                7.83E-03         -68.0304     
                7.835E-03        -60.6139     
                7.84E-03         -84.1354     
                7.845E-03        -97.4838     
                7.85E-03         -95.0651     
                7.855E-03        -97.4748     
                7.86E-03        -105.755      
                7.865E-03        -98.7234     
                7.87E-03        -102.343      
                7.875E-03        -86.2489     
                7.88E-03         -92.5672     
                7.885E-03       -122.619      
                7.89E-03        -126.403      
                7.895E-03       -102.817      
                7.9E-03         -101.15       
                7.905E-03        -93.011      
                7.91E-03        -112.483      
                7.915E-03       -118.588      
                7.92E-03        -116.284      
                7.925E-03        -73.6352     
                7.93E-03         -64.4663     
                7.935E-03        -83.8925     
                7.94E-03         -68.8631     
                7.945E-03        -86.3359     
                7.95E-03         -73.849      
                7.955E-03        -82.0869     
                7.96E-03         -39.541      
                7.965E-03        -56.4091     
                7.97E-03         -43.1689     
                7.975E-03        -67.616      
                7.98E-03         -78.2066     
                7.985E-03        -80.0931     
                7.99E-03         -96.3751     
                7.995E-03       -100.727      
                8.E-03           -90.5205     
                8.005E-03       -102.295      
                8.01E-03        -109.889      
                8.015E-03       -112.339      
                8.02E-03        -102.992      
                8.025E-03       -104.44       
                8.03E-03        -111.963      
                8.035E-03       -117.972      
                8.04E-03        -106.405      
                8.045E-03        -71.3621     
                8.05E-03         -90.7909     
                8.055E-03       -101.199      
                8.06E-03        -109.507      
                8.065E-03       -120.289      
                8.07E-03        -119.532      
                8.075E-03       -105.855      
                8.08E-03        -112.558      
                8.085E-03       -115.275      
                8.09E-03        -129.24       
                8.095E-03       -106.646      
                8.1E-03         -123.33       
                8.105E-03       -130.649      
                8.11E-03        -140.137      
                8.115E-03       -136.318      
                8.12E-03        -141.577      
                8.125E-03       -146.426      
                8.13E-03        -131.992      
                8.135E-03       -106.359      
                8.14E-03        -134.84       
                8.145E-03       -119.188      
                8.15E-03        -111.64       
                8.155E-03        -92.7879     
                8.16E-03        -101.832      
                8.165E-03       -112.564      
                8.17E-03        -117.228      
                8.175E-03        -86.3336     
                8.18E-03        -106.854      
                8.185E-03       -119.816      
                8.19E-03        -123.249      
                8.195E-03        -82.1038     
                8.2E-03          -93.8683     
                8.205E-03        -98.5425     
                8.21E-03         -81.7153     
                8.215E-03        -84.1983     
                8.22E-03         -76.5319     
                8.225E-03        -96.9298     
                8.23E-03         -97.2246     
                8.235E-03       -106.753      
                8.24E-03        -115.482      
                8.245E-03       -102.766      
                8.25E-03        -107.874      
                8.255E-03       -101.759      
                8.26E-03        -105.592      
                8.265E-03        -97.3527     
                8.27E-03         -87.9899     
                8.275E-03       -107.483      
                8.28E-03        -112.069      
                8.285E-03        -88.1058     
                8.29E-03         -98.9416     
                8.295E-03       -108.005      
                8.3E-03         -117.149      
                8.305E-03       -114.165      
                8.31E-03        -118.051      
                8.315E-03       -122.221      
                8.32E-03        -126.356      
                8.325E-03       -131.15       
                8.33E-03        -122.104      
                8.335E-03       -101.447      
                8.34E-03        -106.854      
                8.345E-03       -111.969      
                8.35E-03         -92.9574     
                8.355E-03        -86.897      
                8.36E-03         -98.9327     
                8.365E-03       -107.822      
                8.37E-03        -117.289      
                8.375E-03       -116.66       
                8.38E-03         -91.8626     
                8.385E-03        -72.0702     
                8.39E-03         -85.5864     
                8.395E-03        -96.9715     
                8.4E-03         -103.29       
                8.405E-03        -96.1888     
                8.41E-03        -106.872      
                8.415E-03        -92.8733     
                8.42E-03        -100.518      
                8.425E-03        -99.4519     
                8.43E-03         -90.5427     
                8.435E-03       -107.799      
                8.44E-03        -111.068      
                8.445E-03       -108.769      
                8.45E-03        -100.126      
                8.455E-03       -104.925      
                8.46E-03        -109.712      
                8.465E-03       -117.372      
                8.47E-03        -122.662      
                8.475E-03       -110.095      
                8.48E-03        -119.923      
                8.485E-03        -87.6522     
                8.49E-03        -101.829      
                8.495E-03        -94.9827     
                8.5E-03         -114.148      
                8.505E-03        -95.9365     
                8.51E-03        -113.964      
                8.515E-03       -109.356      
                8.52E-03        -115.132      
                8.525E-03       -123.969      
                8.53E-03        -103.577      
                8.535E-03        -96.5098     
                8.54E-03        -117.585      
                8.545E-03       -117.388      
                8.55E-03        -104.162      
                8.555E-03       -117.444      
                8.56E-03         -97.7819     
                8.565E-03       -101.98       
                8.57E-03        -102.272      
                8.575E-03       -101.05       
                8.58E-03         -92.8577     
                8.585E-03       -106.3        
                8.59E-03         -72.067      
                8.595E-03        -76.358      
                8.6E-03          -63.2135     
                8.605E-03        -66.7062     
                8.61E-03         -51.4106     
                8.615E-03        -83.234      
                8.62E-03         -92.4133     
                8.625E-03       -106.842      
                8.63E-03        -110.795      
                8.635E-03       -103.46       
                8.64E-03         -80.0201     
                8.645E-03        -91.7221     
                8.65E-03        -111.587      
                8.655E-03       -114.171      
                8.66E-03        -111.817      
                8.665E-03       -117.554      
                8.67E-03        -123.196      
                8.675E-03       -112.422      
                8.68E-03         -67.9578     
                8.685E-03        -86.8324     
                8.69E-03         -95.3354     
                8.695E-03        -86.3071     
                8.7E-03          -88.8281     
                8.705E-03        -90.9909     
                8.71E-03         -83.1757     
                8.715E-03        -62.5345     
                8.72E-03         -95.513      
                8.725E-03       -109.576      
                8.73E-03        -111.237      
                8.735E-03       -118.657      
                8.74E-03        -127.515      
                8.745E-03       -103.535      
                8.75E-03        -116.056      
                8.755E-03        -83.6021     
                8.76E-03        -107.218      
                8.765E-03       -114.307      
                8.77E-03        -121.339      
                8.775E-03       -112.114      
                8.78E-03        -121.567      
                8.785E-03       -126.621      
                8.79E-03         -81.5663     
                8.795E-03        -72.7676     
                8.8E-03          -86.419      
                8.805E-03        -86.9394     
                8.81E-03         -86.3597     
                8.815E-03       -100.323      
                8.82E-03         -81.6063     
                8.825E-03        -97.4563     
                8.83E-03         -99.9166     
                8.835E-03       -101.824      
                8.84E-03         -96.8105     
                8.845E-03       -103.597      
                8.85E-03        -102.855      
                8.855E-03       -110.367      
                8.86E-03         -98.2674     
                8.865E-03       -112.922      
                8.87E-03        -114.828      
                8.875E-03        -82.3876     
                8.88E-03         -88.2947     
                8.885E-03       -100.449      
                8.89E-03        -100.68       
                8.895E-03        -90.5494     
                8.9E-03         -114.788      
                8.905E-03        -80.381      
                8.91E-03         -99.6663     
                8.915E-03        -97.7539     
                8.92E-03        -105.789      
                8.925E-03       -110.275      
                8.93E-03         -62.4804     
                8.935E-03        -79.8012     
                8.94E-03         -89.0334     
                8.945E-03        -98.118      
                8.95E-03        -103.723      
                8.955E-03        -85.939      
                8.96E-03         -75.28       
                8.965E-03        -70.5688     
                8.97E-03         -84.7801     
                8.975E-03        -91.1996     
                8.98E-03         -68.8224     
                8.985E-03        -73.4731     
                8.99E-03         -84.3342     
                8.995E-03        -84.7552     
                9.E-03           -82.9628     
                9.005E-03        -95.5539     
                9.01E-03         -81.2099     
                9.015E-03        -95.0635     
                9.02E-03         -97.7788     
                9.025E-03       -107.405      
                9.03E-03         -92.3081     
                9.035E-03        -98.7856     
                9.04E-03        -105.064      
                9.045E-03        -99.4904     
                9.05E-03        -105.812      
                9.055E-03        -73.5823     
                9.06E-03         -60.1792     
                9.065E-03        -77.2203     
                9.07E-03         -91.3007     
                9.075E-03        -86.9999     
                9.08E-03         -93.5247     
                9.085E-03        -87.5558     
                9.09E-03         -97.91       
                9.095E-03       -102.247      
                9.1E-03          -97.5974     
                9.105E-03        -95.4164     
                9.11E-03        -100.414      
                9.115E-03       -110.482      
                9.12E-03        -111.4        
                9.125E-03       -108.05       
                9.13E-03        -108.258      
                9.135E-03        -91.973      
                9.14E-03         -98.9661     
                9.145E-03        -90.8859     
                9.15E-03         -81.1189     
                9.155E-03        -95.7324     
                9.16E-03         -71.1662     
                9.165E-03        -83.3575     
                9.17E-03         -91.2444     
                9.175E-03        -39.4813     
                9.18E-03         -42.9017     
                9.185E-03        -53.3212     
                9.19E-03         -74.0286     
                9.195E-03        -79.1259     
                9.2E-03          -80.2824     
                9.205E-03        -75.7759     
                9.21E-03         -28.2987     
                9.215E-03        -42.3219     
                9.22E-03         -49.0463     
                9.225E-03        -64.9185     
                9.23E-03         -79.7169     
                9.235E-03        -77.7874     
                9.24E-03         -76.6791     
                9.245E-03        -40.5987     
                9.25E-03         -90.8704     
                9.255E-03        -82.5503     
                9.26E-03        -128.59       
                9.265E-03        -55.4103     
                9.27E-03         -83.7343     
                9.275E-03        -69.6791     
                9.28E-03         -58.9846     
                9.285E-03        -77.432      
                9.29E-03        -101.126      
                9.295E-03       -106.772      
                9.3E-03          -79.0845     
                9.305E-03       -102.499      
                9.31E-03         -38.3934     
                9.315E-03        -85.1649     
                9.32E-03         -58.2295     
                9.325E-03        -63.3414     
                9.33E-03         -85.1406     
                9.335E-03        -97.443      
                9.34E-03        -119.047      
                9.345E-03       -132.891      
                9.35E-03        -105.123      
                9.355E-03       -125.834      
                9.36E-03        -134.716      
                9.365E-03       -134.617      
                9.37E-03        -137.442      
                9.375E-03       -142.109      
                9.38E-03        -136.111      
                9.385E-03       -112.375      
                9.39E-03        -126.095      
                9.395E-03       -132.897      
                9.4E-03         -125.542      
                9.405E-03       -129.144      
                9.41E-03        -109.599      
                9.415E-03        -69.3728     
                9.42E-03         -70.4324     
                9.425E-03        -76.7935     
                9.43E-03         -97.3821     
                9.435E-03       -117.323      
                9.44E-03        -126.618      
                9.445E-03       -125.732      
                9.45E-03        -111.675      
                9.455E-03        -67.1396     
                9.46E-03         -95.8431     
                9.465E-03        -72.2275     
                9.47E-03         -59.9888     
                9.475E-03        -71.542      
                9.48E-03         -90.6697     
                9.485E-03       -114.14       
                9.49E-03         -94.2468     
                9.495E-03        -72.4759     
                9.5E-03          -88.8736     
                9.505E-03       -107.306      
                9.51E-03        -100.83       
                9.515E-03       -122.792      
                9.52E-03         -57.2137     
                9.525E-03        -80.1155     
                9.53E-03        -101.129      
                9.535E-03       -113.567      
                9.54E-03        -107.13       
                9.545E-03       -125.975      
                9.55E-03        -132.336      
                9.555E-03       -127.681      
                9.56E-03        -116.685      
                9.565E-03       -127.078      
                9.57E-03         -83.7852     
                9.575E-03        -77.8152     
                9.58E-03        -107.694      
                9.585E-03       -122.096      
                9.59E-03        -115.395      
                9.595E-03       -129.947      
                9.6E-03         -134.613      
                9.605E-03        -52.3484     
                9.61E-03         -88.8369     
                9.615E-03       -108.79       
                9.62E-03        -114.657      
                9.625E-03       -126.843      
                9.63E-03        -126.29       
                9.635E-03        -66.7276     
                9.64E-03        -115.921      
                9.645E-03       -132.706      
                9.65E-03        -132.283      
                9.655E-03       -138.79       
                9.66E-03        -140.841      
                9.665E-03       -140.255      
                9.67E-03         -98.0029     
                9.675E-03       -102.764      
                9.68E-03        -103.48       
                9.685E-03       -119.675      
                9.69E-03         -87.5032     
                9.695E-03        -94.7571     
                9.7E-03         -102.553      
                9.705E-03       -110.604      
                9.71E-03         -80.7628     
                9.715E-03        -82.1894     
                9.72E-03         -87.117      
                9.725E-03        -97.7212     
                9.73E-03         -86.4971     
                9.735E-03        -91.2229     
                9.74E-03         -87.4708     
                9.745E-03        -88.6797     
                9.75E-03         -87.1728     
                9.755E-03        -85.9451     
                9.76E-03         -86.8471     
                9.765E-03        -72.2519     
                9.77E-03         -59.6444     
                9.775E-03        -36.0124     
                9.78E-03         -58.6011     
                9.785E-03        -59.7571     
                9.79E-03         -86.2615     
                9.795E-03        -77.843      
                9.8E-03          -68.5773     
                9.805E-03        -55.0465     
                9.81E-03         -66.4583     
                9.815E-03        -75.2772     
                9.82E-03         -66.8605     
                9.825E-03        -50.5569     
                9.83E-03         -66.2004     
                9.835E-03        -70.0638     
                9.84E-03         -68.8252     
                9.845E-03        -53.1027     
                9.85E-03         -66.4975     
                9.855E-03        -70.1401     
                9.86E-03         -69.5685     
                9.865E-03        -63.5341     
                9.87E-03         -65.8932     
                9.875E-03        -63.8584     
                9.88E-03         -64.2557     
                9.885E-03        -65.6594     
                9.89E-03         -61.697      
                9.895E-03        -63.1798     
                9.9E-03          -70.5679     
                9.905E-03        -70.4162     
                9.91E-03         -70.6212     
                9.915E-03        -45.9865     
                9.92E-03         -56.2346     
                9.925E-03        -68.2584     
                9.93E-03         -70.5247     
                9.935E-03        -66.4975     
                9.94E-03         -69.8634     
                9.945E-03        -72.582      
                9.95E-03         -74.6496     
                9.955E-03        -70.7371     
                9.96E-03         -68.2784     
                9.965E-03        -64.6552     
                9.97E-03         -72.3802     
                9.975E-03        -70.4161     
                9.98E-03         -68.0242     
                9.985E-03        -76.2234     
                9.99E-03         -68.657      
                9.995E-03        -62.1076     
               10.E-03           -68.199      




