
                  X               _temp_3     

                0.               301.824E-06  
                2.65034E-06      143.963      
                5.30069E-06     -212.637      
                7.95104E-06       46.6846     
               10.6002E-06       -57.9112     
               13.2505E-06      -247.068      
               15.9009E-06      -110.531      
               18.5502E-06      -137.762      
               21.2005E-06      -267.464      
               23.8509E-06      -120.767      
               26.5001E-06      -158.393      
               29.1505E-06      -257.31       
               31.8009E-06       -85.8332     
               34.45E-06        -205.438      
               37.1004E-06      -205.958      
               39.7508E-06      -127.664      
               42.4012E-06      -223.764      
               45.0504E-06      -185.691      
               47.7007E-06      -157.81       
               50.3511E-06      -211.629      
               53.0003E-06      -201.957      
               55.6507E-06      -173.736      
               58.3011E-06      -233.083      
               60.9502E-06      -207.724      
               63.6001E-06      -187.711      
               66.2508E-06      -247.486      
               68.9004E-06      -200.185      
               71.5512E-06      -215.529      
               74.2008E-06      -244.033      
               76.8503E-06      -208.945      
               79.5011E-06      -230.987      
               82.1507E-06      -239.476      
               84.8003E-06      -224.261      
               87.451E-06       -227.786      
               90.1006E-06      -246.611      
               92.7502E-06      -224.3        
               95.401E-06       -242.127      
               98.0506E-06      -259.177      
              100.7E-06         -236.108      
              103.351E-06       -248.92       
              106.E-06          -243.533      
              108.65E-06        -226.392      
              111.301E-06       -246.658      
              113.95E-06        -245.363      
              116.601E-06       -235.054      
              119.251E-06       -243.937      
              121.9E-06         -249.613      
              124.55E-06        -243.597      
              127.2E-06         -240.631      
              129.85E-06        -244.438      
              132.5E-06         -252.286      
              135.15E-06        -249.498      
              137.8E-06         -248.731      
              140.45E-06        -249.579      
              143.101E-06       -226.158      
              145.751E-06       -248.481      
              148.4E-06         -246.371      
              151.051E-06       -248.185      
              153.701E-06       -208.167      
              156.351E-06       -232.934      
              159.001E-06       -249.918      
              161.651E-06       -249.104      
              164.3E-06         -256.192      
              166.951E-06       -256.701      
              169.6E-06         -232.974      
              172.251E-06       -238.136      
              174.9E-06         -245.475      
              177.551E-06       -251.398      
              180.201E-06       -263.267      
              182.85E-06        -226.316      
              185.501E-06       -248.599      
              188.151E-06       -243.841      
              190.8E-06         -258.427      
              193.451E-06       -256.797      
              196.1E-06         -223.768      
              198.751E-06       -240.653      
              201.401E-06       -242.733      
              204.05E-06        -255.838      
              206.701E-06       -260.05       
              209.351E-06       -258.862      
              212.001E-06       -225.921      
              214.65E-06        -248.866      
              217.301E-06       -255.152      
              219.951E-06       -263.726      
              222.6E-06         -274.941      
              225.251E-06       -247.51       
              227.9E-06         -250.446      
              230.551E-06       -245.644      
              233.201E-06       -256.728      
              235.85E-06        -270.221      
              238.5E-06         -235.131      
              241.151E-06       -248.132      
              243.8E-06         -252.079      
              246.45E-06        -261.395      
              249.101E-06       -263.867      
              251.751E-06       -244.145      
              254.4E-06         -244.411      
              257.051E-06       -259.271      
              259.701E-06       -260.893      
              262.35E-06        -266.453      
              265.001E-06       -247.376      
              267.651E-06       -253.491      
              270.3E-06         -263.226      
              272.951E-06       -261.517      
              275.601E-06       -266.081      
              278.25E-06        -243.946      
              280.9E-06         -254.509      
              283.551E-06       -257.556      
              286.201E-06       -265.97       
              288.85E-06        -273.444      
              291.501E-06       -236.919      
              294.151E-06       -255.085      
              296.8E-06         -256.163      
              299.451E-06       -270.466      
              302.101E-06       -275.716      
              304.751E-06       -277.746      
              307.401E-06       -237.612      
              310.051E-06       -268.724      
              312.701E-06       -273.948      
              315.35E-06        -256.385      
              318.E-06          -286.518      
              320.65E-06        -254.253      
              323.3E-06         -266.154      
              325.951E-06       -270.6        
              328.6E-06         -251.41       
              331.25E-06        -275.003      
              333.9E-06         -292.351      
              336.551E-06       -288.167      
              339.201E-06       -261.528      
              341.851E-06       -245.857      
              344.501E-06       -297.033      
              347.15E-06        -250.973      
              349.8E-06         -278.549      
              352.45E-06        -272.925      
              355.1E-06         -249.064      
              357.75E-06        -261.833      
              360.4E-06         -296.878      
              363.051E-06       -275.249      
              365.701E-06       -285.588      
              368.351E-06       -274.551      
              371.001E-06       -252.984      
              373.651E-06       -288.168      
              376.301E-06       -251.21       
              378.951E-06       -299.778      
              381.6E-06         -264.873      
              384.25E-06        -267.38       
              386.9E-06         -248.374      
              389.55E-06        -296.504      
              392.2E-06         -280.916      
              394.85E-06        -288.625      
              397.501E-06       -307.241      
              400.151E-06       -233.394      
              402.801E-06       -283.249      
              405.451E-06       -299.874      
              408.101E-06       -260.747      
              410.751E-06       -275.282      
              413.401E-06       -278.841      
              416.051E-06       -289.717      
              418.7E-06         -300.335      
              421.35E-06        -307.168      
              424.E-06          -298.249      
              426.65E-06        -308.843      
              429.3E-06         -268.267      
              431.95E-06        -286.662      
              434.6E-06         -306.397      
              437.251E-06       -282.163      
              439.901E-06       -270.954      
              442.551E-06       -306.8        
              445.201E-06       -305.13       
              447.851E-06       -281.387      
              450.501E-06       -295.152      
              453.151E-06       -267.466      
              455.801E-06       -312.858      
              458.451E-06       -308.025      
              461.1E-06         -281.879      
              463.751E-06       -288.175      
              466.401E-06       -288.848      
              469.051E-06       -269.429      
              471.701E-06       -258.929      
              474.35E-06        -284.902      
              477.E-06          -196.417      
              479.65E-06        -287.955      
              482.3E-06         -312.627      
              484.95E-06        -259.428      
              487.6E-06         -296.406      
              490.25E-06        -308.923      
              492.901E-06       -253.093      
              495.551E-06       -275.233      
              498.201E-06       -273.85       
              500.851E-06       -292.439      
              503.501E-06       -291.651      
              506.151E-06       -278.237      
              508.801E-06       -267.488      
              511.451E-06       -286.495      
              514.101E-06       -279.388      
              516.75E-06        -273.242      
              519.4E-06         -272.333      
              522.05E-06        -313.797      
              524.7E-06         -289.515      
              527.35E-06        -271.346      
              530.E-06          -262.008      
              532.651E-06       -271.431      
              535.301E-06       -277.98       
              537.951E-06       -275.721      
              540.601E-06       -320.566      
              543.251E-06       -283.712      
              545.901E-06       -284.569      
              548.551E-06       -301.853      
              551.201E-06       -293.117      
              553.851E-06       -284.772      
              556.5E-06         -236.309      
              559.15E-06        -307.879      
              561.8E-06         -289.958      
              564.45E-06        -270.364      
              567.1E-06         -314.172      
              569.75E-06        -289.393      
              572.4E-06         -311.307      
              575.051E-06       -280.707      
              577.701E-06       -283.899      
              580.351E-06       -319.136      
              583.001E-06       -317.918      
              585.651E-06       -316.074      
              588.301E-06       -279.091      
              590.951E-06       -309.253      
              593.601E-06       -279.807      
              596.251E-06       -326.402      
              598.9E-06         -282.391      
              601.55E-06        -202.373      
              604.2E-06         -262.721      
              606.85E-06        -320.455      
              609.5E-06         -299.434      
              612.15E-06        -331.229      
              614.801E-06       -237.719      
              617.451E-06       -284.206      
              620.101E-06       -253.208      
              622.751E-06       -288.437      
              625.401E-06       -204.885      
              628.05E-06        -264.391      
              630.701E-06       -277.908      
              633.35E-06        -226.273      
              636.E-06          -233.348      
              638.65E-06        -259.507      
              641.3E-06         -270.792      
              643.951E-06       -300.171      
              646.6E-06         -316.226      
              649.25E-06        -264.514      
              651.901E-06       -312.224      
              654.55E-06        -313.745      
              657.201E-06       -213.745      
              659.85E-06        -253.943      
              662.501E-06       -293.521      
              665.15E-06        -319.861      
              667.8E-06         -303.191      
              670.451E-06       -313.244      
              673.1E-06         -314.534      
              675.751E-06       -268.873      
              678.4E-06         -223.365      
              681.05E-06        -266.002      
              683.701E-06       -264.645      
              686.35E-06        -287.459      
              689.E-06          -290.581      
              691.651E-06       -285.521      
              694.3E-06         -279.443      
              696.95E-06        -285.025      
              699.6E-06         -259.942      
              702.25E-06        -257.21       
              704.901E-06       -265.399      
              707.55E-06        -300.047      
              710.201E-06       -295.046      
              712.851E-06       -302.077      
              715.5E-06         -224.534      
              718.151E-06       -250.62       
              720.8E-06         -284.412      
              723.45E-06        -307.644      
              726.101E-06       -301.037      
              728.75E-06        -202.046      
              731.4E-06         -271.098      
              734.051E-06       -291.88       
              736.701E-06       -304.316      
              739.35E-06        -292.362      
              742.E-06          -193.989      
              744.65E-06        -267.877      
              747.301E-06       -289.822      
              749.95E-06        -300.615      
              752.6E-06         -298.757      
              755.251E-06       -301.442      
              757.901E-06       -218.302      
              760.55E-06        -208.365      
              763.201E-06       -272.508      
              765.851E-06       -284.584      
              768.5E-06         -277.746      
              771.151E-06       -302.158      
              773.801E-06       -298.461      
              776.45E-06        -323.856      
              779.1E-06         -249.404      
              781.751E-06       -263.708      
              784.4E-06         -274.604      
              787.051E-06       -238.135      
              789.701E-06       -290.014      
              792.35E-06        -311.35       
              795.E-06          -247.34       
              797.651E-06       -243.61       
              800.3E-06         -280.296      
              802.95E-06        -309.797      
              805.601E-06       -315.488      
              808.25E-06        -311.228      
              810.9E-06         -328.371      
              813.551E-06       -235.74       
              816.2E-06         -254.906      
              818.85E-06        -293.674      
              821.501E-06       -277.679      
              824.15E-06        -289.103      
              826.8E-06         -303.136      
              829.451E-06       -309.193      
              832.1E-06         -298.623      
              834.75E-06        -276.85       
              837.401E-06       -262.715      
              840.051E-06       -149.251      
              842.701E-06       -193.554      
              845.35E-06        -277.368      
              848.001E-06       -298.61       
              850.651E-06       -295.966      
              853.3E-06         -296.23       
              855.951E-06       -327.814      
              858.601E-06       -337.595      
              861.25E-06        -311.862      
              863.901E-06       -226.975      
              866.551E-06       -284.868      
              869.2E-06         -304.192      
              871.851E-06       -311.821      
              874.501E-06       -332.467      
              877.15E-06        -301.006      
              879.801E-06       -243.332      
              882.451E-06       -272.295      
              885.1E-06         -305.886      
              887.751E-06       -314.845      
              890.401E-06       -277.183      
              893.05E-06        -186.307      
              895.701E-06       -267.294      
              898.351E-06       -243.436      
              901.E-06          -273.341      
              903.651E-06       -294.748      
              906.301E-06       -214.428      
              908.951E-06       -250.241      
              911.6E-06         -295.464      
              914.251E-06       -284.133      
              916.901E-06       -290.578      
              919.55E-06        -301.105      
              922.201E-06       -292.514      
              924.851E-06       -301.905      
              927.5E-06         -264.271      
              930.15E-06        -256.276      
              932.801E-06       -300.53       
              935.45E-06        -302.509      
              938.1E-06         -301.449      
              940.751E-06       -295.514      
              943.4E-06         -297.433      
              946.05E-06        -320.409      
              948.701E-06       -295.166      
              951.35E-06        -285.657      
              954.E-06          -311.099      
              956.651E-06       -282.807      
              959.3E-06         -211.392      
              961.951E-06       -265.257      
              964.601E-06       -284.387      
              967.25E-06        -293.095      
              969.901E-06       -288.119      
              972.55E-06        -272.4        
              975.2E-06         -274.218      
              977.85E-06        -300.249      
              980.501E-06       -297.992      
              983.151E-06       -283.016      
              985.8E-06         -275.526      
              988.451E-06       -294.336      
              991.1E-06         -297.363      
              993.751E-06       -266.723      
              996.401E-06       -251.713      
              999.05E-06        -288.861      
                1.0017E-03      -294.863      
                1.00435E-03     -293.665      
                1.007E-03       -280.756      
                1.00965E-03     -285.619      
                1.0123E-03      -284.466      
                1.01495E-03     -365.748      
                1.0176E-03      -284.428      
                1.02025E-03     -294.044      
                1.0229E-03      -271.535      
                1.02555E-03     -290.711      
                1.0282E-03      -282.139      
                1.03085E-03     -292.263      
                1.0335E-03      -247.114      
                1.03615E-03     -293.622      
                1.0388E-03      -275.854      
                1.04145E-03     -282.842      
                1.0441E-03      -292.488      
                1.04675E-03     -283.212      
                1.0494E-03      -292.164      
                1.05205E-03     -271.919      
                1.0547E-03      -289.381      
                1.05735E-03     -285.903      
                1.06E-03        -273.855      
                1.06265E-03     -305.897      
                1.0653E-03      -300.529      
                1.06795E-03     -297.616      
                1.0706E-03      -284.249      
                1.07325E-03     -263.436      
                1.0759E-03      -280.568      
                1.07855E-03     -299.35       
                1.0812E-03      -302.248      
                1.08385E-03     -280.25       
                1.0865E-03      -285.395      
                1.08915E-03     -294.498      
                1.0918E-03      -283.5        
                1.09445E-03     -266.315      
                1.0971E-03      -290.181      
                1.09975E-03     -301.822      
                1.1024E-03      -305.311      
                1.10505E-03     -297.153      
                1.1077E-03      -285.64       
                1.11035E-03     -301.722      
                1.113E-03       -294.526      
                1.11565E-03     -304.346      
                1.1183E-03      -312.784      
                1.12095E-03     -293.279      
                1.1236E-03      -297.453      
                1.12625E-03     -310.647      
                1.1289E-03      -302.85       
                1.13155E-03     -308.744      
                1.1342E-03      -223.168      
                1.13685E-03     -218.181      
                1.1395E-03      -250.653      
                1.14215E-03     -252.691      
                1.1448E-03      -276.268      
                1.14745E-03     -294.677      
                1.1501E-03      -292.404      
                1.15275E-03     -297.31       
                1.1554E-03      -277.747      
                1.15805E-03     -295.761      
                1.1607E-03      -300.52       
                1.16335E-03     -300.773      
                1.166E-03       -313.16       
                1.16865E-03     -264.151      
                1.1713E-03      -296.025      
                1.17395E-03     -281.608      
                1.1766E-03      -282.121      
                1.17925E-03     -291.688      
                1.1819E-03      -307.307      
                1.18455E-03     -293.414      
                1.1872E-03      -289.576      
                1.18985E-03     -302.485      
                1.1925E-03      -307.681      
                1.19515E-03     -298.285      
                1.1978E-03      -277.025      
                1.20045E-03     -277.995      
                1.2031E-03      -175.589      
                1.20575E-03     -292.066      
                1.2084E-03      -301.334      
                1.21105E-03     -260.052      
                1.2137E-03      -263.31       
                1.21635E-03     -281.857      
                1.219E-03       -286.442      
                1.22165E-03     -278.048      
                1.2243E-03      -244.672      
                1.22695E-03     -279.485      
                1.2296E-03      -273.255      
                1.23225E-03     -299.901      
                1.2349E-03      -286.092      
                1.23755E-03     -219.364      
                1.2402E-03      -213.942      
                1.24285E-03     -256.773      
                1.2455E-03      -280.223      
                1.24815E-03     -280.467      
                1.2508E-03      -298.326      
                1.25345E-03     -287.181      
                1.2561E-03      -348.699      
                1.25875E-03     -292.88       
                1.2614E-03      -188.608      
                1.26405E-03     -170.849      
                1.2667E-03      -247.807      
                1.26935E-03     -281.974      
                1.272E-03       -230.985      
                1.27465E-03     -264.002      
                1.2773E-03      -259.296      
                1.27995E-03     -299.703      
                1.2826E-03      -280.211      
                1.28525E-03     -275.727      
                1.2879E-03      -293.542      
                1.29055E-03     -278.277      
                1.2932E-03      -285.444      
                1.29585E-03     -253.26       
                1.2985E-03      -289.781      
                1.30115E-03     -283.667      
                1.3038E-03      -279.967      
                1.30645E-03     -294.428      
                1.3091E-03      -303.074      
                1.31175E-03     -285.269      
                1.3144E-03      -266.008      
                1.31705E-03     -278.265      
                1.3197E-03      -257.996      
                1.32235E-03     -239.389      
                1.325E-03       -278.63       
                1.32765E-03     -296.32       
                1.3303E-03      -289.271      
                1.33295E-03     -300.282      
                1.3356E-03      -244.057      
                1.33825E-03     -281.639      
                1.3409E-03      -282.521      
                1.34355E-03     -280.139      
                1.3462E-03      -286.031      
                1.34885E-03     -278.351      
                1.3515E-03      -284.894      
                1.35415E-03     -290.971      
                1.3568E-03      -299.616      
                1.35945E-03     -280.997      
                1.3621E-03      -275.516      
                1.36475E-03     -281.425      
                1.3674E-03      -299.686      
                1.37005E-03     -301.149      
                1.3727E-03      -290.663      
                1.37535E-03     -277.829      
                1.378E-03       -264.394      
                1.38065E-03     -242.327      
                1.3833E-03      -267.065      
                1.38595E-03     -272.951      
                1.3886E-03      -289.864      
                1.39125E-03     -295.937      
                1.3939E-03      -290.771      
                1.39655E-03     -284.514      
                1.3992E-03      -247.51       
                1.40185E-03     -255.365      
                1.4045E-03      -157.203      
                1.40715E-03     -215.458      
                1.4098E-03      -226.375      
                1.41245E-03     -256.677      
                1.4151E-03      -219.815      
                1.41775E-03     -282.357      
                1.4204E-03      -255.581      
                1.42305E-03     -276.525      
                1.4257E-03      -301.646      
                1.42835E-03     -233.78       
                1.431E-03       -223.871      
                1.43365E-03     -245.776      
                1.4363E-03      -244.85       
                1.43895E-03     -280.212      
                1.4416E-03      -261.4        
                1.44425E-03     -286.687      
                1.4469E-03      -279.301      
                1.44955E-03     -263.956      
                1.4522E-03      -277.413      
                1.45485E-03     -269.336      
                1.4575E-03      -262.796      
                1.46015E-03     -267.328      
                1.4628E-03      -259.604      
                1.46545E-03     -283.512      
                1.4681E-03      -290.881      
                1.47075E-03     -264.249      
                1.4734E-03      -279.412      
                1.47605E-03     -184.201      
                1.4787E-03      -270.308      
                1.48135E-03     -274.788      
                1.484E-03       -278.311      
                1.48665E-03     -271.976      
                1.4893E-03      -276.73       
                1.49195E-03     -257.62       
                1.4946E-03      -279.87       
                1.49725E-03     -296.428      
                1.4999E-03      -271.143      
                1.50255E-03     -277.004      
                1.5052E-03      -282.731      
                1.50785E-03     -291.652      
                1.5105E-03      -197.47       
                1.51315E-03     -259.01       
                1.5158E-03      -296.759      
                1.51845E-03     -283.086      
                1.5211E-03      -200.24       
                1.52375E-03     -187.314      
                1.5264E-03      -197.428      
                1.52905E-03     -245.119      
                1.5317E-03      -254.919      
                1.53435E-03     -280.807      
                1.537E-03       -270.115      
                1.53965E-03     -260.62       
                1.5423E-03      -270.612      
                1.54495E-03     -223.669      
                1.5476E-03      -263.486      
                1.55025E-03     -256.541      
                1.5529E-03      -229.126      
                1.55555E-03     -255.501      
                1.5582E-03      -267.774      
                1.56085E-03     -281.983      
                1.5635E-03      -264.312      
                1.56615E-03     -250.003      
                1.5688E-03      -264.505      
                1.57145E-03     -256.651      
                1.5741E-03      -265.725      
                1.57675E-03     -193.637      
                1.5794E-03      -256.926      
                1.58205E-03     -285.393      
                1.5847E-03      -288.649      
                1.58735E-03     -291.754      
                1.59E-03        -289.46       
                1.59265E-03     -278.628      
                1.5953E-03      -285.498      
                1.59795E-03     -283.586      
                1.6006E-03      -262.406      
                1.60325E-03     -268.252      
                1.6059E-03      -274.795      
                1.60855E-03     -293.752      
                1.6112E-03      -291.51       
                1.61385E-03     -301.343      
                1.6165E-03      -265.318      
                1.61915E-03     -274.06       
                1.6218E-03      -285.356      
                1.62445E-03     -237.485      
                1.6271E-03      -207.104      
                1.62975E-03     -239.677      
                1.6324E-03      -266.315      
                1.63505E-03     -291.268      
                1.6377E-03      -279.67       
                1.64035E-03     -296.904      
                1.643E-03       -273.446      
                1.64565E-03     -289.499      
                1.6483E-03      -274.247      
                1.65095E-03     -270.049      
                1.6536E-03      -279.102      
                1.65625E-03     -291.182      
                1.6589E-03      -279.339      
                1.66155E-03     -288.268      
                1.6642E-03      -287.377      
                1.66685E-03     -327.638      
                1.6695E-03      -282.549      
                1.67215E-03     -287.415      
                1.6748E-03      -283.713      
                1.67745E-03     -262.543      
                1.6801E-03      -287.962      
                1.68275E-03     -219.954      
                1.6854E-03      -260.898      
                1.68805E-03     -293.872      
                1.6907E-03      -277.969      
                1.69335E-03     -291.632      
                1.696E-03       -279.099      
                1.69865E-03     -265.32       
                1.7013E-03      -268.293      
                1.70395E-03     -246.608      
                1.7066E-03      -235.918      
                1.70925E-03     -257.211      
                1.7119E-03      -257.509      
                1.71455E-03     -270.845      
                1.7172E-03      -281.372      
                1.71985E-03     -284.704      
                1.7225E-03      -290.722      
                1.72515E-03     -286.47       
                1.7278E-03      -263.119      
                1.73045E-03     -286.735      
                1.7331E-03      -290.046      
                1.73575E-03     -284.752      
                1.7384E-03      -286.169      
                1.74105E-03     -283.772      
                1.7437E-03      -296.229      
                1.74635E-03     -294.251      
                1.749E-03       -287.917      
                1.75165E-03     -284.207      
                1.7543E-03      -166.308      
                1.75695E-03     -250.888      
                1.7596E-03      -278.388      
                1.76225E-03     -294.045      
                1.7649E-03      -287.248      
                1.76755E-03     -290.349      
                1.7702E-03      -282.093      
                1.77285E-03     -292.146      
                1.7755E-03      -278.251      
                1.77815E-03     -291.838      
                1.7808E-03      -271.446      
                1.78345E-03     -204.802      
                1.7861E-03      -228.026      
                1.78875E-03     -292.805      
                1.7914E-03      -221.171      
                1.79405E-03     -290.054      
                1.7967E-03      -288.412      
                1.79935E-03     -311.264      
                1.802E-03       -241.382      
                1.80465E-03     -259.352      
                1.8073E-03      -276.218      
                1.80995E-03     -292.258      
                1.8126E-03      -272.443      
                1.81525E-03     -317.898      
                1.8179E-03      -233.802      
                1.82055E-03     -259.633      
                1.8232E-03      -257.059      
                1.82585E-03     -282.749      
                1.8285E-03      -251.963      
                1.83115E-03     -262.748      
                1.8338E-03      -261.846      
                1.83645E-03     -172.034      
                1.8391E-03      -215.526      
                1.84175E-03     -265.277      
                1.8444E-03      -265.171      
                1.84705E-03     -264.637      
                1.8497E-03      -282.056      
                1.85235E-03     -275.357      
                1.855E-03       -282.434      
                1.85765E-03     -263.039      
                1.8603E-03      -260.628      
                1.86295E-03     -276.843      
                1.8656E-03      -262.72       
                1.86825E-03     -275.996      
                1.8709E-03      -267.005      
                1.87355E-03     -273.922      
                1.8762E-03      -260.281      
                1.87885E-03     -276.876      
                1.8815E-03      -285.593      
                1.88415E-03     -225.892      
                1.8868E-03      -180.45       
                1.88945E-03     -144.909      
                1.8921E-03      -210.416      
                1.89475E-03     -267.918      
                1.8974E-03      -195.012      
                1.90005E-03     -194.406      
                1.9027E-03      -207.958      
                1.90535E-03     -216.183      
                1.908E-03       -257.422      
                1.91065E-03     -220.087      
                1.9133E-03      -287.084      
                1.91595E-03     -254.343      
                1.9186E-03      -237.154      
                1.92125E-03     -230.993      
                1.9239E-03      -265.449      
                1.92655E-03     -291.78       
                1.9292E-03      -268.398      
                1.93185E-03     -268.679      
                1.9345E-03      -255.884      
                1.93715E-03     -286.142      
                1.9398E-03      -290.231      
                1.94245E-03     -274.98       
                1.9451E-03      -258.092      
                1.94775E-03     -292.642      
                1.9504E-03      -272.439      
                1.95305E-03     -233.542      
                1.9557E-03      -221.061      
                1.95835E-03     -276.996      
                1.961E-03       -286.597      
                1.96365E-03     -290.346      
                1.9663E-03      -282.642      
                1.96895E-03     -273.581      
                1.9716E-03      -295.465      
                1.97425E-03     -297.226      
                1.9769E-03      -298.372      
                1.97955E-03     -299.836      
                1.9822E-03      -295.831      
                1.98485E-03     -285.676      
                1.9875E-03      -206.718      
                1.99015E-03     -253.875      
                1.9928E-03      -271.809      
                1.99545E-03     -271.031      
                1.9981E-03      -313.453      
                2.00075E-03     -190.584      
                2.0034E-03      -260.441      
                2.00605E-03     -313.542      
                2.0087E-03      -292.734      
                2.01135E-03     -292.668      
                2.014E-03       -261.291      
                2.01665E-03     -287.662      
                2.0193E-03      -237.435      
                2.02195E-03     -291.9        
                2.0246E-03      -271.545      
                2.02725E-03     -279.209      
                2.0299E-03      -317.916      
                2.03255E-03     -290.482      
                2.0352E-03      -262.178      
                2.03785E-03     -277.496      
                2.0405E-03      -296.883      
                2.04315E-03     -312.311      
                2.0458E-03      -306.76       
                2.04845E-03     -214.679      
                2.0511E-03      -176.506      
                2.05375E-03     -273.464      
                2.0564E-03      -271.551      
                2.05905E-03     -278.557      
                2.0617E-03      -298.162      
                2.06435E-03     -302.742      
                2.067E-03       -247.891      
                2.06965E-03     -301.846      
                2.0723E-03      -313.32       
                2.07495E-03     -314.586      
                2.0776E-03      -314.318      
                2.08025E-03     -217.444      
                2.0829E-03      -256.591      
                2.08555E-03     -305.734      
                2.0882E-03      -303.89       
                2.09085E-03     -299.424      
                2.0935E-03      -295.358      
                2.09615E-03     -320.397      
                2.0988E-03      -296.286      
                2.10145E-03     -308.376      
                2.1041E-03      -342.845      
                2.10675E-03     -336.821      
                2.1094E-03      -342.337      
                2.11205E-03     -316.668      
                2.1147E-03      -147.973      
                2.11735E-03     -285.938      
                2.12E-03        -326.825      
                2.12265E-03     -335.307      
                2.1253E-03      -229.537      
                2.12795E-03     -283.975      
                2.1306E-03      -311.079      
                2.13325E-03     -245.262      
                2.1359E-03      -261.736      
                2.13855E-03     -300.569      
                2.1412E-03      -322.144      
                2.14385E-03     -303.205      
                2.1465E-03      -326.019      
                2.14915E-03     -199.121      
                2.1518E-03      -256.973      
                2.15445E-03     -334.973      
                2.1571E-03      -334.478      
                2.15975E-03     -347.584      
                2.1624E-03      -341.801      
                2.16505E-03     -329.466      
                2.1677E-03      -322.306      
                2.17035E-03      -99.7261     
                2.173E-03       -195.129      
                2.17565E-03     -307.338      
                2.1783E-03      -320.616      
                2.18095E-03     -344.559      
                2.1836E-03      -364.211      
                2.18625E-03     -212.659      
                2.1889E-03      -291.953      
                2.19155E-03     -360.338      
                2.1942E-03      -337.788      
                2.19685E-03     -146.781      
                2.1995E-03      -312.109      
                2.20215E-03     -329.86       
                2.2048E-03      -318.213      
                2.20745E-03     -361.545      
                2.2101E-03      -182.508      
                2.21275E-03     -268.478      
                2.2154E-03      -345.049      
                2.21805E-03     -355.303      
                2.2207E-03      -392.104      
                2.22335E-03     -312.872      
                2.226E-03       -339.153      
                2.22865E-03     -251.435      
                2.2313E-03      -292.273      
                2.23395E-03     -347.493      
                2.2366E-03      -336.853      
                2.23925E-03     -323.879      
                2.2419E-03      -354.317      
                2.24455E-03     -277.281      
                2.2472E-03      -248.349      
                2.24985E-03     -319.937      
                2.2525E-03      -350.636      
                2.25515E-03     -296.818      
                2.2578E-03      -197.395      
                2.26045E-03     -272.498      
                2.2631E-03      -265.096      
                2.26575E-03     -317.106      
                2.2684E-03      -302.83       
                2.27105E-03     -298.361      
                2.2737E-03      -270.646      
                2.27635E-03     -321.498      
                2.279E-03       -255.981      
                2.28165E-03     -282.681      
                2.2843E-03      -274.808      
                2.28695E-03     -324.342      
                2.2896E-03      -297.537      
                2.29225E-03     -305.771      
                2.2949E-03      -301.306      
                2.29755E-03     -329.964      
                2.3002E-03      -303.883      
                2.30285E-03     -290.621      
                2.3055E-03      -334.363      
                2.30815E-03     -332.37       
                2.3108E-03      -281.589      
                2.31345E-03     -191.529      
                2.3161E-03      -281.695      
                2.31875E-03     -312.704      
                2.3214E-03      -303.048      
                2.32405E-03     -247.605      
                2.3267E-03      -240.257      
                2.32935E-03     -198.999      
                2.332E-03       -233.45       
                2.33465E-03     -278.222      
                2.3373E-03      -275.726      
                2.33995E-03     -285.317      
                2.3426E-03      -266.8        
                2.34525E-03     -267.361      
                2.3479E-03      -100.682      
                2.35055E-03     -248.517      
                2.3532E-03      -277.937      
                2.35585E-03     -302.2        
                2.3585E-03      -273.78       
                2.36115E-03     -308.363      
                2.3638E-03      -204.318      
                2.36645E-03     -176.057      
                2.3691E-03      -269.831      
                2.37175E-03     -332.328      
                2.3744E-03      -186.63       
                2.37705E-03     -279.981      
                2.3797E-03      -355.561      
                2.38235E-03     -124.518      
                2.385E-03       -233.407      
                2.38765E-03     -264.385      
                2.3903E-03      -261.211      
                2.39295E-03     -293.85       
                2.3956E-03      -270.263      
                2.39825E-03     -240.612      
                2.4009E-03      -284.324      
                2.40355E-03     -279.521      
                2.4062E-03      -314.29       
                2.40885E-03     -278.577      
                2.4115E-03      -283.43       
                2.41415E-03     -285.95       
                2.4168E-03      -291.903      
                2.41945E-03     -130.154      
                2.4221E-03      -236.335      
                2.42475E-03     -235.061      
                2.4274E-03      -284.639      
                2.43005E-03     -278.948      
                2.4327E-03      -267.078      
                2.43535E-03     -279.883      
                2.438E-03       -299.444      
                2.44065E-03     -310.53       
                2.4433E-03      -233.795      
                2.44595E-03     -272.613      
                2.4486E-03      -249.001      
                2.45125E-03     -145.792      
                2.4539E-03      -246.556      
                2.45655E-03     -140.293      
                2.4592E-03      -279.706      
                2.46185E-03     -296.494      
                2.4645E-03      -302.804      
                2.46715E-03     -279.672      
                2.4698E-03      -276.834      
                2.47245E-03     -251.207      
                2.4751E-03      -276.845      
                2.47775E-03     -278.837      
                2.4804E-03      -301.645      
                2.48305E-03     -300.41       
                2.4857E-03      -300.561      
                2.48835E-03     -259.38       
                2.491E-03       -304.954      
                2.49365E-03     -283.416      
                2.4963E-03      -275.588      
                2.49895E-03     -303.578      
                2.5016E-03      -309.83       
                2.50425E-03     -271.556      
                2.5069E-03      -292.396      
                2.50955E-03     -292.815      
                2.5122E-03      -268.164      
                2.51485E-03     -271.961      
                2.5175E-03      -287.492      
                2.52015E-03     -284.077      
                2.5228E-03      -316.469      
                2.52545E-03     -298.924      
                2.5281E-03      -290.842      
                2.53075E-03     -290.194      
                2.5334E-03      -290.095      
                2.53605E-03     -290.336      
                2.5387E-03      -285.463      
                2.54135E-03     -298.816      
                2.544E-03       -284.557      
                2.54665E-03     -300.683      
                2.5493E-03      -288.349      
                2.55195E-03     -271.318      
                2.5546E-03      -285.036      
                2.55725E-03     -286.536      
                2.5599E-03      -290.673      
                2.56255E-03     -304.028      
                2.5652E-03      -316.263      
                2.56785E-03     -219.79       
                2.5705E-03      -285.682      
                2.57315E-03     -267.046      
                2.5758E-03      -230.939      
                2.57845E-03     -274.594      
                2.5811E-03      -222.097      
                2.58375E-03     -276.622      
                2.5864E-03      -191.568      
                2.58905E-03     -220.373      
                2.5917E-03      -291.727      
                2.59435E-03     -278.801      
                2.597E-03       -268.125      
                2.59965E-03     -279.623      
                2.6023E-03      -278.887      
                2.60495E-03     -275.165      
                2.6076E-03      -286.872      
                2.61025E-03     -278.542      
                2.6129E-03      -183.534      
                2.61555E-03     -251.196      
                2.6182E-03      -292.264      
                2.62085E-03     -315.702      
                2.6235E-03      -316.453      
                2.62615E-03     -279.367      
                2.6288E-03      -272.924      
                2.63145E-03     -286.924      
                2.6341E-03      -286.913      
                2.63675E-03     -277.523      
                2.6394E-03      -277.116      
                2.64205E-03     -295.995      
                2.6447E-03      -288.163      
                2.64735E-03     -287.826      
                2.65E-03        -302.261      
                2.65265E-03     -264.033      
                2.6553E-03      -264.13       
                2.65795E-03     -279.538      
                2.6606E-03      -299.632      
                2.66325E-03     -270.284      
                2.6659E-03      -283.729      
                2.66855E-03     -270.939      
                2.6712E-03      -203.599      
                2.67385E-03     -233.2        
                2.6765E-03      -275.395      
                2.67915E-03     -282.544      
                2.6818E-03      -301.45       
                2.68445E-03     -301.927      
                2.6871E-03      -291.935      
                2.68975E-03     -273.263      
                2.6924E-03      -290.417      
                2.69505E-03     -313.359      
                2.6977E-03      -283.607      
                2.70035E-03     -264.838      
                2.703E-03       -278.666      
                2.70565E-03     -293.198      
                2.7083E-03      -314.945      
                2.71095E-03     -314.742      
                2.7136E-03      -279.87       
                2.71625E-03     -275.343      
                2.7189E-03      -305.078      
                2.72155E-03     -314.435      
                2.7242E-03      -273.582      
                2.72685E-03     -242.751      
                2.7295E-03      -277.471      
                2.73215E-03     -301.215      
                2.7348E-03      -191.656      
                2.73745E-03     -270.131      
                2.7401E-03      -294.451      
                2.74275E-03     -230.528      
                2.7454E-03      -244.486      
                2.74805E-03     -298.358      
                2.7507E-03      -280.776      
                2.75335E-03     -307.039      
                2.756E-03       -253.049      
                2.75865E-03     -272.319      
                2.7613E-03      -258.181      
                2.76395E-03     -255.789      
                2.7666E-03      -155.555      
                2.76925E-03     -175.528      
                2.7719E-03      -232.562      
                2.77455E-03     -268.945      
                2.7772E-03      -276.991      
                2.77985E-03     -275.942      
                2.7825E-03      -254.609      
                2.78515E-03     -287.821      
                2.7878E-03      -322.486      
                2.79045E-03     -273.479      
                2.7931E-03      -279.757      
                2.79575E-03     -233.905      
                2.7984E-03      -257.103      
                2.80105E-03     -271.376      
                2.8037E-03      -268.546      
                2.80635E-03     -283.295      
                2.809E-03       -265.596      
                2.81165E-03     -283.095      
                2.8143E-03      -272.615      
                2.81695E-03     -306.477      
                2.8196E-03      -310.499      
                2.82225E-03     -281.81       
                2.8249E-03      -280.653      
                2.82755E-03     -292.48       
                2.8302E-03      -310.139      
                2.83285E-03     -283.314      
                2.8355E-03      -287.517      
                2.83815E-03     -303.88       
                2.8408E-03      -313.301      
                2.84345E-03     -289.51       
                2.8461E-03      -293.577      
                2.84875E-03     -294.549      
                2.8514E-03      -300.5        
                2.85405E-03     -340.998      
                2.8567E-03      -271.601      
                2.85935E-03     -305.165      
                2.862E-03       -289.724      
                2.86465E-03     -288.408      
                2.8673E-03      -301.273      
                2.86995E-03     -289.996      
                2.8726E-03      -273.189      
                2.87525E-03     -312.009      
                2.8779E-03      -275.852      
                2.88055E-03     -234.288      
                2.8832E-03      -228.52       
                2.88585E-03     -244.992      
                2.8885E-03      -316.438      
                2.89115E-03     -285.568      
                2.8938E-03      -252.771      
                2.89645E-03     -251.636      
                2.8991E-03      -278.807      
                2.90175E-03     -279.021      
                2.9044E-03      -256.109      
                2.90705E-03     -259.377      
                2.9097E-03      -243.833      
                2.91235E-03     -271.27       
                2.915E-03       -275.066      
                2.91765E-03     -265.648      
                2.9203E-03      -252.73       
                2.92295E-03     -268.17       
                2.9256E-03      -240.82       
                2.92825E-03     -269.632      
                2.9309E-03      -262.375      
                2.93355E-03     -266.97       
                2.9362E-03      -271.204      
                2.93885E-03     -281.938      
                2.9415E-03      -278.893      
                2.94415E-03     -298.757      
                2.9468E-03      -257.013      
                2.94945E-03     -242.343      
                2.9521E-03      -245.231      
                2.95475E-03     -218.723      
                2.9574E-03      -236.682      
                2.96005E-03     -280.152      
                2.9627E-03      -239.924      
                2.96535E-03     -261.341      
                2.968E-03       -236.305      
                2.97065E-03     -277.355      
                2.9733E-03      -261.986      
                2.97595E-03     -262.605      
                2.9786E-03      -254.437      
                2.98125E-03     -287.076      
                2.9839E-03      -270.263      
                2.98655E-03     -260.103      
                2.9892E-03      -276.316      
                2.99185E-03     -269.073      
                2.9945E-03      -202.163      
                2.99715E-03     -264.085      
                2.9998E-03      -273.029      
                3.00245E-03     -284.203      
                3.0051E-03      -277.726      
                3.00775E-03     -277.68       
                3.0104E-03      -212.743      
                3.01305E-03     -227.258      
                3.0157E-03      -264.039      
                3.01835E-03     -271.2        
                3.021E-03       -263.564      
                3.02365E-03     -289.646      
                3.0263E-03      -301.525      
                3.02895E-03     -205.201      
                3.0316E-03      -302.775      
                3.03425E-03     -277.878      
                3.0369E-03      -300.645      
                3.03955E-03     -293.003      
                3.0422E-03      -314.23       
                3.04485E-03     -283.694      
                3.0475E-03      -218.601      
                3.05015E-03     -301.98       
                3.0528E-03      -269.573      
                3.05545E-03     -295.665      
                3.0581E-03      -263.892      
                3.06075E-03     -286.54       
                3.0634E-03      -285.573      
                3.06605E-03     -284.384      
                3.0687E-03      -258.986      
                3.07135E-03     -261.331      
                3.074E-03       -275.358      
                3.07665E-03     -246.082      
                3.0793E-03      -257.794      
                3.08195E-03     -256.172      
                3.0846E-03      -199.91       
                3.08725E-03     -245.623      
                3.0899E-03      -270.831      
                3.09255E-03     -271.649      
                3.0952E-03      -242.669      
                3.09785E-03     -264.438      
                3.1005E-03      -263.855      
                3.10315E-03     -288.724      
                3.1058E-03      -228.949      
                3.10845E-03     -240.509      
                3.1111E-03      -264.764      
                3.11375E-03     -261.499      
                3.1164E-03      -295.475      
                3.11905E-03     -273.411      
                3.1217E-03      -266.923      
                3.12435E-03     -277.285      
                3.127E-03       -281.752      
                3.12965E-03     -287.409      
                3.1323E-03      -287.74       
                3.13495E-03     -273.515      
                3.1376E-03      -292.582      
                3.14025E-03     -288.117      
                3.1429E-03      -283.869      
                3.14555E-03     -237.444      
                3.1482E-03      -278.436      
                3.15085E-03     -267.038      
                3.1535E-03      -262.063      
                3.15615E-03     -259.822      
                3.1588E-03      -286.694      
                3.16145E-03     -287.493      
                3.1641E-03      -267.773      
                3.16675E-03     -284.365      
                3.1694E-03      -254.739      
                3.17205E-03     -277.464      
                3.1747E-03      -288.238      
                3.17735E-03     -266.811      
                3.18E-03        -277.486      
                3.18265E-03     -301.72       
                3.1853E-03      -291.09       
                3.18795E-03     -291.335      
                3.1906E-03      -284.518      
                3.19325E-03     -282.031      
                3.1959E-03      -285.169      
                3.19855E-03     -290.887      
                3.2012E-03      -262.517      
                3.20385E-03     -266.535      
                3.2065E-03      -223.561      
                3.20915E-03     -239.371      
                3.2118E-03      -239.131      
                3.21445E-03     -253.168      
                3.2171E-03      -252.383      
                3.21975E-03     -266.919      
                3.2224E-03      -274.06       
                3.22505E-03     -272.526      
                3.2277E-03      -263.102      
                3.23035E-03     -268.831      
                3.233E-03       -275.712      
                3.23565E-03     -270.513      
                3.2383E-03      -245.804      
                3.24095E-03     -273.209      
                3.2436E-03      -280.631      
                3.24625E-03     -209.349      
                3.2489E-03      -300.641      
                3.25155E-03     -298.292      
                3.2542E-03      -222.327      
                3.25685E-03     -255.903      
                3.2595E-03      -297.366      
                3.26215E-03     -277.552      
                3.2648E-03      -285.592      
                3.26745E-03     -248.406      
                3.2701E-03      -281.764      
                3.27275E-03     -283.022      
                3.2754E-03      -293.722      
                3.27805E-03     -217.747      
                3.2807E-03      -257.801      
                3.28335E-03     -284.261      
                3.286E-03       -283.206      
                3.28865E-03     -287.93       
                3.2913E-03      -242.835      
                3.29395E-03     -281.77       
                3.2966E-03      -318.878      
                3.29925E-03     -243.479      
                3.3019E-03      -281.858      
                3.30455E-03     -147.757      
                3.3072E-03      -213.349      
                3.30985E-03     -272.561      
                3.3125E-03      -263.248      
                3.31515E-03     -246.896      
                3.3178E-03      -289.775      
                3.32045E-03     -301.303      
                3.3231E-03      -295.457      
                3.32575E-03     -257.901      
                3.3284E-03      -287.475      
                3.33105E-03     -295.819      
                3.3337E-03      -145.878      
                3.33635E-03     -164.316      
                3.339E-03       -195.408      
                3.34165E-03     -199.914      
                3.3443E-03      -246.632      
                3.34695E-03     -247.944      
                3.3496E-03      -264.866      
                3.35225E-03     -281.987      
                3.3549E-03      -233.767      
                3.35755E-03     -233.636      
                3.3602E-03      -252.577      
                3.36285E-03     -229.235      
                3.3655E-03      -216.53       
                3.36815E-03     -257.993      
                3.3708E-03      -231.873      
                3.37345E-03     -229.29       
                3.3761E-03      -228.767      
                3.37875E-03     -255.969      
                3.3814E-03      -282.276      
                3.38405E-03     -276.819      
                3.3867E-03      -268.873      
                3.38935E-03     -266.219      
                3.392E-03       -257.033      
                3.39465E-03     -303.128      
                3.3973E-03      -253.296      
                3.39995E-03     -274.553      
                3.4026E-03      -269.737      
                3.40525E-03     -266.057      
                3.4079E-03      -246.602      
                3.41055E-03     -248.265      
                3.4132E-03      -258.067      
                3.41585E-03     -269.037      
                3.4185E-03      -261.813      
                3.42115E-03     -266.41       
                3.4238E-03      -273.405      
                3.42645E-03     -274.426      
                3.4291E-03      -250.574      
                3.43175E-03     -251.955      
                3.4344E-03      -293.181      
                3.43705E-03     -295.604      
                3.4397E-03      -253.581      
                3.44235E-03     -266.325      
                3.445E-03       -274.736      
                3.44765E-03     -276.232      
                3.4503E-03      -300.357      
                3.45295E-03     -301.12       
                3.4556E-03      -302.862      
                3.45825E-03     -276.83       
                3.4609E-03      -290.983      
                3.46355E-03     -216.58       
                3.4662E-03      -269.186      
                3.46885E-03     -287.34       
                3.4715E-03      -274.942      
                3.47415E-03     -284.679      
                3.4768E-03      -277.771      
                3.47945E-03     -271.489      
                3.4821E-03      -281.958      
                3.48475E-03     -291.55       
                3.4874E-03      -309.993      
                3.49005E-03     -312.053      
                3.4927E-03      -301.776      
                3.49535E-03     -312.562      
                3.498E-03       -303.915      
                3.50065E-03     -271.036      
                3.5033E-03      -301.417      
                3.50595E-03     -291.718      
                3.5086E-03      -268.273      
                3.51125E-03     -258.505      
                3.5139E-03      -285.991      
                3.51655E-03     -269.58       
                3.5192E-03      -249.692      
                3.52185E-03     -281.324      
                3.5245E-03      -290.049      
                3.52715E-03     -308.547      
                3.5298E-03      -302.092      
                3.53245E-03     -279.123      
                3.5351E-03      -288.986      
                3.53775E-03     -282.708      
                3.5404E-03      -283.614      
                3.54305E-03     -229.223      
                3.5457E-03      -284.455      
                3.54835E-03     -293.036      
                3.551E-03       -319.395      
                3.55365E-03     -274.801      
                3.5563E-03      -276.376      
                3.55895E-03     -305.26       
                3.5616E-03      -248.216      
                3.56425E-03     -298.257      
                3.5669E-03      -306.94       
                3.56955E-03     -283.837      
                3.5722E-03      -279.569      
                3.57485E-03     -281.756      
                3.5775E-03      -299.512      
                3.58015E-03     -294.373      
                3.5828E-03      -303.794      
                3.58545E-03     -129.721      
                3.5881E-03      -264.329      
                3.59075E-03     -312.193      
                3.5934E-03      -309.027      
                3.59605E-03     -293.662      
                3.5987E-03      -316.052      
                3.60135E-03     -270.752      
                3.604E-03       -298.809      
                3.60665E-03     -309.871      
                3.6093E-03      -308.296      
                3.61195E-03     -316.907      
                3.6146E-03      -255.034      
                3.61725E-03     -282.979      
                3.6199E-03      -265.762      
                3.62255E-03     -297.609      
                3.6252E-03      -288.831      
                3.62785E-03     -195.813      
                3.6305E-03      -260.773      
                3.63315E-03     -285.322      
                3.6358E-03      -272.89       
                3.63845E-03     -280.728      
                3.6411E-03      -231.645      
                3.64375E-03     -290.515      
                3.6464E-03      -301.682      
                3.64905E-03     -188.856      
                3.6517E-03      -217.93       
                3.65435E-03     -285.694      
                3.657E-03       -287.652      
                3.65965E-03     -290.928      
                3.6623E-03      -280.257      
                3.66495E-03     -238.759      
                3.6676E-03      -253.422      
                3.67025E-03     -273.32       
                3.6729E-03      -251.065      
                3.67555E-03     -283.098      
                3.6782E-03      -262.449      
                3.68085E-03     -277.177      
                3.6835E-03      -317.311      
                3.68615E-03     -286.728      
                3.6888E-03      -268.843      
                3.69145E-03     -291.911      
                3.6941E-03      -241.521      
                3.69675E-03     -270.971      
                3.6994E-03      -256.721      
                3.70205E-03     -296.908      
                3.7047E-03      -287.965      
                3.70735E-03     -291.459      
                3.71E-03        -260.244      
                3.71265E-03     -271.856      
                3.7153E-03      -273.183      
                3.71795E-03     -232.295      
                3.7206E-03      -276.959      
                3.72325E-03     -316.203      
                3.7259E-03      -289.012      
                3.72855E-03     -278.586      
                3.7312E-03      -266.2        
                3.73385E-03     -267.854      
                3.7365E-03      -244.3        
                3.73915E-03     -266.122      
                3.7418E-03      -272.439      
                3.74445E-03     -293.408      
                3.7471E-03      -297.657      
                3.74975E-03     -292.835      
                3.7524E-03      -270.712      
                3.75505E-03     -190.511      
                3.7577E-03      -298.657      
                3.76035E-03     -281.735      
                3.763E-03       -292.138      
                3.76565E-03     -317.199      
                3.7683E-03      -246.948      
                3.77095E-03     -318.205      
                3.7736E-03      -310.009      
                3.77625E-03     -218.169      
                3.7789E-03      -258.194      
                3.78155E-03     -247.735      
                3.7842E-03      -283.005      
                3.78685E-03     -278.712      
                3.7895E-03      -254.981      
                3.79215E-03     -261.998      
                3.7948E-03      -277.388      
                3.79745E-03     -281.903      
                3.8001E-03      -291.301      
                3.80275E-03     -277.229      
                3.8054E-03      -219.849      
                3.80805E-03     -277.092      
                3.8107E-03      -252.589      
                3.81335E-03     -278.324      
                3.816E-03       -254.467      
                3.81865E-03     -266.086      
                3.8213E-03      -280.598      
                3.82395E-03     -274.926      
                3.8266E-03      -268.429      
                3.82925E-03     -236.013      
                3.8319E-03      -259.499      
                3.83455E-03     -303.245      
                3.8372E-03      -261.252      
                3.83985E-03     -262.799      
                3.8425E-03      -261.615      
                3.84515E-03     -288.981      
                3.8478E-03      -300.439      
                3.85045E-03     -210.986      
                3.8531E-03      -228.445      
                3.85575E-03     -248.008      
                3.8584E-03      -296.093      
                3.86105E-03     -279.389      
                3.8637E-03      -281.024      
                3.86635E-03     -278.671      
                3.869E-03       -230.956      
                3.87165E-03     -243.199      
                3.8743E-03      -254.53       
                3.87695E-03     -281.417      
                3.8796E-03      -306.109      
                3.88225E-03     -198.758      
                3.8849E-03      -197.817      
                3.88755E-03     -230.806      
                3.8902E-03      -237.61       
                3.89285E-03     -215.525      
                3.8955E-03      -210.442      
                3.89815E-03     -265.193      
                3.9008E-03      -263.58       
                3.90345E-03     -279.19       
                3.9061E-03      -281.554      
                3.90875E-03     -265.054      
                3.9114E-03      -281.372      
                3.91405E-03     -276.203      
                3.9167E-03      -222.013      
                3.91935E-03     -311.353      
                3.922E-03       -225.2        
                3.92465E-03     -229.023      
                3.9273E-03      -285.914      
                3.92995E-03     -268.254      
                3.9326E-03      -253.31       
                3.93525E-03     -267.555      
                3.9379E-03      -270.407      
                3.94055E-03     -290.928      
                3.9432E-03      -312.514      
                3.94585E-03     -304.974      
                3.9485E-03      -288.325      
                3.95115E-03     -235.879      
                3.9538E-03      -256.64       
                3.95645E-03     -287.957      
                3.9591E-03      -278.873      
                3.96175E-03     -304.293      
                3.9644E-03      -285.516      
                3.96705E-03     -254.117      
                3.9697E-03      -259.309      
                3.97235E-03     -267.167      
                3.975E-03       -246.542      
                3.97765E-03     -254.037      
                3.9803E-03      -296.738      
                3.98295E-03     -215.919      
                3.9856E-03      -270.419      
                3.98825E-03     -258.445      
                3.9909E-03      -226.953      
                3.99355E-03     -271.859      
                3.9962E-03      -265.618      
                3.99885E-03     -207.201      
                4.0015E-03      -208.967      
                4.00415E-03     -237.413      
                4.0068E-03      -211.881      
                4.00945E-03     -324.803      
                4.0121E-03      -233.564      
                4.01475E-03     -240.125      
                4.0174E-03      -253.859      
                4.02005E-03     -267.897      
                4.0227E-03      -256.783      
                4.02535E-03     -246.975      
                4.028E-03       -259.672      
                4.03065E-03     -258.546      
                4.0333E-03      -273.66       
                4.03595E-03     -205.702      
                4.0386E-03      -211.251      
                4.04125E-03     -243.952      
                4.0439E-03      -275.447      
                4.04655E-03     -222.747      
                4.0492E-03      -229.756      
                4.05185E-03     -251.842      
                4.0545E-03      -251.403      
                4.05715E-03     -269.746      
                4.0598E-03      -264.627      
                4.06245E-03     -241.31       
                4.0651E-03      -268.05       
                4.06775E-03     -253.145      
                4.0704E-03      -257.615      
                4.07305E-03     -272.424      
                4.0757E-03      -268.508      
                4.07835E-03     -234.638      
                4.081E-03       -245.374      
                4.08365E-03     -274.066      
                4.0863E-03      -269.774      
                4.08895E-03     -265.286      
                4.0916E-03      -273.157      
                4.09425E-03     -276.048      
                4.0969E-03      -227.611      
                4.09955E-03     -257.823      
                4.1022E-03      -229.526      
                4.10485E-03     -221.86       
                4.1075E-03      -250.667      
                4.11015E-03     -303.186      
                4.1128E-03      -264.684      
                4.11545E-03     -252.054      
                4.1181E-03      -242.932      
                4.12075E-03     -263.48       
                4.1234E-03      -316.616      
                4.12605E-03     -306.382      
                4.1287E-03      -227.431      
                4.13135E-03     -251.457      
                4.134E-03       -305.441      
                4.13665E-03     -278.951      
                4.1393E-03      -273.923      
                4.14195E-03     -272.204      
                4.1446E-03      -249.647      
                4.14725E-03     -214.778      
                4.1499E-03      -233.662      
                4.15255E-03     -271.242      
                4.1552E-03      -266.297      
                4.15785E-03     -257.04       
                4.1605E-03      -264.548      
                4.16315E-03     -277.415      
                4.1658E-03      -251.202      
                4.16845E-03     -290.111      
                4.1711E-03      -286.92       
                4.17375E-03     -276.324      
                4.1764E-03      -250.164      
                4.17905E-03     -279.455      
                4.1817E-03      -290.969      
                4.18435E-03     -234.631      
                4.187E-03       -249.858      
                4.18965E-03     -152.851      
                4.1923E-03      -214.5        
                4.19495E-03     -241.803      
                4.1976E-03      -262.239      
                4.20025E-03     -292.371      
                4.2029E-03      -205.731      
                4.20555E-03     -178.542      
                4.2082E-03      -211.127      
                4.21085E-03     -241.863      
                4.2135E-03      -255.051      
                4.21615E-03     -189.535      
                4.2188E-03      -260.252      
                4.22145E-03     -208.372      
                4.2241E-03      -219.704      
                4.22675E-03     -261.176      
                4.2294E-03      -255.367      
                4.23205E-03     -261.857      
                4.2347E-03      -262.555      
                4.23735E-03     -267.698      
                4.24E-03        -234.096      
                4.24265E-03     -284.859      
                4.2453E-03      -165.664      
                4.24795E-03     -205.063      
                4.2506E-03      -287.515      
                4.25325E-03     -235.863      
                4.2559E-03      -250.521      
                4.25855E-03     -286.473      
                4.2612E-03      -187.814      
                4.26385E-03     -241.526      
                4.2665E-03      -266.571      
                4.26915E-03     -267.859      
                4.2718E-03      -264.352      
                4.27445E-03     -258.27       
                4.2771E-03      -259.731      
                4.27975E-03     -254.596      
                4.2824E-03      -264.073      
                4.28505E-03     -288.158      
                4.2877E-03      -276.276      
                4.29035E-03     -282.136      
                4.293E-03       -261.915      
                4.29565E-03     -251.813      
                4.2983E-03      -231.082      
                4.30095E-03     -247.957      
                4.3036E-03      -270.307      
                4.30625E-03     -255.783      
                4.3089E-03      -277.322      
                4.31155E-03     -271.349      
                4.3142E-03      -283.532      
                4.31685E-03     -277.404      
                4.3195E-03      -119.277      
                4.32215E-03     -228.365      
                4.3248E-03      -289.436      
                4.32745E-03     -263.104      
                4.3301E-03      -230.544      
                4.33275E-03     -268.858      
                4.3354E-03      -283.471      
                4.33805E-03     -264.343      
                4.3407E-03      -199.074      
                4.34335E-03     -214.908      
                4.346E-03       -261.469      
                4.34865E-03     -278.254      
                4.3513E-03      -281.473      
                4.35395E-03     -284.839      
                4.3566E-03      -245.774      
                4.35925E-03     -246.624      
                4.3619E-03      -229.842      
                4.36455E-03     -210.257      
                4.3672E-03      -254.854      
                4.36985E-03     -290.095      
                4.3725E-03      -302.672      
                4.37515E-03     -291.564      
                4.3778E-03      -259.         
                4.38045E-03     -265.252      
                4.3831E-03      -307.835      
                4.38575E-03     -260.808      
                4.3884E-03      -230.246      
                4.39105E-03     -270.68       
                4.3937E-03      -265.198      
                4.39635E-03     -271.411      
                4.399E-03       -255.794      
                4.40165E-03     -169.929      
                4.4043E-03      -136.317      
                4.40695E-03     -260.287      
                4.4096E-03      -289.829      
                4.41225E-03     -271.688      
                4.4149E-03      -281.321      
                4.41755E-03     -290.065      
                4.4202E-03      -269.48       
                4.42285E-03     -274.592      
                4.4255E-03      -239.797      
                4.42815E-03     -277.205      
                4.4308E-03      -271.533      
                4.43345E-03     -271.136      
                4.4361E-03      -283.666      
                4.43875E-03     -266.662      
                4.4414E-03      -261.953      
                4.44405E-03     -264.801      
                4.4467E-03      -274.189      
                4.44935E-03     -269.354      
                4.452E-03       -276.245      
                4.45465E-03     -267.721      
                4.4573E-03      -265.803      
                4.45995E-03     -270.26       
                4.4626E-03      -262.816      
                4.46525E-03     -282.392      
                4.4679E-03      -274.075      
                4.47055E-03     -276.723      
                4.4732E-03      -272.491      
                4.47585E-03     -267.769      
                4.4785E-03      -267.78       
                4.48115E-03     -261.89       
                4.4838E-03      -265.005      
                4.48645E-03     -239.685      
                4.4891E-03      -267.733      
                4.49175E-03     -274.236      
                4.4944E-03      -273.562      
                4.49705E-03     -245.414      
                4.4997E-03      -176.534      
                4.50235E-03     -191.743      
                4.505E-03       -248.311      
                4.50765E-03     -259.563      
                4.5103E-03      -260.617      
                4.51295E-03     -265.796      
                4.5156E-03      -268.206      
                4.51825E-03     -249.713      
                4.5209E-03      -243.318      
                4.52355E-03     -253.374      
                4.5262E-03      -254.744      
                4.52885E-03     -271.521      
                4.5315E-03      -268.291      
                4.53415E-03     -259.735      
                4.5368E-03      -256.894      
                4.53945E-03     -263.615      
                4.5421E-03      -267.209      
                4.54475E-03     -251.869      
                4.5474E-03      -247.586      
                4.55005E-03     -272.416      
                4.5527E-03      -264.532      
                4.55535E-03     -247.987      
                4.558E-03       -252.431      
                4.56065E-03     -217.112      
                4.5633E-03      -168.035      
                4.56595E-03     -211.641      
                4.5686E-03      -237.365      
                4.57125E-03     -239.369      
                4.5739E-03      -273.319      
                4.57655E-03     -261.339      
                4.5792E-03      -252.562      
                4.58185E-03     -239.484      
                4.5845E-03      -237.067      
                4.58715E-03     -259.711      
                4.5898E-03      -310.506      
                4.59245E-03     -219.769      
                4.5951E-03      -261.198      
                4.59775E-03     -273.277      
                4.6004E-03      -276.302      
                4.60305E-03     -265.996      
                4.6057E-03      -265.939      
                4.60835E-03     -251.672      
                4.611E-03       -260.342      
                4.61365E-03     -259.435      
                4.6163E-03      -244.499      
                4.61895E-03     -253.255      
                4.6216E-03      -249.976      
                4.62425E-03     -241.051      
                4.6269E-03      -250.484      
                4.62955E-03     -253.061      
                4.6322E-03      -251.906      
                4.63485E-03     -248.006      
                4.6375E-03      -260.68       
                4.64015E-03     -271.921      
                4.6428E-03      -254.645      
                4.64545E-03     -249.454      
                4.6481E-03      -256.094      
                4.65075E-03     -251.265      
                4.6534E-03      -249.522      
                4.65605E-03     -259.034      
                4.6587E-03      -246.979      
                4.66135E-03     -247.063      
                4.664E-03       -260.522      
                4.66665E-03     -254.191      
                4.6693E-03      -255.738      
                4.67195E-03     -204.952      
                4.6746E-03      -237.452      
                4.67725E-03     -270.72       
                4.6799E-03      -203.113      
                4.68255E-03     -257.546      
                4.6852E-03      -242.193      
                4.68785E-03     -244.467      
                4.6905E-03      -243.398      
                4.69315E-03     -229.722      
                4.6958E-03      -245.597      
                4.69845E-03     -277.604      
                4.7011E-03      -245.098      
                4.70375E-03     -270.087      
                4.7064E-03      -276.         
                4.70905E-03     -247.711      
                4.7117E-03      -255.127      
                4.71435E-03     -252.496      
                4.717E-03       -239.437      
                4.71965E-03     -253.581      
                4.7223E-03      -244.562      
                4.72495E-03     -245.74       
                4.7276E-03      -252.878      
                4.73025E-03     -202.523      
                4.7329E-03      -217.912      
                4.73555E-03     -236.461      
                4.7382E-03      -248.156      
                4.74085E-03     -243.202      
                4.7435E-03      -244.272      
                4.74615E-03     -243.88       
                4.7488E-03      -239.279      
                4.75145E-03     -246.089      
                4.7541E-03      -242.289      
                4.75675E-03     -246.133      
                4.7594E-03      -246.587      
                4.76205E-03     -242.813      
                4.7647E-03      -226.377      
                4.76735E-03     -233.768      
                4.77E-03        -246.459      
                4.77265E-03     -244.077      
                4.7753E-03      -235.002      
                4.77795E-03     -243.903      
                4.7806E-03      -208.732      
                4.78325E-03     -211.616      
                4.7859E-03      -226.718      
                4.78855E-03     -235.624      
                4.7912E-03      -218.193      
                4.79385E-03     -220.855      
                4.7965E-03      -233.36       
                4.79915E-03     -213.949      
                4.8018E-03      -195.266      
                4.80445E-03     -211.943      
                4.8071E-03      -228.992      
                4.80975E-03     -218.539      
                4.8124E-03      -221.376      
                4.81505E-03     -163.929      
                4.8177E-03      -191.43       
                4.82035E-03     -189.96       
                4.823E-03       -190.936      
                4.82565E-03     -218.871      
                4.8283E-03      -205.546      
                4.83095E-03     -219.435      
                4.8336E-03      -216.641      
                4.83625E-03     -214.563      
                4.8389E-03      -205.118      
                4.84155E-03     -219.091      
                4.8442E-03      -204.453      
                4.84685E-03     -218.709      
                4.8495E-03      -224.849      
                4.85215E-03     -222.982      
                4.8548E-03      -215.119      
                4.85745E-03     -202.895      
                4.8601E-03      -207.678      
                4.86275E-03     -205.083      
                4.8654E-03      -208.559      
                4.86805E-03     -190.611      
                4.8707E-03      -204.812      
                4.87335E-03     -201.567      
                4.876E-03       -202.71       
                4.87865E-03     -209.987      
                4.8813E-03      -160.875      
                4.88395E-03     -172.672      
                4.8866E-03      -209.988      
                4.88925E-03     -190.585      
                4.8919E-03      -205.655      
                4.89455E-03     -206.772      
                4.8972E-03      -184.487      
                4.89985E-03     -202.753      
                4.9025E-03      -205.088      
                4.90515E-03     -203.054      
                4.9078E-03      -209.791      
                4.91045E-03     -187.087      
                4.9131E-03      -143.148      
                4.91575E-03     -189.809      
                4.9184E-03      -190.636      
                4.92105E-03     -198.66       
                4.9237E-03      -180.591      
                4.92635E-03     -195.127      
                4.929E-03       -185.196      
                4.93165E-03     -199.308      
                4.9343E-03      -188.953      
                4.93695E-03     -201.018      
                4.9396E-03      -196.236      
                4.94225E-03     -197.848      
                4.9449E-03      -199.864      
                4.94755E-03     -141.201      
                4.9502E-03      -146.694      
                4.95285E-03     -159.228      
                4.9555E-03      -144.479      
                4.95815E-03     -177.986      
                4.9608E-03      -162.193      
                4.96345E-03     -166.482      
                4.9661E-03      -195.352      
                4.96875E-03     -163.777      
                4.9714E-03      -171.099      
                4.97405E-03     -166.823      
                4.9767E-03      -173.559      
                4.97935E-03     -163.83       
                4.982E-03       -172.717      
                4.98465E-03     -169.796      
                4.9873E-03      -192.303      
                4.98995E-03     -168.615      
                4.9926E-03      -187.847      
                4.99525E-03     -186.641      
                4.9979E-03      -183.521      
                5.00055E-03     -186.278      
                5.0032E-03      -179.956      
                5.00585E-03     -178.549      
                5.0085E-03      -181.719      
                5.01115E-03     -201.527      
                5.0138E-03      -149.778      
                5.01645E-03     -156.679      
                5.0191E-03      -184.717      
                5.02175E-03     -186.127      
                5.0244E-03      -155.27       
                5.02705E-03     -178.204      
                5.0297E-03      -178.526      
                5.03235E-03     -156.905      
                5.035E-03       -173.712      
                5.03765E-03     -170.755      
                5.0403E-03      -203.856      
                5.04295E-03     -147.012      
                5.0456E-03      -174.254      
                5.04825E-03     -156.08       
                5.0509E-03      -154.432      
                5.05355E-03     -153.303      
                5.0562E-03      -174.869      
                5.05885E-03     -205.756      
                5.0615E-03      -184.801      
                5.06415E-03     -121.989      
                5.0668E-03      -158.674      
                5.06945E-03     -169.219      
                5.0721E-03      -140.534      
                5.07475E-03     -148.662      
                5.0774E-03      -171.618      
                5.08005E-03     -175.029      
                5.0827E-03      -184.642      
                5.08535E-03     -154.762      
                5.088E-03       -186.2        
                5.09065E-03     -186.439      
                5.0933E-03      -160.271      
                5.09595E-03     -171.769      
                5.0986E-03      -157.057      
                5.10125E-03     -161.175      
                5.1039E-03      -227.228      
                5.10655E-03     -184.535      
                5.1092E-03      -164.332      
                5.11185E-03     -124.635      
                5.1145E-03      -162.853      
                5.11715E-03     -153.32       
                5.1198E-03      -157.081      
                5.12245E-03     -148.98       
                5.1251E-03      -152.11       
                5.12775E-03     -133.388      
                5.1304E-03      -147.178      
                5.13305E-03     -127.331      
                5.1357E-03      -136.671      
                5.13835E-03     -152.999      
                5.141E-03       -150.972      
                5.14365E-03     -174.256      
                5.1463E-03      -134.493      
                5.14895E-03     -135.407      
                5.1516E-03      -134.717      
                5.15425E-03     -162.367      
                5.1569E-03      -164.708      
                5.15955E-03      -24.9005     
                5.1622E-03      -132.799      
                5.16485E-03     -139.056      
                5.1675E-03      -133.61       
                5.17015E-03     -139.04       
                5.1728E-03      -142.245      
                5.17545E-03     -143.203      
                5.1781E-03      -138.963      
                5.18075E-03     -127.532      
                5.1834E-03      -138.353      
                5.18605E-03     -130.387      
                5.1887E-03      -151.825      
                5.19135E-03     -142.504      
                5.194E-03       -132.757      
                5.19665E-03     -143.284      
                5.1993E-03      -121.211      
                5.20195E-03     -140.057      
                5.2046E-03      -101.763      
                5.20725E-03      -82.016      
                5.2099E-03       -85.7375     
                5.21255E-03     -102.418      
                5.2152E-03      -107.845      
                5.21785E-03     -114.936      
                5.2205E-03       -86.0525     
                5.22315E-03     -122.561      
                5.2258E-03      -101.977      
                5.22845E-03     -122.167      
                5.2311E-03      -110.923      
                5.23375E-03     -132.118      
                5.2364E-03      -110.493      
                5.23905E-03      -98.3906     
                5.2417E-03       -72.7191     
                5.24435E-03     -140.671      
                5.247E-03        -85.0278     
                5.24965E-03     -108.167      
                5.2523E-03      -100.095      
                5.25495E-03     -105.568      
                5.2576E-03      -123.779      
                5.26025E-03     -111.896      
                5.2629E-03      -118.214      
                5.26555E-03     -119.564      
                5.2682E-03      -117.485      
                5.27085E-03     -113.046      
                5.2735E-03      -104.323      
                5.27615E-03     -101.314      
                5.2788E-03      -119.713      
                5.28145E-03     -112.917      
                5.2841E-03      -125.612      
                5.28675E-03     -107.505      
                5.2894E-03      -112.486      
                5.29205E-03     -127.128      
                5.2947E-03      -109.314      
                5.29735E-03     -113.335      
                5.3E-03         -154.962      




