
                  X               _temp_4     

                0.                 0.         
                2.65034E-06      -38.8444     
                5.30069E-06        3.58771    
                7.95104E-06       65.9329     
               10.6002E-06       -93.9323     
               13.2505E-06       126.401      
               15.9009E-06       -62.9937     
               18.5512E-06       -17.7836     
               21.2003E-06        65.6495     
               23.8507E-06       -79.8916     
               26.501E-06         36.3322     
               29.1502E-06       -12.8485     
               31.8011E-06         1.17248    
               34.4511E-06        -5.66949    
               37.1009E-06         9.36515    
               39.7507E-06       -37.7936     
               42.4004E-06       -29.599      
               45.0501E-06         9.35539    
               47.701E-06        -71.4354     
               50.3507E-06         4.67476    
               53.0004E-06       -46.7193     
               55.6501E-06       -47.3483     
               58.301E-06        -19.0016     
               60.9507E-06       -57.6025     
               63.6006E-06       -37.3726     
               66.2502E-06       -45.7975     
               68.901E-06        -39.2765     
               71.5506E-06       -57.033      
               74.2002E-06       -39.343      
               76.851E-06        -50.4695     
               79.5006E-06       -60.6592     
               82.1502E-06       -36.8086     
               84.801E-06        -68.5482     
               87.4506E-06       -52.8276     
               90.1002E-06       -55.5737     
               92.751E-06        -70.2492     
               95.4006E-06       -63.1211     
               98.0502E-06       -71.934      
              100.701E-06        -69.5997     
              103.351E-06        -74.7967     
              106.E-06           -70.7545     
              108.651E-06        -82.4199     
              111.3E-06          -64.8574     
              113.951E-06        -81.2609     
              116.601E-06        -71.6723     
              119.251E-06        -80.0703     
              121.9E-06          -95.1244     
              124.55E-06         -96.9991     
              127.201E-06        -97.8317     
              129.85E-06        -103.061      
              132.5E-06         -102.923      
              135.15E-06        -103.718      
              137.8E-06         -102.415      
              140.451E-06       -108.168      
              143.1E-06          -68.3441     
              145.75E-06         -99.2542     
              148.4E-06         -104.153      
              151.05E-06        -106.592      
              153.701E-06       -111.094      
              156.35E-06        -109.594      
              159.E-06          -111.54       
              161.65E-06         -49.5153     
              164.301E-06        -79.911      
              166.951E-06       -102.638      
              169.6E-06         -114.512      
              172.251E-06       -115.173      
              174.901E-06       -115.635      
              177.55E-06        -119.221      
              180.201E-06       -119.376      
              182.85E-06         -74.5411     
              185.501E-06       -104.737      
              188.15E-06        -113.33       
              190.8E-06         -116.164      
              193.451E-06       -121.817      
              196.1E-06         -127.299      
              198.75E-06        -131.432      
              201.401E-06       -137.135      
              204.05E-06          -5.11616    
              206.701E-06        -94.2221     
              209.35E-06        -127.856      
              212.E-06          -140.192      
              214.651E-06       -144.757      
              217.3E-06         -144.699      
              219.95E-06        -147.349      
              222.601E-06       -148.045      
              225.251E-06        -81.8226     
              227.901E-06       -119.453      
              230.55E-06        -134.909      
              233.201E-06       -136.116      
              235.851E-06       -145.388      
              238.5E-06         -149.225      
              241.151E-06       -154.425      
              243.801E-06       -153.051      
              246.45E-06        -115.012      
              249.101E-06       -123.31       
              251.75E-06        -144.104      
              254.4E-06         -153.815      
              257.051E-06       -152.414      
              259.7E-06         -165.331      
              262.35E-06        -164.16       
              265.001E-06       -162.414      
              267.65E-06        -164.802      
              270.3E-06         -142.188      
              272.951E-06       -147.166      
              275.601E-06       -150.87       
              278.25E-06        -157.257      
              280.901E-06       -157.023      
              283.551E-06       -167.52       
              286.2E-06         -165.715      
              288.851E-06       -164.584      
              291.501E-06       -158.737      
              294.151E-06       -158.472      
              296.8E-06         -141.29       
              299.45E-06        -149.432      
              302.101E-06       -159.915      
              304.75E-06        -157.993      
              307.4E-06         -160.549      
              310.051E-06       -159.033      
              312.7E-06         -160.589      
              315.35E-06        -162.249      
              318.001E-06       -135.275      
              320.651E-06       -147.976      
              323.3E-06         -163.22       
              325.951E-06       -168.256      
              328.601E-06       -170.545      
              331.25E-06        -171.585      
              333.901E-06       -169.352      
              336.551E-06       -114.413      
              339.201E-06       -122.829      
              341.85E-06        -147.333      
              344.501E-06       -172.585      
              347.151E-06       -177.368      
              349.8E-06         -179.198      
              352.451E-06       -128.267      
              355.1E-06         -185.356      
              357.75E-06        -178.169      
              360.401E-06       -175.966      
              363.05E-06        -176.397      
              365.701E-06       -116.191      
              368.35E-06        -141.716      
              371.001E-06        -98.7217     
              373.65E-06        -133.588      
              376.3E-06         -153.264      
              378.951E-06       -151.774      
              381.6E-06         -160.402      
              384.25E-06        -163.63       
              386.901E-06       -184.03       
              389.55E-06        -191.436      
              392.2E-06         -192.386      
              394.851E-06       -201.016      
              397.5E-06          -31.2932     
              400.15E-06         -71.3667     
              402.801E-06        -83.5359     
              405.451E-06        -97.8686     
              408.101E-06       -104.451      
              410.75E-06        -109.863      
              413.4E-06         -112.951      
              416.051E-06        -10.0917     
              418.701E-06        -19.2316     
              421.351E-06        -35.738      
              424.001E-06        -16.7107     
              426.651E-06        -18.0696     
              429.301E-06         -8.34178    
              431.951E-06        -66.9165E-03 
              434.601E-06         -6.11815    
              437.25E-06         -10.6117     
              439.9E-06          -10.8874     
              442.551E-06        -20.1607     
              445.2E-06          -51.61       
              447.851E-06        -75.766      
              450.501E-06        -64.4532     
              453.15E-06         -93.8547     
              455.8E-06         -105.004      
              458.451E-06       -124.586      
              461.1E-06          -97.2472     
              463.751E-06       -113.128      
              466.401E-06       -129.965      
              469.05E-06        -141.632      
              471.701E-06        -94.2016     
              474.35E-06         -95.7496     
              477.001E-06       -129.94       
              479.651E-06       -154.826      
              482.3E-06         -154.37       
              484.951E-06       -154.015      
              487.601E-06       -164.941      
              490.25E-06        -164.225      
              492.901E-06       -105.024      
              495.55E-06        -134.474      
              498.201E-06       -130.422      
              500.851E-06       -146.536      
              503.5E-06         -152.738      
              506.151E-06       -164.506      
              508.801E-06       -162.317      
              511.45E-06        -165.394      
              514.101E-06       -157.145      
              516.751E-06       -149.192      
              519.4E-06         -142.093      
              522.051E-06       -135.138      
              524.701E-06       -124.912      
              527.351E-06       -128.876      
              530.E-06          -122.395      
              532.651E-06       -119.163      
              535.301E-06       -118.799      
              537.95E-06        -117.338      
              540.601E-06       -100.775      
              543.251E-06       -107.53       
              545.9E-06         -104.584      
              548.551E-06       -113.454      
              551.201E-06       -105.752      
              553.85E-06        -106.93       
              556.501E-06       -110.805      
              559.151E-06       -108.337      
              561.8E-06          -50.3662     
              564.451E-06        -92.9785     
              567.101E-06        -98.7278     
              569.75E-06        -107.3        
              572.4E-06          -95.3317     
              575.051E-06       -105.61       
              577.701E-06       -112.209      
              580.351E-06        -93.2742     
              583.E-06          -107.747      
              585.65E-06         -92.4469     
              588.301E-06        -99.9113     
              590.95E-06         -58.3936     
              593.601E-06        -77.2337     
              596.25E-06        -113.547      
              598.9E-06         -115.355      
              601.551E-06       -113.11       
              604.201E-06        -65.4533     
              606.85E-06         -87.1981     
              609.501E-06       -106.573      
              612.151E-06       -115.079      
              614.8E-06         -126.486      
              617.451E-06       -143.376      
              620.101E-06       -135.889      
              622.751E-06        -79.0789     
              625.401E-06        -88.6162     
              628.05E-06         -99.1106     
              630.701E-06       -116.669      
              633.35E-06        -118.32       
              636.E-06          -132.386      
              638.651E-06       -125.94       
              641.3E-06         -123.091      
              643.95E-06         -84.5173     
              646.601E-06       -101.316      
              649.251E-06       -102.779      
              651.9E-06         -122.872      
              654.551E-06       -114.298      
              657.201E-06       -116.226      
              659.85E-06        -117.868      
              662.5E-06          -83.9577     
              665.151E-06        -89.7794     
              667.801E-06       -102.711      
              670.45E-06        -120.139      
              673.101E-06       -108.499      
              675.751E-06       -110.795      
              678.401E-06        -70.0083     
              681.05E-06         -83.256      
              683.701E-06       -110.276      
              686.351E-06       -107.336      
              689.E-06          -100.526      
              691.651E-06        -97.4194     
              694.3E-06          -75.978      
              696.951E-06        -85.682      
              699.601E-06        -88.5905     
              702.25E-06         -95.1193     
              704.9E-06          -79.1597     
              707.551E-06        -84.4849     
              710.201E-06        -85.5524     
              712.85E-06         -85.8655     
              715.501E-06        -86.4382     
              718.151E-06        -64.0489     
              720.801E-06        -73.9623     
              723.45E-06         -74.056      
              726.101E-06        -86.3598     
              728.75E-06         -13.4643     
              731.401E-06        -60.1296     
              734.051E-06        -67.8652     
              736.7E-06          -71.4738     
              739.35E-06         -38.5878     
              742.E-06           -62.8092     
              744.651E-06        -70.8441     
              747.3E-06          -74.093      
              749.95E-06         -80.726      
              752.6E-06          -59.2727     
              755.251E-06        -68.5209     
              757.901E-06        -73.3585     
              760.55E-06         -81.6293     
              763.201E-06        -77.6169     
              765.851E-06        -49.3024     
              768.5E-06          -56.9322     
              771.151E-06        -55.0012     
              773.801E-06        -71.1015     
              776.451E-06          3.87475E-03
              779.1E-06          -37.5272     
              781.751E-06        -51.858      
              784.401E-06        -56.7214     
              787.05E-06         -65.883      
              789.7E-06          -30.2325E-03 
              792.35E-06         -26.3739     
              795.001E-06        -45.1651     
              797.65E-06         -63.0313     
              800.3E-06          -62.4239     
              802.951E-06        -61.3529     
              805.6E-06          -64.3342     
              808.25E-06         -36.8714     
              810.9E-06          -43.4687     
              813.551E-06        -51.1425     
              816.2E-06          -56.7005     
              818.85E-06         -58.4416     
              821.501E-06        -25.5144     
              824.15E-06         -37.4874     
              826.8E-06          -39.4364     
              829.451E-06        -42.7203     
              832.1E-06          -44.4228     
              834.75E-06         -19.2205     
              837.401E-06        -28.4961     
              840.051E-06        -26.6454     
              842.7E-06          -33.8086     
              845.351E-06         10.0476E-03 
              848.001E-06         -9.05814    
              850.651E-06        -11.0126     
              853.3E-06          -15.5527     
              855.95E-06          -8.51405E-03
              858.6E-06           -9.49191E-03
              861.251E-06         -7.57349    
              863.901E-06        -18.5455     
              866.55E-06          -2.51569    
              869.2E-06          -20.222E-03  
              871.85E-06          -1.82971    
              874.5E-06           -3.85186    
              877.15E-06         -11.2452     
              879.8E-06         -767.997E-03  
              882.45E-06          -7.28584    
              885.1E-06          -12.6128     
              887.751E-06        -10.832      
              890.401E-06        -11.9871     
              893.051E-06         -4.31255    
              895.701E-06         -8.25982    
              898.351E-06        -13.6171     
              901.001E-06        -16.4639     
              903.651E-06        -19.2127     
              906.301E-06        -20.4861     
              908.951E-06         -3.94782    
              911.6E-06          -11.194      
              914.25E-06         -13.2808     
              916.901E-06        -14.2686     
              919.55E-06         -13.7518     
              922.2E-06          -16.8671     
              924.851E-06         -6.21759    
              927.501E-06         -7.24935    
              930.151E-06         -9.99357    
              932.801E-06        -10.0047     
              935.45E-06         -12.5435     
              938.1E-06           -8.12497    
              940.751E-06        -10.6066     
              943.401E-06        -11.9332     
              946.05E-06         -11.8673     
              948.701E-06        -10.1157     
              951.351E-06         -8.54828    
              954.001E-06        -13.7706     
              956.651E-06        -16.5563     
              959.301E-06        -15.3794     
              961.951E-06        -12.1467     
              964.601E-06        -15.0493     
              967.251E-06        -17.62       
              969.901E-06        -17.9197     
              972.55E-06         -17.1961     
              975.2E-06          -15.647      
              977.85E-06         -18.8473     
              980.501E-06        -14.9598     
              983.15E-06          -7.43077    
              985.801E-06        -33.2624     
              988.45E-06         -31.5391     
              991.101E-06        -30.3272     
              993.75E-06         -27.7979     
              996.401E-06        -28.3409     
              999.051E-06        -26.5758     
                1.0017E-03       -27.4254     
                1.00435E-03      -24.4386     
                1.007E-03        -22.8045     
                1.00965E-03      -23.8302     
                1.0123E-03       -23.9692     
                1.01495E-03      -23.3212     
                1.0176E-03       -28.8834     
                1.02025E-03      -26.0236     
                1.0229E-03       -26.0715     
                1.02555E-03      -24.1644     
                1.0282E-03       -25.2574     
                1.03085E-03      -22.0032     
                1.0335E-03       -22.4096     
                1.03615E-03      -21.0361     
                1.0388E-03       -21.208      
                1.04145E-03      -20.6875     
                1.0441E-03       -21.8321     
                1.04675E-03      -22.8591     
                1.0494E-03       -22.3539     
                1.05205E-03      -25.1959     
                1.0547E-03       -25.2323     
                1.05735E-03      -19.15       
                1.06E-03         -20.9434     
                1.06265E-03      -20.5745     
                1.0653E-03       -20.2059     
                1.06795E-03      -19.6721     
                1.0706E-03       -20.5604     
                1.07325E-03      -19.6298     
                1.0759E-03       -18.4726     
                1.07855E-03      -18.7366     
                1.0812E-03       -17.4242     
                1.08385E-03      -19.6807     
                1.0865E-03       -20.7492     
                1.08915E-03      -17.6665     
                1.0918E-03       -17.353      
                1.09445E-03      -15.7783     
                1.0971E-03       -15.1523     
                1.09975E-03      -13.9494     
                1.1024E-03       -12.0863     
                1.10505E-03      -14.5225     
                1.1077E-03       -14.2905     
                1.11035E-03      -12.7659     
                1.113E-03        -12.6079     
                1.11565E-03      -11.2763     
                1.1183E-03       -10.065      
                1.12095E-03       -8.99621    
                1.1236E-03        -8.43501    
                1.12625E-03       -8.17262    
                1.1289E-03        -8.06365    
                1.13155E-03       -9.23908    
                1.1342E-03        -9.09534    
                1.13685E-03       -8.33875    
                1.1395E-03        -7.9845     
                1.14215E-03       -7.36603    
                1.1448E-03        -7.07062    
                1.14745E-03       -5.82139    
                1.1501E-03        -5.49865    
                1.15275E-03       -5.16153    
                1.1554E-03        -4.63041    
                1.15805E-03       -4.16352    
                1.1607E-03        -3.31927    
                1.16335E-03       -5.02231    
                1.166E-03         -4.28639    
                1.16865E-03       -3.57413    
                1.1713E-03        -3.00485    
                1.17395E-03       -3.5004     
                1.1766E-03        -9.32829    
                1.17925E-03       -8.71946    
                1.1819E-03        -7.9378     
                1.18455E-03       -7.65917    
                1.1872E-03        -6.84078    
                1.18985E-03       -6.82017    
                1.1925E-03        -5.84837    
                1.19515E-03       -5.46161    
                1.1978E-03       149.306E-03  
                1.20045E-03      154.656E-03  
                1.2031E-03       -17.0721E-03 
                1.20575E-03       -2.01377    
                1.2084E-03        -2.77066    
                1.21105E-03       -2.5953     
                1.2137E-03        -4.06387    
                1.21635E-03       -6.19158    
                1.219E-03         -5.60641    
                1.22165E-03       -5.78667    
                1.2243E-03        -5.69542    
                1.22695E-03      -20.9589     
                1.2296E-03       -35.8245     
                1.23225E-03      -30.2441     
                1.2349E-03       -29.0116     
                1.23755E-03      -28.8478     
                1.2402E-03       -31.4424     
                1.24285E-03      -34.5532     
                1.2455E-03       -30.051      
                1.24815E-03      -28.988      
                1.2508E-03       -26.0239     
                1.25345E-03      -25.5789     
                1.2561E-03       -24.7755     
                1.25875E-03      -22.585      
                1.2614E-03       -18.5121     
                1.26405E-03      -17.9781     
                1.2667E-03       -17.2784     
                1.26935E-03      -17.0663     
                1.272E-03        -13.5649     
                1.27465E-03      -13.2026     
                1.2773E-03       -11.7264     
                1.27995E-03      -11.3077     
                1.2826E-03       -10.5435     
                1.28525E-03       -8.61054    
                1.2879E-03        -8.47863    
                1.29055E-03       -8.01224    
                1.2932E-03        -7.40542    
                1.29585E-03       -6.9089     
                1.2985E-03        -5.76283    
                1.30115E-03       -5.25583    
                1.3038E-03        -4.97226    
                1.30645E-03       -4.50176    
                1.3091E-03        -4.04133    
                1.31175E-03       -3.01082    
                1.3144E-03        -2.90945    
                1.31705E-03       -2.76842    
                1.3197E-03        -5.73676    
                1.32235E-03       -5.23841    
                1.325E-03         -4.95769    
                1.32765E-03        2.76395E-03
                1.3303E-03         4.80453E-03
                1.33295E-03        6.79761E-03
                1.3356E-03        -2.95601    
                1.33825E-03       -7.44886    
                1.3409E-03        -6.66641    
                1.34355E-03      -22.9332     
                1.3462E-03       -24.4374     
                1.34885E-03      -25.5954     
                1.3515E-03       -26.4025     
                1.35415E-03      -21.9155     
                1.3568E-03       -23.8418     
                1.35945E-03      -23.5404     
                1.3621E-03       -23.4274     
                1.36475E-03      -24.5031     
                1.3674E-03       -23.9865     
                1.37005E-03      -21.4611     
                1.3727E-03       -21.5772     
                1.37535E-03      -22.7059     
                1.378E-03        -27.8306     
                1.38065E-03      -26.8119     
                1.3833E-03       -26.6926     
                1.38595E-03      -17.256      
                1.3886E-03       -23.427      
                1.39125E-03      -23.9656     
                1.3939E-03       -24.0195     
                1.39655E-03      -23.2615     
                1.3992E-03       -21.3716     
                1.40185E-03      -21.4304     
                1.4045E-03       -21.4538     
                1.40715E-03      -21.4375     
                1.4098E-03       -20.8793     
                1.41245E-03      -19.4289     
                1.4151E-03       -21.8496     
                1.41775E-03      -22.0041     
                1.4204E-03       -22.2278     
                1.42305E-03      -22.1354     
                1.4257E-03       -20.0948     
                1.42835E-03      -21.9161     
                1.431E-03        -22.8629     
                1.43365E-03      -22.0597     
                1.4363E-03       -21.0762     
                1.43895E-03      -20.911      
                1.4416E-03       -18.5265     
                1.44425E-03      -17.7551     
                1.4469E-03       -18.039      
                1.44955E-03      -17.4886     
                1.4522E-03       -16.9076     
                1.45485E-03      -16.8794     
                1.4575E-03       -18.0301     
                1.46015E-03      -18.2746     
                1.4628E-03       -17.2323     
                1.46545E-03      -15.871      
                1.4681E-03       -14.5256     
                1.47075E-03      -10.194      
                1.4734E-03        -9.90266    
                1.47605E-03       -9.89216    
                1.4787E-03        -8.96313    
                1.48135E-03       -8.47669    
                1.484E-03         -8.31215    
                1.48665E-03       -9.59128    
                1.4893E-03        -8.96153    
                1.49195E-03       -3.44897    
                1.4946E-03        -6.45724E-03
                1.49725E-03      -39.2442     
                1.4999E-03       -45.9761     
                1.50255E-03      -39.0293     
                1.5052E-03       -38.0989     
                1.50785E-03      -32.8134     
                1.5105E-03       -29.8129     
                1.51315E-03      -29.408      
                1.5158E-03       -26.9437     
                1.51845E-03      -26.0342     
                1.5211E-03       -21.8408     
                1.52375E-03      -18.9213     
                1.5264E-03       -17.8567     
                1.52905E-03      -17.091      
                1.5317E-03       -15.6117     
                1.53435E-03      -12.7258     
                1.537E-03        -16.4222     
                1.53965E-03      -16.6664     
                1.5423E-03       -15.1614     
                1.54495E-03      -14.1705     
                1.5476E-03       -11.8815     
                1.55025E-03      -11.1632     
                1.5529E-03       -10.3032     
                1.55555E-03       -9.7413     
                1.5582E-03        -7.77307    
                1.56085E-03       -8.20134    
                1.5635E-03        -6.93687    
                1.56615E-03       -6.33849    
                1.5688E-03        -5.99005    
                1.57145E-03       -7.71041    
                1.5741E-03        -7.05481    
                1.57675E-03       -6.37432    
                1.5794E-03        -4.50443    
                1.58205E-03       -5.89616    
                1.5847E-03        -4.46721    
                1.58735E-03       -3.64419    
                1.59E-03          -3.49159    
                1.59265E-03      545.219E-06  
                1.5953E-03        -3.73126    
                1.59795E-03      -11.2485     
                1.6006E-03       -11.915      
                1.60325E-03      -11.0239     
                1.6059E-03        -8.09136    
                1.60855E-03       -8.1704     
                1.6112E-03        -7.52423    
                1.61385E-03       -6.60168    
                1.6165E-03        -6.50562    
                1.61915E-03       -6.0292     
                1.6218E-03        -5.64453    
                1.62445E-03       -4.36311    
                1.6271E-03        -8.2491     
                1.62975E-03       -7.62707    
                1.6324E-03        -7.25749    
                1.63505E-03       -8.06413    
                1.6377E-03        -6.60842    
                1.64035E-03       -8.72448    
                1.643E-03        -13.8026     
                1.64565E-03      -13.4555     
                1.6483E-03       -12.6494     
                1.65095E-03      -12.2732     
                1.6536E-03       -11.4586     
                1.65625E-03      -10.6139     
                1.6589E-03        -8.95206    
                1.66155E-03      -11.7255     
                1.6642E-03       -12.692      
                1.66685E-03      -12.2033     
                1.6695E-03       -11.4824     
                1.67215E-03      -10.5894     
                1.6748E-03        -9.1517     
                1.67745E-03       -8.66684    
                1.6801E-03        -8.33614    
                1.68275E-03       -8.00334    
                1.6854E-03        -7.70849    
                1.68805E-03       -6.70742    
                1.6907E-03        -9.85323    
                1.69335E-03       -9.54604    
                1.696E-03         -9.00488    
                1.69865E-03       -8.58792    
                1.7013E-03        -5.84289    
                1.70395E-03       -7.21815    
                1.7066E-03        -6.88553    
                1.70925E-03       -6.38047    
                1.7119E-03        -6.1962     
                1.71455E-03       -5.78425    
                1.7172E-03        -4.79812    
                1.71985E-03       -4.69372    
                1.7225E-03        -7.78138    
                1.72515E-03       -7.51101    
                1.7278E-03        -6.99025    
                1.73045E-03       -6.56194    
                1.7331E-03        -5.28176    
                1.73575E-03       -5.87826    
                1.7384E-03       -68.0163E-06 
                1.74105E-03     -750.631E-06  
                1.7437E-03       696.011E-06  
                1.74635E-03       -4.2393     
                1.749E-03         -6.44535    
                1.75165E-03       -7.63972    
                1.7543E-03        -7.2223     
                1.75695E-03      -12.614      
                1.7596E-03       -13.5279     
                1.76225E-03      -17.8753     
                1.7649E-03       -23.124      
                1.76755E-03      -22.2388     
                1.7702E-03       -24.0665     
                1.77285E-03      -24.0525     
                1.7755E-03       -24.7498     
                1.77815E-03      -24.1054     
                1.7808E-03       -24.4652     
                1.78345E-03      -21.5492     
                1.7861E-03       -22.406      
                1.78875E-03      -23.2344     
                1.7914E-03       -22.3908     
                1.79405E-03      -23.1247     
                1.7967E-03       -20.2771     
                1.79935E-03      -21.7875     
                1.802E-03        -23.1837     
                1.80465E-03      -25.9923     
                1.8073E-03       -25.6919     
                1.80995E-03      -26.4272     
                1.8126E-03       -23.5412     
                1.81525E-03      -24.1714     
                1.8179E-03       -22.9958     
                1.82055E-03      -23.4745     
                1.8232E-03       -23.39       
                1.82585E-03      -20.9556     
                1.8285E-03       -20.9922     
                1.83115E-03      -20.6592     
                1.8338E-03       -20.7158     
                1.83645E-03      -20.1708     
                1.8391E-03       -19.2191     
                1.84175E-03      -19.4955     
                1.8444E-03       -21.8396     
                1.84705E-03      -20.9074     
                1.8497E-03       -20.7894     
                1.85235E-03      -20.7444     
                1.855E-03        -18.278      
                1.85765E-03      -18.4922     
                1.8603E-03       -17.6102     
                1.86295E-03      -17.7608     
                1.8656E-03       -17.3929     
                1.86825E-03      -13.2775     
                1.8709E-03       -15.8055     
                1.87355E-03      -15.2497     
                1.8762E-03       -14.6769     
                1.87885E-03       -4.93426    
                1.8815E-03        -2.98029E-03
                1.88415E-03      -28.2264     
                1.8868E-03       -54.4628     
                1.88945E-03      -57.9437     
                1.8921E-03       -55.4032     
                1.89475E-03      -50.4979     
                1.8974E-03       -53.7326     
                1.90005E-03      -48.2951     
                1.9027E-03       -44.8201     
                1.90535E-03      -42.9526     
                1.908E-03        -35.5288     
                1.91065E-03      -34.4969     
                1.9133E-03       -31.4632     
                1.91595E-03      -31.6872     
                1.9186E-03       -29.8909     
                1.92125E-03      -26.3166     
                1.9239E-03       -25.0209     
                1.92655E-03      -23.5535     
                1.9292E-03       -22.9122     
                1.93185E-03      -18.7449     
                1.9345E-03       -17.8233     
                1.93715E-03      -16.3928     
                1.9398E-03       -15.3963     
                1.94245E-03      -12.5994     
                1.9451E-03       -11.0011     
                1.94775E-03      -13.6327     
                1.9504E-03       -12.7331     
                1.95305E-03       -9.55247    
                1.9557E-03        -8.79882    
                1.95835E-03       -7.10579    
                1.961E-03        -11.2019     
                1.96365E-03       -9.66735    
                1.9663E-03        -6.74645    
                1.96895E-03       -5.59103    
                1.9716E-03        -6.27985    
                1.97425E-03       -5.0613     
                1.9769E-03        -4.63955    
                1.97955E-03       -4.1425     
                1.9822E-03        -5.64619    
                1.98485E-03       -6.47509    
                1.9875E-03        -4.92213    
                1.99015E-03       -4.4985     
                1.9928E-03        -3.8734     
                1.99545E-03       -3.49139    
                1.9981E-03        -3.33828    
                2.00075E-03       -2.66985    
                2.0034E-03        -2.83172    
                2.00605E-03       -2.81027    
                2.0087E-03        -2.83869    
                2.01135E-03      -14.3091     
                2.014E-03         -4.2471     
                2.01665E-03       -3.39279    
                2.0193E-03        -4.10493    
                2.02195E-03       -3.85119    
                2.0246E-03        -3.15809    
                2.02725E-03       -2.80081    
                2.0299E-03        -4.99752    
                2.03255E-03        1.4201E-03 
                2.0352E-03         1.46209E-03
                2.03785E-03        3.048E-03  
                2.0405E-03         3.54041E-03
                2.04315E-03      -16.7341     
                2.0458E-03       -38.7381     
                2.04845E-03      -39.1647     
                2.0511E-03       -38.6097     
                2.05375E-03      -32.1367     
                2.0564E-03       -32.6562     
                2.05905E-03      -31.6705     
                2.0617E-03       -30.2168     
                2.06435E-03      -29.352      
                2.067E-03        -27.5226     
                2.06965E-03      -24.3417     
                2.0723E-03       -23.2284     
                2.07495E-03      -22.2949     
                2.0776E-03       -21.0351     
                2.08025E-03      -18.3119     
                2.0829E-03       -18.0599     
                2.08555E-03      -17.7932     
                2.0882E-03       -17.0519     
                2.09085E-03      -14.1243     
                2.0935E-03       -15.1309     
                2.09615E-03      -14.73       
                2.0988E-03       -12.5138     
                2.10145E-03      -12.5001     
                2.1041E-03       -12.1014     
                2.10675E-03      -11.0184     
                2.1094E-03        -9.89087    
                2.11205E-03       -9.6072     
                2.1147E-03        -8.37625    
                2.11735E-03       -8.81537    
                2.12E-03          -8.3875     
                2.12265E-03       -6.634      
                2.1253E-03        -6.82966    
                2.12795E-03       -6.71999    
                2.1306E-03        -6.7506     
                2.13325E-03      641.233E-03  
                2.1359E-03         1.20048E-03
                2.13855E-03       -2.02883    
                2.1412E-03        -2.64641    
                2.14385E-03       -7.42089    
                2.1465E-03        -9.37512    
                2.14915E-03      -12.9871     
                2.1518E-03       -15.35       
                2.15445E-03      -15.8005     
                2.1571E-03       -16.1132     
                2.15975E-03        1.46777E-03
                2.1624E-03        -7.78968    
                2.16505E-03      -28.901      
                2.1677E-03       -30.5261     
                2.17035E-03      -33.279      
                2.173E-03        -32.7862     
                2.17565E-03      -29.824      
                2.1783E-03       -29.8011     
                2.18095E-03      -28.2221     
                2.1836E-03       -29.7625     
                2.18625E-03      -28.4346     
                2.1889E-03       -29.2798     
                2.19155E-03      -25.9649     
                2.1942E-03       -25.7337     
                2.19685E-03      -25.5787     
                2.1995E-03       -24.9719     
                2.20215E-03      -25.1174     
                2.2048E-03       -27.3182     
                2.20745E-03      -28.521      
                2.2101E-03       -26.9997     
                2.21275E-03      -26.6436     
                2.2154E-03       -23.415      
                2.21805E-03      -23.6398     
                2.2207E-03       -23.7372     
                2.22335E-03      -18.0766     
                2.226E-03        -21.0084     
                2.22865E-03      -20.2516     
                2.2313E-03       -20.1497     
                2.23395E-03      -23.783      
                2.2366E-03       -21.2487     
                2.23925E-03      -20.1718     
                2.2419E-03       -19.4836     
                2.24455E-03      -19.4492     
                2.2472E-03       -18.8928     
                2.24985E-03      -16.3945     
                2.2525E-03       -19.5175     
                2.25515E-03      -19.4042     
                2.2578E-03       -18.405      
                2.26045E-03      -18.0315     
                2.2631E-03       -17.4305     
                2.26575E-03      -14.9383     
                2.2684E-03       -15.1227     
                2.27105E-03      -14.6853     
                2.2737E-03       -14.5326     
                2.27635E-03      -14.4204     
                2.279E-03        -17.9411     
                2.28165E-03      -14.9634     
                2.2843E-03       -14.7294     
                2.28695E-03       -7.69388E-03
                2.2896E-03       -15.5378     
                2.29225E-03      -41.5305     
                2.2949E-03       -39.293      
                2.29755E-03      -39.869      
                2.3002E-03       -33.4588     
                2.30285E-03      -32.5024     
                2.3055E-03       -30.5179     
                2.30815E-03      -30.1098     
                2.3108E-03       -28.8414     
                2.31345E-03      -25.146      
                2.3161E-03       -24.8022     
                2.31875E-03      -23.8488     
                2.3214E-03       -23.4758     
                2.32405E-03      -18.2994     
                2.3267E-03       -19.6696     
                2.32935E-03      -18.5719     
                2.332E-03        -24.5255     
                2.33465E-03      -21.9913     
                2.3373E-03       -19.1028     
                2.33995E-03      -18.8904     
                2.3426E-03       -17.1525     
                2.34525E-03      -14.6493     
                2.3479E-03       -14.1234     
                2.35055E-03      -13.4198     
                2.3532E-03       -14.1224     
                2.35585E-03       51.0067E-06 
                2.3585E-03       -12.6159     
                2.36115E-03      -11.9118     
                2.3638E-03       -10.9658     
                2.36645E-03      -10.2895     
                2.3691E-03        -9.12875    
                2.37175E-03       -6.40186    
                2.3744E-03        -9.82918    
                2.37705E-03       -9.24489    
                2.3797E-03        -8.37539    
                2.38235E-03       -8.41224    
                2.385E-03         -9.47115    
                2.38765E-03       -7.39379    
                2.3903E-03        -8.46507    
                2.39295E-03       -7.34978    
                2.3956E-03        -5.98167    
                2.39825E-03       -5.56714    
                2.4009E-03        -8.3232     
                2.40355E-03       -8.54378    
                2.4062E-03        -6.97582    
                2.40885E-03       -6.27746    
                2.4115E-03        -6.23234    
                2.41415E-03       -5.2459     
                2.4168E-03        -4.80885    
                2.41945E-03       -3.99873    
                2.4221E-03        -6.87812    
                2.42475E-03       -6.33255    
                2.4274E-03        -5.82263    
                2.43005E-03       -5.46645    
                2.4327E-03        -4.39639    
                2.43535E-03       -4.85944    
                2.438E-03         -4.02099    
                2.44065E-03       -3.67236    
                2.4433E-03        -3.44868    
                2.44595E-03       -2.7351     
                2.4486E-03        -2.86785    
                2.45125E-03       -2.85537    
                2.4539E-03        -2.8326     
                2.45655E-03      190.429E-06  
                2.4592E-03         1.15909E-03
                2.46185E-03        2.13934E-03
                2.4645E-03         1.84599E-03
                2.46715E-03        1.33532E-03
                2.4698E-03       -76.279E-06  
                2.47245E-03      801.556E-06  
                2.4751E-03         1.34395E-03
                2.47775E-03      920.177E-06  
                2.4804E-03      -601.158E-06  
                2.48305E-03      -82.0309E-06 
                2.4857E-03       -15.7115     
                2.48835E-03      -45.3255     
                2.491E-03        -48.6676     
                2.49365E-03      -46.2345     
                2.4963E-03       -47.7255     
                2.49895E-03      -40.7989     
                2.5016E-03       -40.2288     
                2.50425E-03      -39.1674     
                2.5069E-03       -38.5502     
                2.50955E-03      -38.7957     
                2.5122E-03       -32.0017     
                2.51485E-03      -31.9552     
                2.5175E-03       -31.2115     
                2.52015E-03      -29.0398     
                2.5228E-03       -28.7672     
                2.52545E-03      -25.5855     
                2.5281E-03       -25.0678     
                2.53075E-03      -23.998      
                2.5334E-03       -22.3671     
                2.53605E-03      -19.3587     
                2.5387E-03       -18.6079     
                2.54135E-03      -17.8334     
                2.544E-03        -15.1127     
                2.54665E-03      -14.4812     
                2.5493E-03       -13.9418     
                2.55195E-03      -13.4134     
                2.5546E-03       -12.3331     
                2.55725E-03      -14.9923     
                2.5599E-03       -13.4656     
                2.56255E-03      -13.4669     
                2.5652E-03       -12.9101     
                2.56785E-03      -10.5759     
                2.5705E-03       -10.2057     
                2.57315E-03       -9.88363    
                2.5758E-03        -9.56581    
                2.57845E-03       -9.0697     
                2.5811E-03        -8.79036    
                2.58375E-03       -8.45647    
                2.5864E-03        -7.07256    
                2.58905E-03       -6.9021     
                2.5917E-03        -6.79608    
                2.59435E-03       -6.69549    
                2.597E-03          4.95683E-03
                2.59965E-03       -2.40169    
                2.6023E-03       -22.363      
                2.60495E-03      -34.6647     
                2.6076E-03       -29.3603     
                2.61025E-03      -35.3066     
                2.6129E-03       -38.1456     
                2.61555E-03      -37.0302     
                2.6182E-03       -37.4663     
                2.62085E-03      -39.097      
                2.6235E-03       -31.6139     
                2.62615E-03      -30.7072     
                2.6288E-03       -30.5859     
                2.63145E-03      -30.0484     
                2.6341E-03       -29.3534     
                2.63675E-03      -25.0995     
                2.6394E-03       -25.6004     
                2.64205E-03      -25.1376     
                2.6447E-03       -25.5182     
                2.64735E-03      -24.3671     
                2.65E-03         -22.6828     
                2.65265E-03      -22.8514     
                2.6553E-03       -22.0152     
                2.65795E-03      -19.0347     
                2.6606E-03       -22.9131     
                2.66325E-03      -22.8866     
                2.6659E-03       -22.3751     
                2.66855E-03      -20.1979     
                2.6712E-03       -20.3857     
                2.67385E-03      -20.8884     
                2.6765E-03       -21.6888     
                2.67915E-03      -21.3766     
                2.6818E-03       -19.7276     
                2.68445E-03      -19.2005     
                2.6871E-03       -19.3545     
                2.68975E-03      -16.3263     
                2.6924E-03       -19.5228     
                2.69505E-03      -19.5943     
                2.6977E-03       -17.4399     
                2.70035E-03      -16.7622     
                2.703E-03        -16.7916     
                2.70565E-03      -16.1068     
                2.7083E-03       -17.3749     
                2.71095E-03      -16.8495     
                2.7136E-03       -15.375      
                2.71625E-03      -15.9508     
                2.7189E-03       -15.3405     
                2.72155E-03      -13.1684     
                2.7242E-03       -16.4031     
                2.72685E-03      -14.7893     
                2.7295E-03       -12.9052     
                2.73215E-03      -12.986      
                2.7348E-03       -12.3055     
                2.73745E-03      -11.369      
                2.7401E-03        -9.78638    
                2.74275E-03       -9.67327    
                2.7454E-03        -9.16877    
                2.74805E-03       39.7563E-06 
                2.7507E-03       -11.4478     
                2.75335E-03      -11.6451     
                2.756E-03         -9.78077    
                2.75865E-03       -9.32755    
                2.7613E-03        -9.00628    
                2.76395E-03       -8.59234    
                2.7666E-03        -6.97065    
                2.76925E-03       -7.57234    
                2.7719E-03       -12.2775     
                2.77455E-03      -10.5255     
                2.7772E-03        -9.74257    
                2.77985E-03       -8.24573    
                2.7825E-03        -8.23083    
                2.78515E-03       -7.85458    
                2.7878E-03        -7.75447    
                2.79045E-03       -7.61995    
                2.7931E-03        -7.39041    
                2.79575E-03       -6.78813    
                2.7984E-03      -855.573E-06  
                2.80105E-03       -7.13439E-03
                2.8037E-03      -866.504E-03  
                2.80635E-03      -21.8931     
                2.809E-03        -24.977      
                2.81165E-03      -26.6798     
                2.8143E-03       -28.6805     
                2.81695E-03      -25.0326     
                2.8196E-03       -25.9191     
                2.82225E-03      -27.3577     
                2.8249E-03       -26.4673     
                2.82755E-03      -27.3091     
                2.8302E-03       -25.1137     
                2.83285E-03      -25.5568     
                2.8355E-03       -24.6216     
                2.83815E-03      -29.7957     
                2.8408E-03       -20.492      
                2.84345E-03      -18.4588     
                2.8461E-03       -30.816      
                2.84875E-03      -30.6398     
                2.8514E-03       -28.5889     
                2.85405E-03      -25.4286     
                2.8567E-03       -23.8939     
                2.85935E-03      -22.849      
                2.862E-03        -23.5682     
                2.86465E-03      -23.1216     
                2.8673E-03       -21.3722     
                2.86995E-03      -21.1175     
                2.8726E-03       -20.8603     
                2.87525E-03      -20.5961     
                2.8779E-03       -17.2868     
                2.88055E-03       -3.84277E-03
                2.8832E-03       -20.1058     
                2.88585E-03      -24.1968     
                2.8885E-03       -22.1115     
                2.89115E-03      -20.0283     
                2.8938E-03       -18.7454     
                2.89645E-03      -19.9131     
                2.8991E-03       -19.0742     
                2.90175E-03      -18.353      
                2.9044E-03       -17.1116     
                2.90705E-03      -17.6224     
                2.9097E-03       -17.0781     
                2.91235E-03      -20.6964     
                2.915E-03        -20.9918     
                2.91765E-03      -19.927      
                2.9203E-03       -17.1741     
                2.92295E-03      -16.6182     
                2.9256E-03       -15.6045     
                2.92825E-03      -15.1472     
                2.9309E-03        -6.73231    
                2.93355E-03      -11.6034     
                2.9362E-03        -8.39394    
                2.93885E-03        2.84286E-03
                2.9415E-03       -41.1363     
                2.94415E-03      -49.2597     
                2.9468E-03       -52.3614     
                2.94945E-03      -49.7691     
                2.9521E-03       -49.2664     
                2.95475E-03      -49.5203     
                2.9574E-03       -41.3983     
                2.96005E-03      -39.5996     
                2.9627E-03       -36.7876     
                2.96535E-03      -36.0565     
                2.968E-03        -26.6785     
                2.97065E-03      -28.4296     
                2.9733E-03       -25.8631     
                2.97595E-03      -28.1812     
                2.9786E-03       -21.2358     
                2.98125E-03      -22.5027     
                2.9839E-03       -21.7654     
                2.98655E-03      -21.1718     
                2.9892E-03       -15.5955     
                2.99185E-03      -17.9019     
                2.9945E-03       -17.0446     
                2.99715E-03      -16.2404     
                2.9998E-03       -16.5033     
                3.00245E-03      -14.6148     
                3.0051E-03       -15.127      
                3.00775E-03      -14.402      
                3.0104E-03       -14.5463     
                3.01305E-03      -16.0305     
                3.0157E-03       -14.0039     
                3.01835E-03      -14.1797     
                3.021E-03        -13.3679     
                3.02365E-03      -13.2066     
                3.0263E-03       -10.7194     
                3.02895E-03      -15.4792     
                3.0316E-03       -13.5467     
                3.03425E-03      -13.3107     
                3.0369E-03       -13.2004     
                3.03955E-03      -12.8648     
                3.0422E-03       -16.0117     
                3.04485E-03      -14.7832     
                3.0475E-03       -14.0677     
                3.05015E-03      -13.6053     
                3.0528E-03       -12.7894     
                3.05545E-03      -12.7287     
                3.0581E-03       -12.12       
                3.06075E-03      -11.7541     
                3.0634E-03       -14.0009     
                3.06605E-03      -13.5846     
                3.0687E-03       -12.7338     
                3.07135E-03      -13.1384     
                3.074E-03        -12.8438     
                3.07665E-03      -10.8046     
                3.0793E-03       -10.6221     
                3.08195E-03      -10.6395     
                3.0846E-03       -10.0656     
                3.08725E-03       -9.5068     
                3.0899E-03        -8.56803    
                3.09255E-03       -8.3913     
                3.0952E-03        -8.20854    
                3.09785E-03       -8.16667    
                3.1005E-03        -8.25382    
                3.10315E-03       -5.40221    
                3.1058E-03        -5.52427    
                3.10845E-03       -6.71971    
                3.1111E-03       -11.3398E-06 
                3.11375E-03       62.9127E-06 
                3.1164E-03        36.6718E-06 
                3.11905E-03     -654.012E-03  
                3.1217E-03       -17.2451     
                3.12435E-03      -20.6843     
                3.127E-03        -19.0602     
                3.12965E-03      -19.1573     
                3.1323E-03       -20.5984     
                3.13495E-03      -30.8749     
                3.1376E-03       -24.9433     
                3.14025E-03      -26.2503     
                3.1429E-03       -26.2832     
                3.14555E-03      -20.1829     
                3.1482E-03       -23.4309     
                3.15085E-03      -25.4776     
                3.1535E-03       -20.6876     
                3.15615E-03      -20.2802     
                3.1588E-03       -26.7024     
                3.16145E-03      -25.1534     
                3.1641E-03       -23.4551     
                3.16675E-03      -21.4823     
                3.1694E-03       -19.9907     
                3.17205E-03      -19.5106     
                3.1747E-03       -17.1213     
                3.17735E-03      -16.4563     
                3.18E-03         -16.482      
                3.18265E-03      -15.7576     
                3.1853E-03       -13.6331     
                3.18795E-03      -12.6808     
                3.1906E-03       -16.0628     
                3.19325E-03      -16.0872     
                3.1959E-03       -13.3887     
                3.19855E-03      -12.7456     
                3.2012E-03       -12.8317     
                3.20385E-03      -17.0873     
                3.2065E-03       -15.9674     
                3.20915E-03      -15.2397     
                3.2118E-03       -12.7073     
                3.21445E-03      -11.4589     
                3.2171E-03       -11.7033     
                3.21975E-03      -10.6855     
                3.2224E-03        -7.2127     
                3.22505E-03     -719.665E-03  
                3.2277E-03       -12.7877     
                3.23035E-03      -54.2976     
                3.233E-03        -60.0185     
                3.23565E-03      -28.4406     
                3.2383E-03       -53.142      
                3.24095E-03      -51.2733     
                3.2436E-03       -48.5002     
                3.24625E-03      -46.9438     
                3.2489E-03       -44.6191     
                3.25155E-03      -37.221      
                3.2542E-03       -34.5038     
                3.25685E-03      -31.9608     
                3.2595E-03       -30.9222     
                3.26215E-03      -26.1115     
                3.2648E-03       -24.531      
                3.26745E-03      -22.5808     
                3.2701E-03       -21.4425     
                3.27275E-03      -17.778      
                3.2754E-03       -16.3859     
                3.27805E-03      -15.6907     
                3.2807E-03       -11.7548     
                3.28335E-03      -11.5        
                3.286E-03        -10.8028     
                3.28865E-03       -9.88079    
                3.2913E-03        -7.54406    
                3.29395E-03       -7.73999    
                3.2966E-03        -7.16296    
                3.29925E-03       -8.29739    
                3.3019E-03        -8.79434    
                3.30455E-03       -7.78202    
                3.3072E-03        -6.53406    
                3.30985E-03       -7.28011    
                3.3125E-03        -7.9278     
                3.31515E-03       -7.43567    
                3.3178E-03        -7.32183    
                3.32045E-03       -6.45971    
                3.3231E-03        -5.65447    
                3.32575E-03       -6.30816    
                3.3284E-03        -5.74074    
                3.33105E-03       -7.82243    
                3.3337E-03        -7.67333    
                3.33635E-03       -7.8977     
                3.339E-03         -7.14148    
                3.34165E-03       -5.26257    
                3.3443E-03        -7.00612    
                3.34695E-03       -6.31798    
                3.3496E-03        -6.25124    
                3.35225E-03       -7.76162    
                3.3549E-03       -11.079      
                3.35755E-03      -12.5777     
                3.3602E-03        -9.39361    
                3.36285E-03       -8.88206    
                3.3655E-03        -9.3873     
                3.36815E-03       -9.02523    
                3.3708E-03       -13.0687     
                3.37345E-03      -15.7043     
                3.3761E-03        -8.2349     
                3.37875E-03      -12.1345     
                3.3814E-03       -12.0206     
                3.38405E-03      -11.225      
                3.3867E-03       -10.689      
                3.38935E-03       -8.77152    
                3.392E-03         -9.18307    
                3.39465E-03       -8.81905    
                3.3973E-03        -8.1612     
                3.39995E-03       -8.01855    
                3.4026E-03        -7.25647    
                3.40525E-03       -6.85315    
                3.4079E-03        -6.50626    
                3.41055E-03       -6.73681    
                3.4132E-03       230.325E-03  
                3.41585E-03     -885.481E-03  
                3.4185E-03        -2.76383    
                3.42115E-03       -3.17649    
                3.4238E-03        -7.58962    
                3.42645E-03       -4.97217    
                3.4291E-03        -6.11535    
                3.43175E-03       -9.05331    
                3.4344E-03        -9.06897    
                3.43705E-03       -6.3576     
                3.4397E-03       -12.8298     
                3.44235E-03      -13.0763     
                3.445E-03        -14.3547     
                3.44765E-03      -14.5341     
                3.4503E-03         2.81656E-03
                3.45295E-03      -14.8986     
                3.4556E-03       -35.3761     
                3.45825E-03      -30.1365     
                3.4609E-03       -31.1003     
                3.46355E-03      -29.7611     
                3.4662E-03       -28.6339     
                3.46885E-03      -28.6937     
                3.4715E-03       -27.5357     
                3.47415E-03      -24.2935     
                3.4768E-03       -23.2904     
                3.47945E-03      -23.9807     
                3.4821E-03       -23.4107     
                3.48475E-03      -21.2267     
                3.4874E-03       -21.3244     
                3.49005E-03      -21.1171     
                3.4927E-03       -23.3078     
                3.49535E-03      -26.5127     
                3.498E-03        -23.3268     
                3.50065E-03      -22.1602     
                3.5033E-03       -22.359      
                3.50595E-03      -21.9233     
                3.5086E-03       -19.1797     
                3.51125E-03      -18.6885     
                3.5139E-03       -18.5977     
                3.51655E-03      -49.2425     
                3.5192E-03       -22.2416     
                3.52185E-03      -20.3802     
                3.5245E-03       -19.3944     
                3.52715E-03      -19.1353     
                3.5298E-03       -21.6568     
                3.53245E-03      -23.1702     
                3.5351E-03       -18.3742     
                3.53775E-03      -22.1067     
                3.5404E-03       -22.9241     
                3.54305E-03      -21.1752     
                3.5457E-03       -20.9766     
                3.54835E-03      -20.2355     
                3.551E-03        -18.3048     
                3.55365E-03      -17.3958     
                3.5563E-03       -16.6635     
                3.55895E-03      -20.6329     
                3.5616E-03       -19.9656     
                3.56425E-03      -16.7327     
                3.5669E-03       -17.0868     
                3.56955E-03      -16.2148     
                3.5722E-03       -15.9053     
                3.57485E-03      -15.4592     
                3.5775E-03       -18.6957     
                3.58015E-03      -16.9246     
                3.5828E-03       -15.9035     
                3.58545E-03      -15.8719     
                3.5881E-03       -14.6185     
                3.59075E-03      -17.2712     
                3.5934E-03       -17.47       
                3.59605E-03      -20.7903     
                3.5987E-03       -20.8402     
                3.60135E-03      -16.7112     
                3.604E-03        -23.3554     
                3.60665E-03      -22.425      
                3.6093E-03       -20.2381     
                3.61195E-03      -22.4875     
                3.6146E-03       -20.7564     
                3.61725E-03      -19.7293     
                3.6199E-03       -19.1754     
                3.62255E-03      -16.9707     
                3.6252E-03       -16.6196     
                3.62785E-03      -15.4809     
                3.6305E-03       -15.3505     
                3.63315E-03      -14.7887     
                3.6358E-03       -13.9429     
                3.63845E-03      -16.7263     
                3.6411E-03       -15.7919     
                3.64375E-03      -14.678      
                3.6464E-03       -14.2785     
                3.64905E-03      -12.4458     
                3.6517E-03       -12.1728     
                3.65435E-03      -11.2977     
                3.657E-03        -10.7994     
                3.65965E-03      -14.7605     
                3.6623E-03       -12.7863     
                3.66495E-03      -12.183      
                3.6676E-03       -11.3319     
                3.67025E-03      -10.743      
                3.6729E-03       -14.6185     
                3.67555E-03      -13.0816     
                3.6782E-03       -12.0459     
                3.68085E-03      -11.4344     
                3.6835E-03       -10.4106     
                3.68615E-03      -10.1293     
                3.6888E-03        -8.40311    
                3.69145E-03       -8.31887    
                3.6941E-03        -8.06036    
                3.69675E-03      -11.7538     
                3.6994E-03       -10.8735     
                3.70205E-03      -10.3871     
                3.7047E-03       -10.1755     
                3.70735E-03      -12.5018     
                3.71E-03         -12.0784     
                3.71265E-03      -10.997      
                3.7153E-03       -10.5894     
                3.71795E-03       -8.47947    
                3.7206E-03        -8.37183    
                3.72325E-03       -8.25341    
                3.7259E-03       -11.7108     
                3.72855E-03      -11.0874     
                3.7312E-03       -10.2956     
                3.73385E-03       -8.94725    
                3.7365E-03       -10.5231     
                3.73915E-03       -8.27019    
                3.7418E-03        -7.7301     
                3.74445E-03       -7.5334     
                3.7471E-03       443.985E-03  
                3.74975E-03       -3.09765    
                3.7524E-03        -4.41206    
                3.75505E-03       -5.68136    
                3.7577E-03        -6.95612    
                3.76035E-03       -6.6492E-03 
                3.763E-03        -33.517      
                3.76565E-03      -39.7559     
                3.7683E-03       -37.2969     
                3.77095E-03      -38.1487     
                3.7736E-03       -36.9056     
                3.77625E-03      -36.2935     
                3.7789E-03       -29.9132     
                3.78155E-03      -28.7982     
                3.7842E-03       -29.1277     
                3.78685E-03      -27.0068     
                3.7895E-03       -25.5342     
                3.79215E-03      -21.5792     
                3.7948E-03       -20.8063     
                3.79745E-03      -20.5375     
                3.8001E-03       -18.8907     
                3.80275E-03      -16.4125     
                3.8054E-03       -15.7837     
                3.80805E-03      -14.7657     
                3.8107E-03       -11.5753     
                3.81335E-03       -9.25363    
                3.816E-03         -9.82215    
                3.81865E-03      -11.4261     
                3.8213E-03        -8.56532    
                3.82395E-03       -9.23871    
                3.8266E-03        -7.48294    
                3.82925E-03       -6.75945    
                3.8319E-03        -5.07706    
                3.83455E-03       -8.87159    
                3.8372E-03       -12.9782     
                3.83985E-03      -12.1459     
                3.8425E-03       -11.2964     
                3.84515E-03      -10.0286     
                3.8478E-03        -9.4877     
                3.85045E-03       -8.84388    
                3.8531E-03        -7.86878    
                3.85575E-03       -6.97394    
                3.8584E-03        -5.47264    
                3.86105E-03       -5.98088    
                3.8637E-03        -7.49718    
                3.86635E-03       -8.48932    
                3.869E-03         -6.14571    
                3.87165E-03       -6.78525    
                3.8743E-03        -6.15196    
                3.87695E-03       -5.7465     
                3.8796E-03        -5.55903    
                3.88225E-03       -7.66535    
                3.8849E-03        -6.76525    
                3.88755E-03       -6.6923     
                3.8902E-03        -6.09134    
                3.89285E-03       -5.58306    
                3.8955E-03        -5.33537    
                3.89815E-03       -4.46613    
                3.9008E-03        -4.18593    
                3.90345E-03       -6.53657    
                3.9061E-03        -3.76449    
                3.90875E-03       -5.38399    
                3.9114E-03        -5.06778    
                3.91405E-03       -4.05545    
                3.9167E-03        -4.21767    
                3.91935E-03       -4.13865    
                3.922E-03         -3.66564    
                3.92465E-03       -3.42383    
                3.9273E-03        -3.35951    
                3.92995E-03       -3.25344    
                3.9326E-03        -4.79376    
                3.93525E-03        3.0462E-03 
                3.9379E-03        -1.75557E-03
                3.94055E-03       -1.57277E-03
                3.9432E-03        -2.02441E-03
                3.94585E-03       -3.98379    
                3.9485E-03        -6.06726    
                3.95115E-03       -5.94378    
                3.9538E-03        -6.28342    
                3.95645E-03       -6.9554     
                3.9591E-03        -7.29786    
                3.96175E-03       -6.23954    
                3.9644E-03        -8.17317    
                3.96705E-03      -12.6793     
                3.9697E-03       -11.3834     
                3.97235E-03      -13.1138     
                3.975E-03        -13.3339     
                3.97765E-03      -13.3454     
                3.9803E-03       -28.1854     
                3.98295E-03      -30.647      
                3.9856E-03       -29.8164     
                3.98825E-03      -26.6452     
                3.9909E-03       -26.8076     
                3.99355E-03      -25.7387     
                3.9962E-03       -24.7201     
                3.99885E-03      -24.5508     
                4.0015E-03       -23.8734     
                4.00415E-03      -18.6313     
                4.0068E-03       -20.1742     
                4.00945E-03      -20.0474     
                4.0121E-03       -18.4382     
                4.01475E-03      -18.2152     
                4.0174E-03       -18.2518     
                4.02005E-03      -15.3932     
                4.0227E-03       -15.1328     
                4.02535E-03      -14.9906     
                4.028E-03        -14.1802     
                4.03065E-03      -16.9289     
                4.0333E-03       -15.5701     
                4.03595E-03      -15.4614     
                4.0386E-03       -14.8172     
                4.04125E-03      -14.5216     
                4.0439E-03       -14.2729     
                4.04655E-03      -11.7516     
                4.0492E-03       -11.6582     
                4.05185E-03      -11.3081     
                4.0545E-03       -10.8831     
                4.05715E-03      -10.554      
                4.0598E-03       -13.076      
                4.06245E-03       -8.1381     
                4.0651E-03        -8.53911    
                4.06775E-03       -2.91633    
                4.0704E-03      -479.574E-03  
                4.07305E-03        2.65318E-03
                4.0757E-03         3.10403E-03
                4.07835E-03      -27.4451     
                4.081E-03        -37.0964     
                4.08365E-03      -38.027      
                4.0863E-03       -41.3301     
                4.08895E-03      -42.6926     
                4.0916E-03       -36.671      
                4.09425E-03      -39.5703     
                4.0969E-03       -41.5004     
                4.09955E-03      -41.735      
                4.1022E-03       -42.4925     
                4.10485E-03      -43.5107     
                4.1075E-03       -36.3463     
                4.11015E-03      -35.6157     
                4.1128E-03       -36.6938     
                4.11545E-03      -36.0744     
                4.1181E-03       -38.9444     
                4.12075E-03      -30.6057     
                4.1234E-03       -30.8601     
                4.12605E-03      -29.3998     
                4.1287E-03       -29.0204     
                4.13135E-03      -28.2801     
                4.134E-03        -22.9837     
                4.13665E-03      -24.6281     
                4.1393E-03       -24.6548     
                4.14195E-03      -24.4593     
                4.1446E-03       -24.5235     
                4.14725E-03      -20.534      
                4.1499E-03       -20.5813     
                4.15255E-03      -22.4869     
                4.1552E-03       -23.4899     
                4.15785E-03      -22.7923     
                4.1605E-03       -22.7624     
                4.16315E-03      -22.5032     
                4.1658E-03       -20.6593     
                4.16845E-03      -21.7513     
                4.1711E-03       -22.9077     
                4.17375E-03      -22.0431     
                4.1764E-03       -19.8219     
                4.17905E-03      -25.4771     
                4.1817E-03       -25.0523     
                4.18435E-03      -22.0977     
                4.187E-03        -22.3431     
                4.18965E-03      -22.7787     
                4.1923E-03       -21.9339     
                4.19495E-03      -21.9127     
                4.1976E-03       -22.3671     
                4.20025E-03      -20.7322     
                4.2029E-03       -20.8754     
                4.20555E-03      -22.0817     
                4.2082E-03       -21.6711     
                4.21085E-03      -21.6063     
                4.2135E-03       -21.0927     
                4.21615E-03      -20.5738     
                4.2188E-03       -19.0361     
                4.22145E-03      -20.5622     
                4.2241E-03       -20.868      
                4.22675E-03      -20.1801     
                4.2294E-03       -19.9553     
                4.23205E-03      -19.5365     
                4.2347E-03       -14.1581     
                4.23735E-03      -17.3122     
                4.24E-03         -17.0152     
                4.24265E-03      -20.5481     
                4.2453E-03       -21.4854     
                4.24795E-03      -18.782      
                4.2506E-03       -18.2805     
                4.25325E-03      -15.6312     
                4.2559E-03       -15.5569     
                4.25855E-03      -14.7737     
                4.2612E-03       -13.8506     
                4.26385E-03      -13.7701     
                4.2665E-03       -12.0002     
                4.26915E-03      -15.2209     
                4.2718E-03       -15.1644     
                4.27445E-03      -14.517      
                4.2771E-03       -12.9549     
                4.27975E-03      -13.7682     
                4.2824E-03       -11.5936     
                4.28505E-03      -10.9189     
                4.2877E-03       -10.8966     
                4.29035E-03      -10.6273     
                4.293E-03        -13.0692     
                4.29565E-03      -13.0463     
                4.2983E-03       -12.0143     
                4.30095E-03      -10.8582     
                4.3036E-03       -10.3853     
                4.30625E-03      -10.5088     
                4.3089E-03       -11.0426     
                4.31155E-03      -11.5739     
                4.3142E-03       -11.0776     
                4.31685E-03      -14.7168     
                4.3195E-03       -12.9583     
                4.32215E-03      -12.6148     
                4.3248E-03       -12.0477     
                4.32745E-03      -11.6594     
                4.3301E-03       -11.4904     
                4.33275E-03      -13.7293     
                4.3354E-03       -12.6644     
                4.33805E-03      -12.8572     
                4.3407E-03       -12.1433     
                4.34335E-03      -11.274      
                4.346E-03        -11.0669     
                4.34865E-03      -10.5349     
                4.3513E-03        -9.07211    
                4.35395E-03       -8.98116    
                4.3566E-03        -8.45489    
                4.35925E-03       -9.92159    
                4.3619E-03       -11.1924     
                4.36455E-03      -11.0404     
                4.3672E-03        -9.08354    
                4.36985E-03       -8.77977    
                4.3725E-03        -8.4417     
                4.37515E-03       -8.21811    
                4.3778E-03        -7.79307    
                4.38045E-03       -7.16746    
                4.3831E-03        -5.91811    
                4.38575E-03       -7.92509    
                4.3884E-03       114.412E-03  
                4.39105E-03        7.58469E-06
                4.3937E-03      -973.89E-03   
                4.39635E-03       -4.41475    
                4.399E-03         -5.72083    
                4.40165E-03     -391.349E-06  
                4.4043E-03        -5.95913    
                4.40695E-03      -22.264      
                4.4096E-03       -24.1168     
                4.41225E-03      -26.1455     
                4.4149E-03       -26.8863     
                4.41755E-03      -28.613      
                4.4202E-03       -29.5331     
                4.42285E-03      -29.4164     
                4.4255E-03       -26.3898     
                4.42815E-03      -27.7779     
                4.4308E-03       -27.0989     
                4.43345E-03      -27.6734     
                4.4361E-03       -26.8433     
                4.43875E-03      -26.8222     
                4.4414E-03       -24.2967     
                4.44405E-03      -24.1528     
                4.4467E-03       -23.7794     
                4.44935E-03      -23.493      
                4.452E-03        -23.4482     
                4.45465E-03      -23.3965     
                4.4573E-03       -21.5411     
                4.45995E-03      -21.7376     
                4.4626E-03       -21.6825     
                4.46525E-03      -21.8059     
                4.4679E-03       -18.9093     
                4.47055E-03      -19.0556     
                4.4732E-03       -18.6458     
                4.47585E-03      -18.8223     
                4.4785E-03       -18.6383     
                4.48115E-03      -15.7306     
                4.4838E-03       -16.0716     
                4.48645E-03      -16.2997     
                4.4891E-03       -15.8335     
                4.49175E-03      -15.3672     
                4.4944E-03       -20.4047     
                4.49705E-03      -20.3431     
                4.4997E-03       -17.6614     
                4.50235E-03      -16.8653     
                4.505E-03        -16.0546     
                4.50765E-03      -16.3009     
                4.5103E-03       -19.312      
                4.51295E-03      -18.4529     
                4.5156E-03       -17.9147     
                4.51825E-03      -15.7751     
                4.5209E-03       -15.5963     
                4.52355E-03      -15.0275     
                4.5262E-03       -13.3109     
                4.52885E-03      -18.3893     
                4.5315E-03       -18.4558     
                4.53415E-03      -17.0971     
                4.5368E-03       -13.7727     
                4.53945E-03      -15.0542     
                4.5421E-03       -14.3856     
                4.54475E-03      -13.8138     
                4.5474E-03       -13.9366     
                4.55005E-03      -16.5656     
                4.5527E-03       -16.3668     
                4.55535E-03      -13.368      
                4.558E-03        -13.386      
                4.56065E-03      -13.2451     
                4.5633E-03       -12.6789     
                4.56595E-03      260.696E-06  
                4.5686E-03       -16.3015     
                4.57125E-03      -31.8925     
                4.5739E-03       -31.9334     
                4.57655E-03      -25.436      
                4.5792E-03       -27.6138     
                4.58185E-03      -33.8404     
                4.5845E-03       -32.1414     
                4.58715E-03      -32.2853     
                4.5898E-03       -30.1781     
                4.59245E-03      -33.466      
                4.5951E-03       -37.1965     
                4.59775E-03      -35.6593     
                4.6004E-03       -30.7822     
                4.60305E-03      -31.0966     
                4.6057E-03       -30.3576     
                4.60835E-03      -29.3914     
                4.611E-03        -30.323      
                4.61365E-03      -29.5989     
                4.6163E-03       -26.1575     
                4.61895E-03      -25.9403     
                4.6216E-03       -25.1905     
                4.62425E-03      -24.0303     
                4.6269E-03       -23.6882     
                4.62955E-03      -20.7881     
                4.6322E-03       -19.9839     
                4.63485E-03      -19.0155     
                4.6375E-03       -18.5186     
                4.64015E-03      -13.8867     
                4.6428E-03       -19.9307     
                4.64545E-03      -17.1619     
                4.6481E-03       -16.7792     
                4.65075E-03      -15.692      
                4.6534E-03       -15.141      
                4.65605E-03      -14.8412     
                4.6587E-03       -10.9998     
                4.66135E-03      -10.8164     
                4.664E-03        -10.2003     
                4.66665E-03       -9.6249     
                4.6693E-03        -9.06049    
                4.67195E-03       -8.62495    
                4.6746E-03       -10.6948     
                4.67725E-03       -7.78272    
                4.6799E-03        -9.31161    
                4.68255E-03       -8.35085    
                4.6852E-03        -7.94556    
                4.68785E-03       -7.79752    
                4.6905E-03        -7.71271    
                4.69315E-03       -7.1142     
                4.6958E-03        -4.92277    
                4.69845E-03       -4.66077    
                4.7011E-03        -4.64205    
                4.70375E-03       -4.26837    
                4.7064E-03        -3.9551     
                4.70905E-03       -3.81419    
                4.7117E-03        -3.76253    
                4.71435E-03       -3.68662    
                4.717E-03         -4.66375    
                4.71965E-03       -5.26437    
                4.7223E-03        -5.23262    
                4.72495E-03       -4.44472    
                4.7276E-03        -4.36085    
                4.73025E-03       -4.15105    
                4.7329E-03        -3.82217    
                4.73555E-03       -3.92597    
                4.7382E-03        -3.82854    
                4.74085E-03       -3.12927    
                4.7435E-03        -3.28411    
                4.74615E-03       -3.24751    
                4.7488E-03        -3.31113    
                4.75145E-03       -3.30963    
                4.7541E-03        -3.38533    
                4.75675E-03       -3.43409    
                4.7594E-03        -3.37853    
                4.76205E-03       -3.47901    
                4.7647E-03        -2.97099    
                4.76735E-03       -3.087      
                4.77E-03          -3.11248    
                4.77265E-03       -3.12375    
                4.7753E-03        -3.22126    
                4.77795E-03       -3.22673    
                4.7806E-03        -3.34178    
                4.78325E-03       -3.32726    
                4.7859E-03        -3.30263    
                4.78855E-03       -3.50346    
                4.7912E-03        -3.01094    
                4.79385E-03       -3.07279    
                4.7965E-03        -3.0931     
                4.79915E-03       -3.1144     
                4.8018E-03        -3.1988     
                4.80445E-03       -3.26969    
                4.8071E-03        -1.10743    
                4.80975E-03     -969.007E-03  
                4.8124E-03        -1.31364    
                4.81505E-03       -1.40249    
                4.8177E-03        -1.47306    
                4.82035E-03       -1.51888    
                4.823E-03        -13.2056     
                4.82565E-03      -23.6632     
                4.8283E-03       -37.7103     
                4.83095E-03      -37.4708     
                4.8336E-03       -35.5554     
                4.83625E-03      -41.34       
                4.8389E-03       -44.2903     
                4.84155E-03      -43.4043     
                4.8442E-03       -46.4143     
                4.84685E-03      -37.6491     
                4.8495E-03       -44.8558     
                4.85215E-03      -45.9719     
                4.8548E-03       -45.7081     
                4.85745E-03      -47.4389     
                4.8601E-03       -48.6484     
                4.86275E-03      -50.5009     
                4.8654E-03       -56.8354     
                4.86805E-03      -79.1817     
                4.8707E-03       -74.9051     
                4.87335E-03      -72.5667     
                4.876E-03        -76.7432     
                4.87865E-03      -75.1249     
                4.8813E-03       -72.1566     
                4.88395E-03      -78.1466     
                4.8866E-03       -76.0361     
                4.88925E-03      -73.9636     
                4.8919E-03       -75.3771     
                4.89455E-03      -76.8487     
                4.8972E-03       -75.4233     
                4.89985E-03      -72.6024     
                4.9025E-03       -71.1872     
                4.90515E-03      -70.8587     
                4.9078E-03       -70.5425     
                4.91045E-03      -69.6143     
                4.9131E-03       -66.8359     
                4.91575E-03      -62.7196     
                4.9184E-03       -60.2954     
                4.92105E-03      -57.1752     
                4.9237E-03       -53.2329     
                4.92635E-03      -50.8256     
                4.929E-03        -48.6116     
                4.93165E-03      -45.739      
                4.9343E-03       -43.564      
                4.93695E-03       74.178E-06  
                4.9396E-03       861.689E-06  
                4.94225E-03      281.036E-06  
                4.9449E-03       346.72E-06   
                4.94755E-03      296.31E-06   
                4.9502E-03      -239.611E-06  
                4.95285E-03     -571.743E-06  
                4.9555E-03      -721.365E-06  
                4.95815E-03     -977.948E-06  
                4.9608E-03        -1.29205E-03
                4.96345E-03       -4.03656E-03
                4.9661E-03        -3.52514E-03
                4.96875E-03       -2.84801    
                4.9714E-03        -4.67055    
                4.97405E-03       -5.99096    
                4.9767E-03        -6.14069    
                4.97935E-03       -8.19168    
                4.982E-03         -9.16174    
                4.98465E-03       -8.31429    
                4.9873E-03       -12.1099     
                4.98995E-03      -12.6187     
                4.9926E-03       -13.3252     
                4.99525E-03      -13.2909     
                4.9979E-03       -12.346      
                5.00055E-03      -13.79       
                5.0032E-03       -15.1736     
                5.00585E-03      -15.903      
                5.0085E-03       -16.3541     
                5.01115E-03      -16.5308     
                5.0138E-03       -25.9922     
                5.01645E-03      -27.4103     
                5.0191E-03       -19.5775     
                5.02175E-03      -19.1649     
                5.0244E-03       -20.9854     
                5.02705E-03      -19.1538     
                5.0297E-03       -21.9328     
                5.03235E-03       -3.4612     
                5.035E-03         -9.97164    
                5.03765E-03      -13.751      
                5.0403E-03        -3.6113     
                5.04295E-03       -4.68388    
                5.0456E-03        -2.451E-03  
                5.04825E-03       -1.02305E-03
                5.0509E-03      -650.54E-06   
                5.05355E-03       24.1846E-06 
                5.0562E-03       371.829E-06  
                5.05885E-03      -26.0038     
                5.0615E-03       -35.5614     
                5.06415E-03      -39.5446     
                5.0668E-03       -44.7181     
                5.06945E-03      -42.4606     
                5.0721E-03       -45.951      
                5.07475E-03      -44.7986     
                5.0774E-03       -46.9438     
                5.08005E-03      -49.4364     
                5.0827E-03       -49.8063     
                5.08535E-03      -48.8688     
                5.088E-03        -50.6817     
                5.09065E-03      -50.3136     
                5.0933E-03       -48.4896     
                5.09595E-03      -49.773      
                5.0986E-03       -45.952      
                5.10125E-03      -66.881      
                5.1039E-03       -49.5277     
                5.10655E-03      -46.7244     
                5.1092E-03       -42.291      
                5.11185E-03      -33.5075     
                5.1145E-03       -27.8564     
                5.11715E-03      -25.2948     
                5.1198E-03       -21.8156     
                5.12245E-03       -7.78794E-03
                5.1251E-03        -4.88471    
                5.12775E-03       -6.46037    
                5.1304E-03        -7.58935    
                5.13305E-03       -8.53653    
                5.1357E-03        -5.13871    
                5.13835E-03       -7.42384    
                5.141E-03         -7.32299    
                5.14365E-03       -7.93494    
                5.1463E-03        -8.2752     
                5.14895E-03       -8.44336    
                5.1516E-03        -9.58603    
                5.15425E-03       -9.98054    
                5.1569E-03        -6.49984    
                5.15955E-03       -6.48178    
                5.1622E-03        -6.53811    
                5.16485E-03       -6.67516    
                5.1675E-03        -7.80244    
                5.17015E-03       -8.61316    
                5.1728E-03        -9.47715    
                5.17545E-03       -9.80072    
                5.1781E-03       -49.5888E-03 
                5.18075E-03      648.975E-06  
                5.1834E-03       -11.3466     
                5.18605E-03      -18.1036     
                5.1887E-03       -21.2312     
                5.19135E-03      -20.1379     
                5.194E-03        -20.9247     
                5.19665E-03      -18.985      
                5.1993E-03       -22.0065     
                5.20195E-03      -25.9124     
                5.2046E-03       -24.4051     
                5.20725E-03      -29.5833     
                5.2099E-03       -30.4438     
                5.21255E-03      -28.9931     
                5.2152E-03       -33.2998     
                5.21785E-03      -34.1817     
                5.2205E-03       -34.7387     
                5.22315E-03      -38.6464     
                5.2258E-03       -38.1916     
                5.22845E-03      -37.5804     
                5.2311E-03       -41.5785     
                5.23375E-03      -42.4732     
                5.2364E-03       -39.1102     
                5.23905E-03      -41.1607     
                5.2417E-03       -34.8085     
                5.24435E-03      -35.5763     
                5.247E-03        -34.4795     
                5.24965E-03      -35.1516     
                5.2523E-03       -34.9812     
                5.25495E-03      -34.6505     
                5.2576E-03       -33.6861     
                5.26025E-03      -43.196      
                5.2629E-03       -39.9871     
                5.26555E-03      -39.4259     
                5.2682E-03       -38.7658     
                5.27085E-03      -34.216      
                5.2735E-03       -36.05       
                5.27615E-03      -30.5628     
                5.2788E-03       -33.5163     
                5.28145E-03      -34.558      
                5.2841E-03       -34.2229     
                5.28675E-03      -31.3584     
                5.2894E-03       -39.4099     
                5.29205E-03      -28.1117     
                5.2947E-03       -25.5051     
                5.29735E-03      -21.0212     
                5.3E-03          -23.6457     




