
                  X               _temp_3     

                0.              -228.132E-06  
                2.65115E-06      145.017      
                5.30057E-06     -212.675      
                7.95002E-06       57.0217     
               10.6015E-06       -55.501      
               13.2513E-06      -252.507      
               15.901E-06        -70.5369     
               18.5508E-06      -143.736      
               21.2006E-06      -265.717      
               23.8503E-06       -98.694      
               26.5001E-06      -201.619      
               29.1516E-06      -256.69       
               31.8E-06         -104.44       
               34.4505E-06      -250.336      
               37.101E-06       -201.896      
               39.7515E-06      -149.558      
               42.4002E-06      -253.094      
               45.0507E-06      -194.289      
               47.7012E-06      -187.091      
               50.3516E-06      -243.098      
               53.0004E-06      -198.129      
               55.6509E-06      -186.348      
               58.3013E-06      -244.859      
               60.9501E-06      -190.108      
               63.6007E-06      -217.079      
               66.2515E-06      -246.32       
               68.9005E-06      -191.423      
               71.5513E-06      -232.249      
               74.2003E-06      -221.016      
               76.8511E-06      -207.432      
               79.5001E-06      -235.8        
               82.1509E-06      -224.496      
               84.8017E-06      -215.077      
               87.4507E-06      -240.214      
               90.1015E-06      -228.552      
               92.7505E-06      -227.577      
               95.4013E-06      -250.336      
               98.0503E-06      -229.978      
              100.701E-06       -243.668      
              103.35E-06        -250.43       
              106.001E-06       -239.302      
              108.652E-06       -252.155      
              111.301E-06       -250.496      
              113.951E-06       -250.285      
              116.601E-06       -265.564      
              119.251E-06       -261.166      
              121.9E-06         -241.894      
              124.551E-06       -253.461      
              127.2E-06         -252.761      
              129.851E-06       -254.97       
              132.502E-06       -259.214      
              135.152E-06       -198.578      
              137.801E-06       -208.374      
              140.451E-06       -240.781      
              143.1E-06         -249.03       
              145.751E-06       -245.516      
              148.4E-06         -260.512      
              151.051E-06       -266.373      
              153.7E-06         -267.221      
              156.351E-06       -266.057      
              159.002E-06       -272.603      
              161.651E-06       -282.546      
              164.301E-06       -298.666      
              166.952E-06       -288.742      
              169.601E-06       -291.437      
              172.252E-06       -279.272      
              174.9E-06         -281.589      
              177.551E-06       -285.276      
              180.201E-06       -272.146      
              182.851E-06       -275.789      
              185.501E-06       -276.577      
              188.151E-06       -283.275      
              190.801E-06       -261.455      
              193.45E-06        -299.551      
              196.1E-06         -300.858      
              198.751E-06       -304.43       
              201.401E-06       -310.289      
              204.051E-06       -282.4        
              206.701E-06       -252.935      
              209.35E-06        -256.686      
              212.001E-06       -291.148      
              214.65E-06        -300.817      
              217.301E-06       -309.687      
              219.95E-06        -316.568      
              222.601E-06       -283.68       
              225.252E-06       -301.005      
              227.901E-06       -304.627      
              230.55E-06        -247.322      
              233.2E-06         -298.202      
              235.85E-06        -314.598      
              238.501E-06       -276.549      
              241.152E-06       -302.288      
              243.801E-06       -311.999      
              246.451E-06       -311.428      
              249.101E-06       -312.745      
              251.751E-06       -321.118      
              254.401E-06       -296.534      
              257.051E-06       -277.204      
              259.701E-06       -265.805      
              262.351E-06       -291.361      
              265.E-06          -309.094      
              267.651E-06       -308.593      
              270.3E-06         -281.267      
              272.951E-06       -305.656      
              275.6E-06         -317.426      
              278.251E-06       -321.764      
              280.902E-06       -320.585      
              283.551E-06       -328.032      
              286.201E-06       -335.89       
              288.85E-06        -329.339      
              291.501E-06       -329.819      
              294.15E-06        -292.46       
              296.801E-06       -308.996      
              299.45E-06        -322.53       
              302.101E-06       -308.374      
              304.752E-06       -269.247      
              307.401E-06       -296.384      
              310.051E-06       -308.052      
              312.7E-06         -313.046      
              315.35E-06        -285.987      
              318.E-06          -296.927      
              320.651E-06       -317.794      
              323.301E-06       -307.358      
              325.951E-06       -302.448      
              328.601E-06       -311.497      
              331.251E-06       -305.959      
              333.902E-06       -309.068      
              336.551E-06       -287.041      
              339.202E-06       -302.819      
              341.851E-06       -273.022      
              344.501E-06       -310.327      
              347.15E-06        -255.309      
              349.801E-06       -310.682      
              352.45E-06        -313.038      
              355.101E-06       -324.091      
              357.751E-06       -277.069      
              360.4E-06         -294.382      
              363.051E-06       -312.773      
              365.7E-06         -273.301      
              368.351E-06       -307.558      
              371.001E-06       -312.529      
              373.651E-06       -322.426      
              376.301E-06       -296.59       
              378.951E-06       -285.338      
              381.601E-06       -312.049      
              384.25E-06        -320.08       
              386.9E-06         -265.141      
              389.55E-06        -296.112      
              392.2E-06         -312.958      
              394.851E-06       -267.331      
              397.501E-06       -275.508      
              400.151E-06       -317.229      
              402.801E-06       -315.205      
              405.451E-06       -274.767      
              408.101E-06       -300.207      
              410.75E-06        -323.036      
              413.401E-06       -329.567      
              416.05E-06        -263.015      
              418.701E-06       -272.178      
              421.351E-06       -316.725      
              424.001E-06       -328.67       
              426.651E-06       -319.85       
              429.301E-06       -339.28       
              431.951E-06       -328.156      
              434.6E-06         -278.052      
              437.251E-06       -314.525      
              439.9E-06         -266.761      
              442.551E-06       -303.794      
              445.2E-06         -329.85       
              447.851E-06       -343.81       
              450.501E-06       -336.16       
              453.15E-06        -264.115      
              455.8E-06         -294.183      
              458.45E-06        -304.347      
              461.101E-06       -278.695      
              463.75E-06        -270.2        
              466.401E-06       -295.487      
              469.05E-06        -299.011      
              471.701E-06       -301.063      
              474.351E-06       -291.523      
              477.001E-06       -303.643      
              479.65E-06        -286.192      
              482.301E-06       -315.968      
              484.95E-06        -314.715      
              487.601E-06       -305.42       
              490.25E-06        -253.673      
              492.901E-06       -253.388      
              495.55E-06        -310.188      
              498.201E-06       -312.548      
              500.85E-06        -316.07       
              503.501E-06       -301.923      
              506.15E-06        -279.017      
              508.801E-06       -308.77       
              511.451E-06       -305.606      
              514.102E-06       -319.484      
              516.75E-06        -274.358      
              519.401E-06       -252.537      
              522.051E-06       -296.477      
              524.701E-06       -323.213      
              527.351E-06       -271.464      
              530.002E-06       -290.814      
              532.65E-06        -303.832      
              535.3E-06         -302.602      
              537.95E-06        -309.923      
              540.601E-06       -314.457      
              543.251E-06       -293.575      
              545.901E-06       -298.326      
              548.552E-06       -305.28       
              551.2E-06         -296.839      
              553.85E-06        -309.661      
              556.5E-06         -259.374      
              559.15E-06        -307.545      
              561.8E-06         -306.802      
              564.451E-06       -298.473      
              567.1E-06         -314.616      
              569.75E-06        -301.852      
              572.401E-06       -309.58       
              575.052E-06       -283.197      
              577.701E-06       -292.408      
              580.351E-06       -315.739      
              583.001E-06       -312.173      
              585.65E-06        -308.188      
              588.301E-06       -300.897      
              590.951E-06       -318.899      
              593.601E-06       -315.854      
              596.251E-06       -298.144      
              598.901E-06       -297.401      
              601.552E-06       -314.775      
              604.201E-06       -308.934      
              606.85E-06        -303.877      
              609.501E-06       -312.094      
              612.152E-06       -313.696      
              614.801E-06       -298.844      
              617.451E-06       -316.567      
              620.1E-06         -320.419      
              622.751E-06       -306.504      
              625.4E-06         -302.453      
              628.051E-06       -315.14       
              630.7E-06         -311.951      
              633.351E-06       -277.815      
              636.E-06          -298.603      
              638.651E-06       -280.703      
              641.3E-06         -295.78       
              643.951E-06       -303.695      
              646.602E-06       -314.922      
              649.251E-06       -317.158      
              651.901E-06       -246.533      
              654.55E-06        -280.839      
              657.201E-06       -280.651      
              659.85E-06        -243.009      
              662.501E-06       -280.611      
              665.15E-06        -292.947      
              667.801E-06       -306.072      
              670.452E-06       -304.349      
              673.101E-06       -298.719      
              675.751E-06       -279.568      
              678.4E-06         -300.115      
              681.051E-06       -291.214      
              683.7E-06         -302.809      
              686.351E-06       -277.392      
              689.E-06          -317.314      
              691.651E-06       -329.12       
              694.302E-06       -278.492      
              696.951E-06       -298.098      
              699.6E-06         -214.659      
              702.251E-06       -227.014      
              704.9E-06         -276.744      
              707.551E-06       -295.189      
              710.201E-06       -204.444      
              712.85E-06        -155.961      
              715.501E-06       -223.695      
              718.151E-06       -286.903      
              720.8E-06         -237.383      
              723.452E-06       -257.296      
              726.101E-06       -299.948      
              728.751E-06       -281.789      
              731.401E-06       -208.516      
              734.052E-06       -307.554      
              736.701E-06       -314.116      
              739.351E-06       -289.984      
              742.E-06          -305.046      
              744.651E-06       -307.079      
              747.3E-06         -238.774      
              749.95E-06        -128.713      
              752.601E-06       -245.718      
              755.25E-06        -291.064      
              757.901E-06       -313.829      
              760.552E-06       -309.774      
              763.201E-06       -204.674      
              765.851E-06       -273.007      
              768.5E-06         -303.408      
              771.151E-06       -302.691      
              773.8E-06         -311.005      
              776.451E-06       -322.007      
              779.1E-06         -249.65       
              781.751E-06       -286.786      
              784.402E-06       -247.036      
              787.051E-06       -255.862      
              789.701E-06       -299.052      
              792.35E-06        -312.15       
              795.001E-06       -306.146      
              797.65E-06        -261.2        
              800.301E-06       -308.85       
              802.95E-06        -269.784      
              805.601E-06       -278.406      
              808.252E-06       -301.071      
              810.901E-06       -289.791      
              813.551E-06       -299.897      
              816.2E-06         -311.784      
              818.851E-06       -312.551      
              821.5E-06         -166.241      
              824.151E-06       -210.727      
              826.8E-06         -284.757      
              829.451E-06       -311.204      
              832.102E-06       -322.35       
              834.751E-06       -265.076      
              837.401E-06       -271.916      
              840.05E-06        -224.961      
              842.701E-06       -244.507      
              845.35E-06        -314.832      
              848.001E-06       -299.562      
              850.65E-06        -260.488      
              853.301E-06       -290.778      
              855.952E-06       -310.412      
              858.601E-06       -304.804      
              861.251E-06       -265.249      
              863.9E-06         -277.11       
              866.551E-06       -274.01       
              869.202E-06       -313.874      
              871.851E-06       -332.34       
              874.501E-06       -310.746      
              877.151E-06       -229.742      
              879.801E-06       -252.475      
              882.45E-06        -305.626      
              885.101E-06       -328.298      
              887.75E-06        -329.331      
              890.401E-06       -276.454      
              893.052E-06       -289.978      
              895.701E-06       -218.772      
              898.352E-06       -259.037      
              901.E-06          -268.384      
              903.651E-06       -288.639      
              906.3E-06         -256.351      
              908.951E-06       -183.459      
              911.6E-06         -268.493      
              914.251E-06       -306.937      
              916.902E-06       -315.87       
              919.551E-06       -310.092      
              922.202E-06       -306.718      
              924.851E-06       -301.382      
              927.501E-06       -270.652      
              930.15E-06        -287.911      
              932.801E-06       -298.137      
              935.45E-06        -308.028      
              938.101E-06       -220.726      
              940.752E-06       -295.269      
              943.401E-06       -304.036      
              946.051E-06       -297.845      
              948.701E-06       -305.687      
              951.351E-06       -307.921      
              954.E-06          -308.057      
              956.651E-06       -300.023      
              959.3E-06         -278.516      
              961.951E-06       -255.08       
              964.6E-06         -293.554      
              967.251E-06       -267.31       
              969.901E-06       -282.238      
              972.551E-06       -288.438      
              975.201E-06       -228.678      
              977.85E-06        -282.286      
              980.501E-06       -282.074      
              983.15E-06        -291.116      
              985.801E-06       -291.572      
              988.452E-06       -295.638      
              991.101E-06       -280.528      
              993.751E-06       -286.477      
              996.4E-06         -270.2        
              999.051E-06       -270.386      
                1.0017E-03      -281.327      
                1.00435E-03     -323.623      
                1.007E-03       -274.311      
                1.00965E-03     -285.059      
                1.0123E-03      -289.002      
                1.01495E-03     -296.198      
                1.0176E-03      -264.479      
                1.02025E-03     -240.147      
                1.0229E-03      -276.113      
                1.02555E-03     -283.873      
                1.0282E-03      -280.564      
                1.03085E-03     -279.308      
                1.0335E-03      -267.128      
                1.03615E-03     -199.189      
                1.0388E-03      -232.634      
                1.04145E-03     -263.962      
                1.0441E-03      -274.233      
                1.04675E-03     -263.903      
                1.0494E-03      -274.801      
                1.05205E-03     -287.079      
                1.0547E-03      -281.926      
                1.05735E-03     -273.913      
                1.06E-03        -240.613      
                1.06265E-03     -254.513      
                1.0653E-03      -271.592      
                1.06795E-03     -283.533      
                1.0706E-03      -294.19       
                1.07325E-03     -271.385      
                1.0759E-03      -281.861      
                1.07855E-03     -285.696      
                1.0812E-03      -307.388      
                1.08385E-03     -303.152      
                1.0865E-03      -292.761      
                1.08915E-03     -281.377      
                1.0918E-03      -299.917      
                1.09445E-03     -315.933      
                1.0971E-03      -297.201      
                1.09975E-03     -289.172      
                1.1024E-03      -308.123      
                1.10505E-03     -293.195      
                1.1077E-03      -295.498      
                1.11035E-03     -293.133      
                1.113E-03       -306.142      
                1.11565E-03     -312.982      
                1.1183E-03      -266.257      
                1.12095E-03     -304.162      
                1.1236E-03      -310.099      
                1.12625E-03     -304.443      
                1.1289E-03      -303.355      
                1.13155E-03     -310.143      
                1.1342E-03      -290.035      
                1.13685E-03     -236.163      
                1.1395E-03      -269.539      
                1.14215E-03     -319.784      
                1.1448E-03      -311.925      
                1.14745E-03     -272.456      
                1.1501E-03      -213.296      
                1.15275E-03     -238.813      
                1.1554E-03      -270.905      
                1.15805E-03     -263.552      
                1.1607E-03      -272.253      
                1.16335E-03     -327.853      
                1.166E-03       -270.694      
                1.16865E-03     -290.973      
                1.1713E-03      -258.493      
                1.17395E-03     -270.405      
                1.1766E-03      -291.9        
                1.17925E-03     -239.122      
                1.1819E-03      -274.015      
                1.18455E-03     -227.307      
                1.1872E-03      -254.248      
                1.18985E-03     -296.557      
                1.1925E-03      -301.189      
                1.19515E-03     -306.397      
                1.1978E-03      -265.508      
                1.20045E-03     -281.738      
                1.2031E-03      -295.411      
                1.20575E-03     -301.922      
                1.2084E-03      -281.462      
                1.21105E-03     -184.261      
                1.2137E-03      -262.232      
                1.21635E-03     -290.628      
                1.219E-03       -309.795      
                1.22165E-03     -310.209      
                1.2243E-03      -303.672      
                1.22695E-03     -292.939      
                1.2296E-03      -288.904      
                1.23225E-03     -293.461      
                1.2349E-03      -306.157      
                1.23755E-03     -303.783      
                1.2402E-03      -229.544      
                1.24285E-03     -249.803      
                1.2455E-03      -294.955      
                1.24815E-03     -304.756      
                1.2508E-03      -310.356      
                1.25345E-03     -199.263      
                1.2561E-03      -294.283      
                1.25875E-03     -294.487      
                1.2614E-03      -302.971      
                1.26405E-03     -323.092      
                1.2667E-03      -299.15       
                1.26935E-03     -307.566      
                1.272E-03       -315.793      
                1.27465E-03     -314.79       
                1.2773E-03      -315.001      
                1.27995E-03     -296.262      
                1.2826E-03      -314.498      
                1.28525E-03     -305.68       
                1.2879E-03      -305.852      
                1.29055E-03     -312.802      
                1.2932E-03      -295.004      
                1.29585E-03     -302.645      
                1.2985E-03      -297.184      
                1.30115E-03     -313.687      
                1.3038E-03      -307.017      
                1.30645E-03     -304.813      
                1.3091E-03      -317.26       
                1.31175E-03     -293.041      
                1.3144E-03      -295.772      
                1.31705E-03     -296.208      
                1.3197E-03      -311.043      
                1.32235E-03     -311.93       
                1.325E-03       -306.55       
                1.32765E-03     -307.289      
                1.3303E-03      -301.995      
                1.33295E-03     -310.991      
                1.3356E-03      -308.875      
                1.33825E-03     -283.178      
                1.3409E-03      -296.846      
                1.34355E-03     -307.559      
                1.3462E-03      -308.693      
                1.34885E-03     -321.133      
                1.3515E-03      -300.967      
                1.35415E-03     -313.263      
                1.3568E-03      -321.813      
                1.35945E-03     -334.551      
                1.3621E-03      -273.45       
                1.36475E-03     -305.946      
                1.3674E-03      -306.95       
                1.37005E-03     -315.273      
                1.3727E-03      -305.404      
                1.37535E-03     -302.068      
                1.378E-03       -291.701      
                1.38065E-03     -304.584      
                1.3833E-03      -322.751      
                1.38595E-03     -320.855      
                1.3886E-03      -299.227      
                1.39125E-03     -323.956      
                1.3939E-03      -326.153      
                1.39655E-03     -339.574      
                1.3992E-03      -343.159      
                1.40185E-03     -310.395      
                1.4045E-03      -323.848      
                1.40715E-03     -339.754      
                1.4098E-03      -294.054      
                1.41245E-03     -322.25       
                1.4151E-03      -248.196      
                1.41775E-03     -328.643      
                1.4204E-03      -328.405      
                1.42305E-03     -332.699      
                1.4257E-03      -246.367      
                1.42835E-03     -299.428      
                1.431E-03       -320.249      
                1.43365E-03     -330.752      
                1.4363E-03      -334.328      
                1.43895E-03     -329.596      
                1.4416E-03      -273.554      
                1.44425E-03     -314.114      
                1.4469E-03      -323.511      
                1.44955E-03     -347.308      
                1.4522E-03      -345.53       
                1.45485E-03     -295.003      
                1.4575E-03      -298.041      
                1.46015E-03     -319.172      
                1.4628E-03      -334.568      
                1.46545E-03     -277.613      
                1.4681E-03      -323.22       
                1.47075E-03     -328.276      
                1.4734E-03      -256.82       
                1.47605E-03     -261.682      
                1.4787E-03      -276.632      
                1.48135E-03     -291.707      
                1.484E-03       -318.995      
                1.48665E-03     -342.549      
                1.4893E-03      -336.931      
                1.49195E-03     -276.98       
                1.4946E-03      -303.903      
                1.49725E-03     -249.095      
                1.4999E-03      -317.923      
                1.50255E-03     -302.098      
                1.5052E-03      -277.24       
                1.50785E-03     -311.741      
                1.5105E-03      -310.09       
                1.51315E-03     -177.181      
                1.5158E-03      -275.073      
                1.51845E-03     -298.487      
                1.5211E-03      -312.688      
                1.52375E-03     -297.447      
                1.5264E-03      -317.183      
                1.52905E-03     -218.959      
                1.5317E-03      -192.232      
                1.53435E-03     -257.438      
                1.537E-03       -248.349      
                1.53965E-03     -279.724      
                1.5423E-03      -249.83       
                1.54495E-03     -290.874      
                1.5476E-03      -303.085      
                1.55025E-03     -277.534      
                1.5529E-03      -288.116      
                1.55555E-03     -260.956      
                1.5582E-03      -290.814      
                1.56085E-03     -264.671      
                1.5635E-03      -279.06       
                1.56615E-03     -288.74       
                1.5688E-03      -295.312      
                1.57145E-03     -304.654      
                1.5741E-03      -279.213      
                1.57675E-03     -288.84       
                1.5794E-03      -291.751      
                1.58205E-03     -296.79       
                1.5847E-03      -317.744      
                1.58735E-03     -299.884      
                1.59E-03        -276.741      
                1.59265E-03     -288.495      
                1.5953E-03      -277.958      
                1.59795E-03     -276.26       
                1.6006E-03      -190.544      
                1.60325E-03     -213.382      
                1.6059E-03      -216.14       
                1.60855E-03     -218.007      
                1.6112E-03      -230.657      
                1.61385E-03     -250.778      
                1.6165E-03      -288.33       
                1.61915E-03     -278.184      
                1.6218E-03      -287.935      
                1.62445E-03     -290.42       
                1.6271E-03      -299.586      
                1.62975E-03     -288.292      
                1.6324E-03      -292.975      
                1.63505E-03     -265.443      
                1.6377E-03      -274.289      
                1.64035E-03     -269.372      
                1.643E-03       -296.765      
                1.64565E-03     -285.039      
                1.6483E-03      -290.92       
                1.65095E-03     -221.177      
                1.6536E-03      -263.087      
                1.65625E-03     -259.34       
                1.6589E-03      -269.039      
                1.66155E-03     -267.152      
                1.6642E-03      -265.584      
                1.66685E-03     -259.659      
                1.6695E-03      -258.503      
                1.67215E-03     -269.948      
                1.6748E-03      -273.408      
                1.67745E-03     -283.072      
                1.6801E-03      -189.961      
                1.68275E-03     -259.539      
                1.6854E-03      -282.127      
                1.68805E-03     -270.327      
                1.6907E-03      -283.232      
                1.69335E-03     -238.391      
                1.696E-03       -259.389      
                1.69865E-03     -283.727      
                1.7013E-03      -300.93       
                1.70395E-03     -289.389      
                1.7066E-03      -297.436      
                1.70925E-03     -293.223      
                1.7119E-03      -297.843      
                1.71455E-03     -295.864      
                1.7172E-03      -295.779      
                1.71985E-03     -301.618      
                1.7225E-03      -289.088      
                1.72515E-03     -277.943      
                1.7278E-03      -294.809      
                1.73045E-03     -274.865      
                1.7331E-03      -283.491      
                1.73575E-03     -233.452      
                1.7384E-03      -260.089      
                1.74105E-03     -210.383      
                1.7437E-03      -264.941      
                1.74635E-03     -302.089      
                1.749E-03       -287.952      
                1.75165E-03     -313.083      
                1.7543E-03      -298.862      
                1.75695E-03     -317.244      
                1.7596E-03      -283.06       
                1.76225E-03     -299.885      
                1.7649E-03      -292.723      
                1.76755E-03     -290.336      
                1.7702E-03      -227.041      
                1.77285E-03     -221.55       
                1.7755E-03      -247.343      
                1.77815E-03     -263.566      
                1.7808E-03      -287.9        
                1.78345E-03     -242.17       
                1.7861E-03      -281.88       
                1.78875E-03     -285.539      
                1.7914E-03      -298.283      
                1.79405E-03     -216.161      
                1.7967E-03      -265.072      
                1.79935E-03     -206.42       
                1.802E-03       -244.232      
                1.80465E-03     -272.535      
                1.8073E-03      -271.658      
                1.80995E-03     -302.993      
                1.8126E-03      -164.007      
                1.81525E-03     -229.718      
                1.8179E-03      -274.183      
                1.82055E-03     -291.838      
                1.8232E-03      -298.049      
                1.82585E-03     -287.207      
                1.8285E-03      -278.917      
                1.83115E-03     -194.159      
                1.8338E-03      -281.891      
                1.83645E-03     -296.037      
                1.8391E-03      -229.088      
                1.84175E-03     -214.04       
                1.8444E-03      -273.27       
                1.84705E-03     -276.636      
                1.8497E-03      -265.355      
                1.85235E-03     -274.192      
                1.855E-03       -288.696      
                1.85765E-03     -270.281      
                1.8603E-03      -296.243      
                1.86295E-03     -211.065      
                1.8656E-03      -279.986      
                1.86825E-03     -287.129      
                1.8709E-03      -265.91       
                1.87355E-03     -295.344      
                1.8762E-03      -294.091      
                1.87885E-03     -293.749      
                1.8815E-03      -298.972      
                1.88415E-03     -307.188      
                1.8868E-03      -304.398      
                1.88945E-03     -247.058      
                1.8921E-03      -291.913      
                1.89475E-03     -309.225      
                1.8974E-03      -283.253      
                1.90005E-03     -294.941      
                1.9027E-03      -286.32       
                1.90535E-03     -272.287      
                1.908E-03       -297.573      
                1.91065E-03     -295.112      
                1.9133E-03      -289.141      
                1.91595E-03     -297.485      
                1.9186E-03      -295.837      
                1.92125E-03     -298.46       
                1.9239E-03      -307.058      
                1.92655E-03     -253.944      
                1.9292E-03      -257.889      
                1.93185E-03     -208.552      
                1.9345E-03      -206.023      
                1.93715E-03     -223.372      
                1.9398E-03      -269.09       
                1.94245E-03     -268.361      
                1.9451E-03      -264.645      
                1.94775E-03     -271.071      
                1.9504E-03      -236.363      
                1.95305E-03     -282.21       
                1.9557E-03      -269.245      
                1.95835E-03     -164.761      
                1.961E-03       -205.629      
                1.96365E-03     -285.471      
                1.9663E-03      -290.882      
                1.96895E-03     -294.435      
                1.9716E-03      -288.15       
                1.97425E-03     -295.494      
                1.9769E-03      -281.73       
                1.97955E-03     -266.427      
                1.9822E-03      -286.452      
                1.98485E-03     -297.32       
                1.9875E-03      -308.466      
                1.99015E-03     -303.752      
                1.9928E-03      -256.282      
                1.99545E-03     -245.67       
                1.9981E-03      -278.897      
                2.00075E-03     -292.105      
                2.0034E-03      -227.434      
                2.00605E-03     -288.517      
                2.0087E-03      -264.906      
                2.01135E-03     -280.922      
                2.014E-03       -292.143      
                2.01665E-03     -301.098      
                2.0193E-03      -286.075      
                2.02195E-03     -294.153      
                2.0246E-03      -301.432      
                2.02725E-03     -296.426      
                2.0299E-03      -253.266      
                2.03255E-03     -211.667      
                2.0352E-03      -246.517      
                2.03785E-03     -246.824      
                2.0405E-03      -284.473      
                2.04315E-03     -306.118      
                2.0458E-03      -265.292      
                2.04845E-03     -302.676      
                2.0511E-03      -213.424      
                2.05375E-03     -275.72       
                2.0564E-03      -299.108      
                2.05905E-03     -252.37       
                2.0617E-03      -271.95       
                2.06435E-03     -272.776      
                2.067E-03       -213.041      
                2.06965E-03     -266.744      
                2.0723E-03      -249.401      
                2.07495E-03     -269.187      
                2.0776E-03      -177.828      
                2.08025E-03     -256.958      
                2.0829E-03      -282.34       
                2.08555E-03     -283.895      
                2.0882E-03      -275.273      
                2.09085E-03     -282.788      
                2.0935E-03      -262.321      
                2.09615E-03     -295.573      
                2.0988E-03      -251.463      
                2.10145E-03     -269.446      
                2.1041E-03      -305.483      
                2.10675E-03     -279.958      
                2.1094E-03      -233.4        
                2.11205E-03     -276.344      
                2.1147E-03      -230.19       
                2.11735E-03     -261.614      
                2.12E-03        -290.009      
                2.12265E-03     -199.567      
                2.1253E-03      -245.591      
                2.12795E-03     -259.587      
                2.1306E-03      -272.126      
                2.13325E-03     -240.087      
                2.1359E-03      -295.439      
                2.13855E-03     -318.603      
                2.1412E-03      -299.808      
                2.14385E-03     -221.637      
                2.1465E-03      -258.479      
                2.14915E-03     -235.947      
                2.1518E-03      -251.133      
                2.15445E-03     -286.502      
                2.1571E-03      -299.514      
                2.15975E-03     -263.534      
                2.1624E-03      -231.685      
                2.16505E-03     -305.257      
                2.1677E-03      -214.07       
                2.17035E-03     -291.679      
                2.173E-03       -288.624      
                2.17565E-03     -260.288      
                2.1783E-03      -308.969      
                2.18095E-03     -267.668      
                2.1836E-03      -276.291      
                2.18625E-03     -288.919      
                2.1889E-03      -232.756      
                2.19155E-03     -342.507      
                2.1942E-03      -342.253      
                2.19685E-03     -255.434      
                2.1995E-03      -269.327      
                2.20215E-03     -242.348      
                2.2048E-03      -289.424      
                2.20745E-03     -261.029      
                2.2101E-03      -312.763      
                2.21275E-03     -298.979      
                2.2154E-03      -223.319      
                2.21805E-03     -298.012      
                2.2207E-03      -302.888      
                2.22335E-03     -305.158      
                2.226E-03       -308.797      
                2.22865E-03     -313.413      
                2.2313E-03      -201.996      
                2.23395E-03     -270.627      
                2.2366E-03      -249.381      
                2.23925E-03     -263.383      
                2.2419E-03      -289.052      
                2.24455E-03     -270.917      
                2.2472E-03      -294.655      
                2.24985E-03     -286.108      
                2.2525E-03      -289.456      
                2.25515E-03     -305.13       
                2.2578E-03      -311.908      
                2.26045E-03     -300.333      
                2.2631E-03      -293.514      
                2.26575E-03     -300.224      
                2.2684E-03      -285.934      
                2.27105E-03     -297.053      
                2.2737E-03      -308.791      
                2.27635E-03     -252.295      
                2.279E-03       -267.063      
                2.28165E-03     -282.542      
                2.2843E-03      -201.918      
                2.28695E-03     -249.243      
                2.2896E-03      -319.718      
                2.29225E-03     -287.649      
                2.2949E-03      -279.221      
                2.29755E-03     -296.047      
                2.3002E-03      -298.483      
                2.30285E-03     -283.824      
                2.3055E-03      -305.844      
                2.30815E-03     -286.398      
                2.3108E-03      -295.305      
                2.31345E-03     -247.164      
                2.3161E-03      -296.571      
                2.31875E-03     -261.484      
                2.3214E-03      -279.039      
                2.32405E-03     -300.401      
                2.3267E-03      -289.202      
                2.32935E-03     -215.64       
                2.332E-03       -269.803      
                2.33465E-03     -279.637      
                2.3373E-03      -288.028      
                2.33995E-03     -277.154      
                2.3426E-03      -273.304      
                2.34525E-03     -271.671      
                2.3479E-03      -271.038      
                2.35055E-03     -286.671      
                2.3532E-03      -288.24       
                2.35585E-03     -295.671      
                2.3585E-03      -288.928      
                2.36115E-03     -275.985      
                2.3638E-03      -263.467      
                2.36645E-03     -280.743      
                2.3691E-03      -272.019      
                2.37175E-03     -271.533      
                2.3744E-03      -213.044      
                2.37705E-03     -244.294      
                2.3797E-03      -282.137      
                2.38235E-03     -296.258      
                2.385E-03       -295.192      
                2.38765E-03     -160.31       
                2.3903E-03      -212.314      
                2.39295E-03     -293.317      
                2.3956E-03      -301.628      
                2.39825E-03     -279.592      
                2.4009E-03      -199.419      
                2.40355E-03     -276.271      
                2.4062E-03      -297.153      
                2.40885E-03     -269.738      
                2.4115E-03      -261.218      
                2.41415E-03     -183.457      
                2.4168E-03      -285.934      
                2.41945E-03     -296.324      
                2.4221E-03      -301.789      
                2.42475E-03     -266.244      
                2.4274E-03      -294.795      
                2.43005E-03     -286.732      
                2.4327E-03      -221.271      
                2.43535E-03     -276.09       
                2.438E-03       -347.067      
                2.44065E-03     -315.022      
                2.4433E-03      -302.363      
                2.44595E-03     -246.138      
                2.4486E-03      -278.61       
                2.45125E-03     -278.138      
                2.4539E-03      -269.556      
                2.45655E-03     -296.499      
                2.4592E-03      -280.811      
                2.46185E-03     -267.507      
                2.4645E-03      -277.852      
                2.46715E-03     -274.818      
                2.4698E-03      -321.509      
                2.47245E-03     -280.085      
                2.4751E-03      -216.576      
                2.47775E-03     -265.536      
                2.4804E-03      -304.966      
                2.48305E-03     -316.524      
                2.4857E-03      -304.943      
                2.48835E-03     -281.966      
                2.491E-03       -259.242      
                2.49365E-03     -301.709      
                2.4963E-03      -299.244      
                2.49895E-03     -310.256      
                2.5016E-03      -310.235      
                2.50425E-03     -299.185      
                2.5069E-03      -230.051      
                2.50955E-03     -253.581      
                2.5122E-03      -311.795      
                2.51485E-03     -313.233      
                2.5175E-03      -313.378      
                2.52015E-03     -313.244      
                2.5228E-03      -258.849      
                2.52545E-03     -270.711      
                2.5281E-03      -292.893      
                2.53075E-03     -311.428      
                2.5334E-03      -243.762      
                2.53605E-03     -263.877      
                2.5387E-03      -319.328      
                2.54135E-03     -311.854      
                2.544E-03       -330.915      
                2.54665E-03     -254.599      
                2.5493E-03      -296.794      
                2.55195E-03     -317.725      
                2.5546E-03      -341.707      
                2.55725E-03     -243.678      
                2.5599E-03      -305.87       
                2.56255E-03     -316.499      
                2.5652E-03      -317.359      
                2.56785E-03     -252.813      
                2.5705E-03      -294.582      
                2.57315E-03     -329.372      
                2.5758E-03      -323.74       
                2.57845E-03     -239.275      
                2.5811E-03      -283.831      
                2.58375E-03     -323.838      
                2.5864E-03      -321.55       
                2.58905E-03     -338.85       
                2.5917E-03      -261.76       
                2.59435E-03     -288.651      
                2.597E-03       -332.774      
                2.59965E-03     -330.911      
                2.6023E-03      -331.256      
                2.60495E-03     -191.41       
                2.6076E-03      -255.838      
                2.61025E-03     -293.249      
                2.6129E-03      -297.621      
                2.61555E-03     -330.972      
                2.6182E-03      -291.018      
                2.62085E-03     -249.172      
                2.6235E-03      -275.685      
                2.62615E-03     -311.142      
                2.6288E-03      -308.333      
                2.63145E-03     -328.848      
                2.6341E-03      -316.563      
                2.63675E-03     -253.397      
                2.6394E-03      -282.683      
                2.64205E-03     -311.549      
                2.6447E-03      -313.105      
                2.64735E-03     -326.436      
                2.65E-03        -305.742      
                2.65265E-03     -268.797      
                2.6553E-03      -285.74       
                2.65795E-03     -311.929      
                2.6606E-03      -306.743      
                2.66325E-03     -310.867      
                2.6659E-03      -258.985      
                2.66855E-03     -271.153      
                2.6712E-03      -312.657      
                2.67385E-03     -316.789      
                2.6765E-03      -249.813      
                2.67915E-03     -287.021      
                2.6818E-03      -290.242      
                2.68445E-03     -320.344      
                2.6871E-03      -301.411      
                2.68975E-03     -219.835      
                2.6924E-03      -273.289      
                2.69505E-03     -284.67       
                2.6977E-03      -312.982      
                2.70035E-03     -226.269      
                2.703E-03       -213.109      
                2.70565E-03     -288.214      
                2.7083E-03      -317.41       
                2.71095E-03     -321.157      
                2.7136E-03      -307.007      
                2.71625E-03     -258.695      
                2.7189E-03      -306.356      
                2.72155E-03     -284.189      
                2.7242E-03      -274.671      
                2.72685E-03     -266.386      
                2.7295E-03      -245.135      
                2.73215E-03     -281.924      
                2.7348E-03      -303.743      
                2.73745E-03     -309.215      
                2.7401E-03      -320.78       
                2.74275E-03     -239.804      
                2.7454E-03      -287.534      
                2.74805E-03     -328.334      
                2.7507E-03      -318.471      
                2.75335E-03     -320.112      
                2.756E-03       -298.213      
                2.75865E-03     -307.888      
                2.7613E-03      -281.386      
                2.76395E-03     -287.976      
                2.7666E-03      -307.075      
                2.76925E-03     -326.281      
                2.7719E-03      -293.118      
                2.77455E-03     -303.637      
                2.7772E-03      -306.847      
                2.77985E-03     -298.327      
                2.7825E-03      -298.993      
                2.78515E-03     -314.311      
                2.7878E-03      -280.415      
                2.79045E-03     -261.985      
                2.7931E-03      -293.922      
                2.79575E-03     -288.76       
                2.7984E-03      -292.657      
                2.80105E-03     -304.132      
                2.8037E-03      -318.512      
                2.80635E-03     -301.705      
                2.809E-03       -255.503      
                2.81165E-03     -303.457      
                2.8143E-03      -306.159      
                2.81695E-03     -270.304      
                2.8196E-03      -270.313      
                2.82225E-03     -282.912      
                2.8249E-03      -273.437      
                2.82755E-03     -329.196      
                2.8302E-03      -300.707      
                2.83285E-03     -291.854      
                2.8355E-03      -278.793      
                2.83815E-03     -287.651      
                2.8408E-03      -272.917      
                2.84345E-03     -296.614      
                2.8461E-03      -291.134      
                2.84875E-03     -295.182      
                2.8514E-03      -278.316      
                2.85405E-03     -248.981      
                2.8567E-03      -294.216      
                2.85935E-03     -302.259      
                2.862E-03       -313.64       
                2.86465E-03     -308.812      
                2.8673E-03      -296.102      
                2.86995E-03     -259.54       
                2.8726E-03      -275.306      
                2.87525E-03     -318.052      
                2.8779E-03      -280.854      
                2.88055E-03     -274.379      
                2.8832E-03      -285.885      
                2.88585E-03     -295.762      
                2.8885E-03      -268.353      
                2.89115E-03     -282.524      
                2.8938E-03      -278.91       
                2.89645E-03     -292.535      
                2.8991E-03      -301.391      
                2.90175E-03     -252.716      
                2.9044E-03      -233.809      
                2.90705E-03     -303.083      
                2.9097E-03      -285.636      
                2.91235E-03     -292.282      
                2.915E-03       -224.476      
                2.91765E-03     -215.148      
                2.9203E-03      -274.291      
                2.92295E-03     -284.342      
                2.9256E-03      -297.128      
                2.92825E-03     -268.687      
                2.9309E-03      -269.893      
                2.93355E-03     -302.846      
                2.9362E-03      -305.121      
                2.93885E-03     -243.699      
                2.9415E-03      -282.667      
                2.94415E-03     -272.244      
                2.9468E-03      -279.832      
                2.94945E-03     -311.799      
                2.9521E-03      -229.377      
                2.95475E-03     -241.929      
                2.9574E-03      -274.247      
                2.96005E-03     -289.592      
                2.9627E-03      -295.094      
                2.96535E-03     -268.603      
                2.968E-03       -271.824      
                2.97065E-03     -318.521      
                2.9733E-03      -245.686      
                2.97595E-03     -166.705      
                2.9786E-03      -266.189      
                2.98125E-03     -289.847      
                2.9839E-03      -285.499      
                2.98655E-03     -272.434      
                2.9892E-03      -244.214      
                2.99185E-03     -255.372      
                2.9945E-03      -294.929      
                2.99715E-03     -269.228      
                2.9998E-03      -223.507      
                3.00245E-03     -257.566      
                3.0051E-03      -291.851      
                3.00775E-03     -269.915      
                3.0104E-03      -280.494      
                3.01305E-03     -288.668      
                3.0157E-03      -285.295      
                3.01835E-03     -266.239      
                3.021E-03       -284.303      
                3.02365E-03     -269.238      
                3.0263E-03      -275.034      
                3.02895E-03     -289.657      
                3.0316E-03      -259.165      
                3.03425E-03     -291.402      
                3.0369E-03      -275.155      
                3.03955E-03     -303.994      
                3.0422E-03      -235.892      
                3.04485E-03     -276.831      
                3.0475E-03      -288.378      
                3.05015E-03     -270.341      
                3.0528E-03      -292.357      
                3.05545E-03     -289.729      
                3.0581E-03      -300.076      
                3.06075E-03     -278.343      
                3.0634E-03      -291.616      
                3.06605E-03     -291.272      
                3.0687E-03      -214.993      
                3.07135E-03     -271.619      
                3.074E-03       -276.56       
                3.07665E-03     -288.418      
                3.0793E-03      -252.102      
                3.08195E-03     -346.124      
                3.0846E-03      -224.598      
                3.08725E-03     -273.397      
                3.0899E-03      -273.052      
                3.09255E-03     -292.83       
                3.0952E-03      -295.6        
                3.09785E-03     -290.842      
                3.1005E-03      -281.7        
                3.10315E-03     -242.693      
                3.1058E-03      -298.116      
                3.10845E-03     -224.639      
                3.1111E-03      -247.278      
                3.11375E-03     -243.885      
                3.1164E-03      -295.382      
                3.11905E-03     -242.681      
                3.1217E-03      -272.352      
                3.12435E-03     -263.872      
                3.127E-03       -276.899      
                3.12965E-03     -254.608      
                3.1323E-03      -245.614      
                3.13495E-03     -267.294      
                3.1376E-03      -260.038      
                3.14025E-03     -282.725      
                3.1429E-03      -283.31       
                3.14555E-03     -283.442      
                3.1482E-03      -284.973      
                3.15085E-03     -299.157      
                3.1535E-03      -216.514      
                3.15615E-03     -261.851      
                3.1588E-03      -274.923      
                3.16145E-03     -259.698      
                3.1641E-03      -268.931      
                3.16675E-03     -266.481      
                3.1694E-03      -277.607      
                3.17205E-03     -281.202      
                3.1747E-03      -258.867      
                3.17735E-03     -223.365      
                3.18E-03        -293.246      
                3.18265E-03     -268.57       
                3.1853E-03      -238.815      
                3.18795E-03     -282.089      
                3.1906E-03      -263.178      
                3.19325E-03     -289.394      
                3.1959E-03      -287.223      
                3.19855E-03     -287.214      
                3.2012E-03      -290.147      
                3.20385E-03     -294.682      
                3.2065E-03      -287.097      
                3.20915E-03     -265.625      
                3.2118E-03      -277.51       
                3.21445E-03     -239.254      
                3.2171E-03      -262.53       
                3.21975E-03     -289.014      
                3.2224E-03      -285.983      
                3.22505E-03     -280.294      
                3.2277E-03      -292.029      
                3.23035E-03     -278.55       
                3.233E-03       -287.062      
                3.23565E-03     -264.656      
                3.2383E-03      -291.703      
                3.24095E-03     -295.207      
                3.2436E-03      -300.792      
                3.24625E-03     -264.991      
                3.2489E-03      -281.26       
                3.25155E-03     -306.292      
                3.2542E-03      -288.538      
                3.25685E-03     -302.901      
                3.2595E-03      -300.279      
                3.26215E-03     -222.461      
                3.2648E-03      -260.272      
                3.26745E-03     -291.192      
                3.2701E-03      -260.852      
                3.27275E-03     -253.621      
                3.2754E-03      -265.248      
                3.27805E-03     -250.157      
                3.2807E-03      -227.204      
                3.28335E-03     -273.779      
                3.286E-03       -311.933      
                3.28865E-03     -289.534      
                3.2913E-03      -208.449      
                3.29395E-03     -265.556      
                3.2966E-03      -295.694      
                3.29925E-03     -259.823      
                3.3019E-03      -268.219      
                3.30455E-03     -238.796      
                3.3072E-03      -169.189      
                3.30985E-03     -277.385      
                3.3125E-03      -276.581      
                3.31515E-03     -277.726      
                3.3178E-03      -248.289      
                3.32045E-03     -275.626      
                3.3231E-03      -279.152      
                3.32575E-03     -262.924      
                3.3284E-03      -280.503      
                3.33105E-03     -310.459      
                3.3337E-03      -220.036      
                3.33635E-03     -275.978      
                3.339E-03       -292.501      
                3.34165E-03     -289.231      
                3.3443E-03      -240.328      
                3.34695E-03     -256.183      
                3.3496E-03      -245.271      
                3.35225E-03     -232.145      
                3.3549E-03      -228.247      
                3.35755E-03     -270.407      
                3.3602E-03      -246.518      
                3.36285E-03     -143.437      
                3.3655E-03      -191.604      
                3.36815E-03     -202.105      
                3.3708E-03      -269.52       
                3.37345E-03     -261.977      
                3.3761E-03      -253.781      
                3.37875E-03     -236.819      
                3.3814E-03      -237.602      
                3.38405E-03     -147.542      
                3.3867E-03      -246.585      
                3.38935E-03     -263.605      
                3.392E-03       -290.787      
                3.39465E-03     -234.441      
                3.3973E-03      -267.663      
                3.39995E-03     -246.63       
                3.4026E-03      -261.517      
                3.40525E-03     -283.739      
                3.4079E-03      -284.144      
                3.41055E-03     -231.021      
                3.4132E-03      -253.482      
                3.41585E-03     -288.918      
                3.4185E-03      -299.825      
                3.42115E-03     -207.276      
                3.4238E-03      -221.682      
                3.42645E-03     -264.928      
                3.4291E-03      -281.645      
                3.43175E-03     -258.811      
                3.4344E-03      -297.132      
                3.43705E-03     -319.315      
                3.4397E-03      -285.81       
                3.44235E-03     -278.49       
                3.445E-03       -296.737      
                3.44765E-03     -279.678      
                3.4503E-03      -274.143      
                3.45295E-03     -293.739      
                3.4556E-03      -301.535      
                3.45825E-03     -226.321      
                3.4609E-03      -273.077      
                3.46355E-03     -296.713      
                3.4662E-03      -298.432      
                3.46885E-03     -264.632      
                3.4715E-03      -257.046      
                3.47415E-03     -232.363      
                3.4768E-03      -251.908      
                3.47945E-03     -263.556      
                3.4821E-03      -267.591      
                3.48475E-03     -294.593      
                3.4874E-03      -266.52       
                3.49005E-03     -204.502      
                3.4927E-03      -212.145      
                3.49535E-03     -245.733      
                3.498E-03       -237.673      
                3.50065E-03     -267.117      
                3.5033E-03      -288.749      
                3.50595E-03     -299.192      
                3.5086E-03      -312.824      
                3.51125E-03     -251.26       
                3.5139E-03      -285.614      
                3.51655E-03     -305.828      
                3.5192E-03      -288.924      
                3.52185E-03     -284.85       
                3.5245E-03      -257.711      
                3.52715E-03     -282.459      
                3.5298E-03      -255.068      
                3.53245E-03     -254.781      
                3.5351E-03      -262.059      
                3.53775E-03     -285.42       
                3.5404E-03      -288.948      
                3.54305E-03     -294.049      
                3.5457E-03      -293.243      
                3.54835E-03     -238.337      
                3.551E-03       -266.919      
                3.55365E-03     -260.945      
                3.5563E-03      -293.146      
                3.55895E-03     -320.954      
                3.5616E-03      -277.148      
                3.56425E-03     -235.97       
                3.5669E-03      -252.121      
                3.56955E-03     -208.903      
                3.5722E-03      -290.413      
                3.57485E-03     -255.341      
                3.5775E-03      -259.274      
                3.58015E-03     -266.785      
                3.5828E-03      -292.429      
                3.58545E-03     -273.754      
                3.5881E-03      -254.045      
                3.59075E-03     -250.369      
                3.5934E-03      -235.685      
                3.59605E-03     -264.551      
                3.5987E-03      -252.014      
                3.60135E-03     -252.194      
                3.604E-03       -279.997      
                3.60665E-03     -303.625      
                3.6093E-03      -284.739      
                3.61195E-03     -252.757      
                3.6146E-03      -227.015      
                3.61725E-03     -250.99       
                3.6199E-03      -289.431      
                3.62255E-03     -283.249      
                3.6252E-03      -231.349      
                3.62785E-03     -271.559      
                3.6305E-03      -287.316      
                3.63315E-03     -283.554      
                3.6358E-03      -301.104      
                3.63845E-03     -341.836      
                3.6411E-03      -263.784      
                3.64375E-03     -276.85       
                3.6464E-03      -284.394      
                3.64905E-03     -282.686      
                3.6517E-03      -217.572      
                3.65435E-03     -196.867      
                3.657E-03       -238.656      
                3.65965E-03     -257.412      
                3.6623E-03      -299.924      
                3.66495E-03     -218.437      
                3.6676E-03      -219.279      
                3.67025E-03     -252.216      
                3.6729E-03      -295.473      
                3.67555E-03     -289.671      
                3.6782E-03      -234.671      
                3.68085E-03     -284.846      
                3.6835E-03      -295.436      
                3.68615E-03     -188.833      
                3.6888E-03      -230.982      
                3.69145E-03     -285.297      
                3.6941E-03      -284.733      
                3.69675E-03     -273.111      
                3.6994E-03      -202.617      
                3.70205E-03     -263.688      
                3.7047E-03      -280.897      
                3.70735E-03     -266.891      
                3.71E-03        -274.648      
                3.71265E-03     -274.3        
                3.7153E-03      -214.005      
                3.71795E-03     -276.858      
                3.7206E-03      -245.867      
                3.72325E-03     -277.876      
                3.7259E-03      -279.746      
                3.72855E-03     -193.495      
                3.7312E-03      -213.879      
                3.73385E-03     -255.803      
                3.7365E-03      -293.577      
                3.73915E-03     -291.325      
                3.7418E-03      -283.07       
                3.74445E-03     -237.899      
                3.7471E-03      -295.728      
                3.74975E-03     -285.192      
                3.7524E-03      -297.634      
                3.75505E-03     -248.78       
                3.7577E-03      -203.498      
                3.76035E-03     -289.063      
                3.763E-03       -291.6        
                3.76565E-03     -311.621      
                3.7683E-03      -210.043      
                3.77095E-03     -259.045      
                3.7736E-03      -254.037      
                3.77625E-03     -271.502      
                3.7789E-03      -296.989      
                3.78155E-03     -269.714      
                3.7842E-03      -259.451      
                3.78685E-03     -274.291      
                3.7895E-03      -168.576      
                3.79215E-03     -284.396      
                3.7948E-03      -277.109      
                3.79745E-03     -263.544      
                3.8001E-03      -193.806      
                3.80275E-03     -251.135      
                3.8054E-03      -257.366      
                3.80805E-03     -262.038      
                3.8107E-03      -277.164      
                3.81335E-03     -280.175      
                3.816E-03       -289.129      
                3.81865E-03     -311.049      
                3.8213E-03      -305.767      
                3.82395E-03     -204.723      
                3.8266E-03      -276.702      
                3.82925E-03     -292.693      
                3.8319E-03      -286.928      
                3.83455E-03     -301.729      
                3.8372E-03      -279.622      
                3.83985E-03     -286.287      
                3.8425E-03      -240.677      
                3.84515E-03     -271.163      
                3.8478E-03      -283.387      
                3.85045E-03     -283.602      
                3.8531E-03      -286.575      
                3.85575E-03     -241.456      
                3.8584E-03      -265.868      
                3.86105E-03     -281.182      
                3.8637E-03      -297.256      
                3.86635E-03     -236.883      
                3.869E-03       -243.622      
                3.87165E-03     -269.423      
                3.8743E-03      -298.58       
                3.87695E-03     -291.289      
                3.8796E-03      -274.434      
                3.88225E-03     -258.778      
                3.8849E-03      -290.244      
                3.88755E-03     -287.683      
                3.8902E-03      -295.541      
                3.89285E-03     -251.547      
                3.8955E-03      -277.24       
                3.89815E-03     -289.954      
                3.9008E-03      -296.297      
                3.90345E-03     -293.811      
                3.9061E-03      -298.866      
                3.90875E-03     -290.101      
                3.9114E-03      -287.408      
                3.91405E-03     -249.911      
                3.9167E-03      -290.819      
                3.91935E-03     -317.344      
                3.922E-03       -303.163      
                3.92465E-03     -298.108      
                3.9273E-03      -291.533      
                3.92995E-03     -302.078      
                3.9326E-03      -281.963      
                3.93525E-03     -292.448      
                3.9379E-03      -215.717      
                3.94055E-03     -270.457      
                3.9432E-03      -307.77       
                3.94585E-03     -251.918      
                3.9485E-03      -285.978      
                3.95115E-03     -290.18       
                3.9538E-03      -282.944      
                3.95645E-03     -252.96       
                3.9591E-03      -299.301      
                3.96175E-03     -191.134      
                3.9644E-03      -205.951      
                3.96705E-03     -288.936      
                3.9697E-03      -294.323      
                3.97235E-03     -313.053      
                3.975E-03       -293.817      
                3.97765E-03     -258.564      
                3.9803E-03      -278.478      
                3.98295E-03     -296.333      
                3.9856E-03      -246.352      
                3.98825E-03     -292.694      
                3.9909E-03      -281.121      
                3.99355E-03     -267.166      
                3.9962E-03      -286.205      
                3.99885E-03     -315.271      
                4.0015E-03      -318.971      
                4.00415E-03     -282.502      
                4.0068E-03      -306.628      
                4.00945E-03     -294.99       
                4.0121E-03      -303.057      
                4.01475E-03     -291.355      
                4.0174E-03      -316.981      
                4.02005E-03     -287.195      
                4.0227E-03      -217.976      
                4.02535E-03     -211.833      
                4.028E-03       -252.638      
                4.03065E-03     -283.623      
                4.0333E-03      -283.502      
                4.03595E-03     -235.713      
                4.0386E-03      -261.983      
                4.04125E-03     -232.285      
                4.0439E-03      -291.034      
                4.04655E-03     -303.221      
                4.0492E-03      -268.127      
                4.05185E-03     -235.218      
                4.0545E-03      -229.249      
                4.05715E-03     -261.285      
                4.0598E-03      -276.617      
                4.06245E-03     -167.111      
                4.0651E-03      -233.173      
                4.06775E-03     -269.864      
                4.0704E-03      -270.179      
                4.07305E-03     -269.89       
                4.0757E-03      -169.726      
                4.07835E-03     -247.039      
                4.081E-03       -254.909      
                4.08365E-03     -278.874      
                4.0863E-03      -290.24       
                4.08895E-03     -258.673      
                4.0916E-03      -237.763      
                4.09425E-03     -275.949      
                4.0969E-03      -230.313      
                4.09955E-03     -248.445      
                4.1022E-03      -275.69       
                4.10485E-03     -297.386      
                4.1075E-03      -294.451      
                4.11015E-03     -266.869      
                4.1128E-03      -316.77       
                4.11545E-03     -266.681      
                4.1181E-03      -276.448      
                4.12075E-03     -283.21       
                4.1234E-03      -271.424      
                4.12605E-03     -293.213      
                4.1287E-03      -292.014      
                4.13135E-03     -299.403      
                4.134E-03       -188.724      
                4.13665E-03     -268.497      
                4.1393E-03      -297.273      
                4.14195E-03     -194.957      
                4.1446E-03      -202.2        
                4.14725E-03     -276.381      
                4.1499E-03      -266.215      
                4.15255E-03     -245.988      
                4.1552E-03      -275.419      
                4.15785E-03     -272.99       
                4.1605E-03      -275.759      
                4.16315E-03     -264.975      
                4.1658E-03      -270.986      
                4.16845E-03     -271.555      
                4.1711E-03      -278.194      
                4.17375E-03     -279.515      
                4.1764E-03      -309.027      
                4.17905E-03     -261.938      
                4.1817E-03      -318.237      
                4.18435E-03     -280.036      
                4.187E-03       -307.206      
                4.18965E-03     -264.928      
                4.1923E-03      -284.504      
                4.19495E-03     -227.377      
                4.1976E-03      -229.921      
                4.20025E-03     -286.481      
                4.2029E-03      -290.131      
                4.20555E-03     -285.465      
                4.2082E-03      -285.791      
                4.21085E-03     -281.797      
                4.2135E-03      -288.372      
                4.21615E-03     -249.294      
                4.2188E-03      -268.012      
                4.22145E-03     -280.899      
                4.2241E-03      -289.069      
                4.22675E-03     -281.136      
                4.2294E-03      -278.335      
                4.23205E-03     -269.844      
                4.2347E-03      -304.54       
                4.23735E-03     -248.541      
                4.24E-03        -266.871      
                4.24265E-03     -281.559      
                4.2453E-03      -279.546      
                4.24795E-03     -288.79       
                4.2506E-03      -199.628      
                4.25325E-03     -248.079      
                4.2559E-03      -286.16       
                4.25855E-03     -267.251      
                4.2612E-03      -270.604      
                4.26385E-03     -291.114      
                4.2665E-03      -279.197      
                4.26915E-03     -288.284      
                4.2718E-03      -271.791      
                4.27445E-03     -285.808      
                4.2771E-03      -261.05       
                4.27975E-03     -221.919      
                4.2824E-03      -287.773      
                4.28505E-03     -267.858      
                4.2877E-03      -290.917      
                4.29035E-03     -235.316      
                4.293E-03       -285.899      
                4.29565E-03     -329.493      
                4.2983E-03      -296.983      
                4.30095E-03     -261.632      
                4.3036E-03      -253.278      
                4.30625E-03     -283.87       
                4.3089E-03      -137.755      
                4.31155E-03     -204.115      
                4.3142E-03      -181.47       
                4.31685E-03     -206.41       
                4.3195E-03      -248.833      
                4.32215E-03     -213.935      
                4.3248E-03      -301.525      
                4.32745E-03     -231.966      
                4.3301E-03      -248.697      
                4.33275E-03     -223.091      
                4.3354E-03      -172.255      
                4.33805E-03     -247.625      
                4.3407E-03      -234.796      
                4.34335E-03     -149.654      
                4.346E-03       -196.753      
                4.34865E-03     -222.953      
                4.3513E-03      -194.673      
                4.35395E-03     -215.742      
                4.3566E-03      -250.369      
                4.35925E-03     -270.369      
                4.3619E-03      -206.888      
                4.36455E-03     -264.393      
                4.3672E-03      -279.754      
                4.36985E-03     -178.922      
                4.3725E-03      -219.115      
                4.37515E-03     -279.255      
                4.3778E-03      -262.57       
                4.38045E-03     -319.444      
                4.3831E-03      -280.461      
                4.38575E-03     -244.958      
                4.3884E-03      -257.298      
                4.39105E-03     -234.234      
                4.3937E-03      -256.097      
                4.39635E-03     -269.896      
                4.399E-03       -277.756      
                4.40165E-03     -267.687      
                4.4043E-03      -259.25       
                4.40695E-03     -281.111      
                4.4096E-03      -276.076      
                4.41225E-03     -275.943      
                4.4149E-03      -283.501      
                4.41755E-03     -297.072      
                4.4202E-03      -294.365      
                4.42285E-03     -282.344      
                4.4255E-03      -174.281      
                4.42815E-03     -296.458      
                4.4308E-03      -231.096      
                4.43345E-03     -279.733      
                4.4361E-03      -328.171      
                4.43875E-03     -291.675      
                4.4414E-03      -278.184      
                4.44405E-03     -267.722      
                4.4467E-03      -224.412      
                4.44935E-03     -243.467      
                4.452E-03       -256.461      
                4.45465E-03     -226.245      
                4.4573E-03      -245.845      
                4.45995E-03     -230.432      
                4.4626E-03      -258.329      
                4.46525E-03     -241.7        
                4.4679E-03      -260.995      
                4.47055E-03     -234.489      
                4.4732E-03      -235.567      
                4.47585E-03     -293.492      
                4.4785E-03      -241.078      
                4.48115E-03     -242.275      
                4.4838E-03      -280.174      
                4.48645E-03     -252.287      
                4.4891E-03      -231.956      
                4.49175E-03     -235.383      
                4.4944E-03      -236.822      
                4.49705E-03     -246.357      
                4.4997E-03      -155.848      
                4.50235E-03     -246.948      
                4.505E-03       -240.637      
                4.50765E-03     -235.018      
                4.5103E-03      -229.618      
                4.51295E-03     -231.232      
                4.5156E-03      -245.701      
                4.51825E-03     -237.651      
                4.5209E-03      -226.566      
                4.52355E-03     -234.917      
                4.5262E-03      -236.429      
                4.52885E-03     -213.355      
                4.5315E-03      -231.047      
                4.53415E-03     -224.523      
                4.5368E-03      -241.238      
                4.53945E-03     -221.499      
                4.5421E-03      -207.408      
                4.54475E-03     -212.087      
                4.5474E-03      -215.594      
                4.55005E-03     -209.828      
                4.5527E-03      -246.825      
                4.55535E-03     -171.247      
                4.558E-03       -203.296      
                4.56065E-03     -198.334      
                4.5633E-03      -343.848      
                4.56595E-03     -215.147      
                4.5686E-03      -214.223      
                4.57125E-03     -208.935      
                4.5739E-03      -225.334      
                4.57655E-03     -217.994      
                4.5792E-03      -209.144      
                4.58185E-03     -193.539      
                4.5845E-03      -231.521      
                4.58715E-03     -177.079      
                4.5898E-03      -206.519      
                4.59245E-03     -213.164      
                4.5951E-03      -212.221      
                4.59775E-03     -215.958      
                4.6004E-03      -223.026      
                4.60305E-03     -225.323      
                4.6057E-03      -212.682      
                4.60835E-03     -211.488      
                4.611E-03       -175.557      
                4.61365E-03     -202.834      
                4.6163E-03      -202.882      
                4.61895E-03     -226.725      
                4.6216E-03      -210.947      
                4.62425E-03     -150.37       
                4.6269E-03      -213.93       
                4.62955E-03     -208.157      
                4.6322E-03      -211.71       
                4.63485E-03     -206.741      
                4.6375E-03      -154.657      
                4.64015E-03     -128.269      
                4.6428E-03      -178.48       
                4.64545E-03     -201.111      
                4.6481E-03      -202.035      
                4.65075E-03     -194.111      
                4.6534E-03      -217.606      
                4.65605E-03     -217.804      
                4.6587E-03      -195.502      
                4.66135E-03     -192.011      
                4.664E-03       -196.227      
                4.66665E-03     -208.987      
                4.6693E-03      -178.228      
                4.67195E-03     -200.663      
                4.6746E-03      -194.92       
                4.67725E-03     -199.671      
                4.6799E-03      -131.52       
                4.68255E-03     -133.357      
                4.6852E-03      -150.053      
                4.68785E-03     -179.498      
                4.6905E-03      -192.034      
                4.69315E-03     -201.034      
                4.6958E-03      -191.938      
                4.69845E-03     -200.283      
                4.7011E-03      -202.705      
                4.70375E-03     -189.317      
                4.7064E-03      -194.821      
                4.70905E-03     -187.749      
                4.7117E-03      -188.459      
                4.71435E-03     -194.914      
                4.717E-03       -189.675      
                4.71965E-03     -185.003      
                4.7223E-03      -202.514      
                4.72495E-03     -173.316      
                4.7276E-03      -186.601      
                4.73025E-03     -189.068      
                4.7329E-03      -184.79       
                4.73555E-03     -180.784      
                4.7382E-03      -185.965      
                4.74085E-03     -183.372      
                4.7435E-03      -185.766      
                4.74615E-03     -176.84       
                4.7488E-03      -177.686      
                4.75145E-03     -176.192      
                4.7541E-03      -175.894      
                4.75675E-03     -176.494      
                4.7594E-03      -179.761      
                4.76205E-03     -177.067      
                4.7647E-03      -180.216      
                4.76735E-03     -177.001      
                4.77E-03        -166.492      
                4.77265E-03     -146.268      
                4.7753E-03      -169.911      
                4.77795E-03     -176.031      
                4.7806E-03      -171.786      
                4.78325E-03     -176.255      
                4.7859E-03      -175.871      
                4.78855E-03     -181.627      
                4.7912E-03      -167.173      
                4.79385E-03     -182.863      
                4.7965E-03      -172.001      
                4.79915E-03     -168.968      
                4.8018E-03      -173.691      
                4.80445E-03     -167.674      
                4.8071E-03      -181.229      
                4.80975E-03     -174.916      
                4.8124E-03      -166.228      
                4.81505E-03     -172.836      
                4.8177E-03      -170.607      
                4.82035E-03     -169.382      
                4.823E-03       -163.199      
                4.82565E-03     -159.932      
                4.8283E-03      -161.569      
                4.83095E-03     -163.914      
                4.8336E-03      -161.36       
                4.83625E-03     -163.468      
                4.8389E-03      -158.267      
                4.84155E-03     -156.724      
                4.8442E-03      -159.189      
                4.84685E-03     -152.845      
                4.8495E-03      -154.904      
                4.85215E-03     -156.744      
                4.8548E-03      -116.263      
                4.85745E-03     -149.344      
                4.8601E-03      -150.048      
                4.86275E-03     -145.795      
                4.8654E-03      -147.497      
                4.86805E-03     -146.615      
                4.8707E-03      -148.028      
                4.87335E-03     -145.59       
                4.876E-03       -135.699      
                4.87865E-03     -149.86       
                4.8813E-03      -153.24       
                4.88395E-03     -148.854      
                4.8866E-03      -148.454      
                4.88925E-03     -137.935      
                4.8919E-03      -133.439      
                4.89455E-03     -134.515      
                4.8972E-03      -137.42       
                4.89985E-03     -140.458      
                4.9025E-03      -142.091      
                4.90515E-03     -140.757      
                4.9078E-03      -138.538      
                4.91045E-03     -132.389      
                4.9131E-03      -139.817      
                4.91575E-03     -137.893      
                4.9184E-03      -136.105      
                4.92105E-03     -135.856      
                4.9237E-03      -131.995      
                4.92635E-03     -142.894      
                4.929E-03       -133.166      
                4.93165E-03     -138.675      
                4.9343E-03      -137.211      
                4.93695E-03     -133.192      
                4.9396E-03      -134.524      
                4.94225E-03     -138.533      
                4.9449E-03      -131.381      
                4.94755E-03     -135.499      
                4.9502E-03      -136.725      
                4.95285E-03     -127.753      
                4.9555E-03      -134.707      
                4.95815E-03     -132.686      
                4.9608E-03      -102.517      
                4.96345E-03     -106.113      
                4.9661E-03      -121.97       
                4.96875E-03     -115.675      
                4.9714E-03      -110.204      
                4.97405E-03     -118.146      
                4.9767E-03      -128.497      
                4.97935E-03     -120.264      
                4.982E-03       -115.499      
                4.98465E-03     -118.804      
                4.9873E-03      -117.163      
                4.98995E-03     -116.735      
                4.9926E-03      -120.07       
                4.99525E-03     -129.979      
                4.9979E-03      -113.649      
                5.00055E-03     -118.991      
                5.0032E-03      -118.66       
                5.00585E-03     -113.676      
                5.0085E-03      -124.647      
                5.01115E-03     -118.294      
                5.0138E-03      -115.789      
                5.01645E-03     -114.102      
                5.0191E-03      -127.021      
                5.02175E-03     -111.539      
                5.0244E-03      -118.731      
                5.02705E-03     -121.223      
                5.0297E-03      -112.277      
                5.03235E-03     -114.921      
                5.035E-03       -112.075      
                5.03765E-03     -114.115      
                5.0403E-03      -108.29       
                5.04295E-03     -108.997      
                5.0456E-03      -112.129      
                5.04825E-03     -111.792      
                5.0509E-03      -115.895      
                5.05355E-03     -117.387      
                5.0562E-03      -110.264      
                5.05885E-03     -108.338      
                5.0615E-03      -106.907      
                5.06415E-03      -95.0964     
                5.0668E-03      -108.678      
                5.06945E-03     -103.462      
                5.0721E-03      -103.973      
                5.07475E-03     -104.475      
                5.0774E-03      -111.92       
                5.08005E-03      -95.2141     
                5.0827E-03       -94.6503     
                5.08535E-03      -87.0372     
                5.088E-03        -98.3173     
                5.09065E-03      -99.0847     
                5.0933E-03      -105.241      
                5.09595E-03     -109.179      
                5.0986E-03       -98.0695     
                5.10125E-03      -58.9145     
                5.1039E-03       -70.4443     
                5.10655E-03      -83.1997     
                5.1092E-03       -77.5298     
                5.11185E-03      -76.8222     
                5.1145E-03       -94.9847     
                5.11715E-03      -99.8558     
                5.1198E-03       -88.4091     
                5.12245E-03      -85.7583     
                5.1251E-03       -92.9389     
                5.12775E-03      -84.3559     
                5.1304E-03       -75.1239     
                5.13305E-03      -88.4653     
                5.1357E-03       -96.4653     
                5.13835E-03      -91.997      
                5.141E-03        -91.5258     
                5.14365E-03      -96.5483     
                5.1463E-03       -96.1193     
                5.14895E-03      -87.5059     
                5.1516E-03       -91.8645     
                5.15425E-03      -87.5552     
                5.1569E-03       -85.4336     
                5.15955E-03      -82.0373     
                5.1622E-03       -89.9866     
                5.16485E-03      -92.3843     
                5.1675E-03       -87.3283     
                5.17015E-03      -89.6049     
                5.1728E-03       -89.4579     
                5.17545E-03      -86.8282     
                5.1781E-03       -80.6176     
                5.18075E-03      -81.6067     
                5.1834E-03       -82.8799     
                5.18605E-03      -81.8836     
                5.1887E-03       -77.7833     
                5.19135E-03      -83.4096     
                5.194E-03        -87.2998     
                5.19665E-03      -86.351      
                5.1993E-03       -83.9952     
                5.20195E-03      -62.963      
                5.2046E-03       -63.5959     
                5.20725E-03      -70.6423     
                5.2099E-03       -78.3026     
                5.21255E-03      -68.317      
                5.2152E-03       -79.1585     
                5.21785E-03      -74.079      
                5.2205E-03       -74.643      
                5.22315E-03      -75.5021     
                5.2258E-03       -76.3906     
                5.22845E-03      -63.606      
                5.2311E-03       -66.2945     
                5.23375E-03      -64.0723     
                5.2364E-03       -66.2009     
                5.23905E-03      -73.0853     
                5.2417E-03       -59.1688     
                5.24435E-03      -64.8163     
                5.247E-03        -63.2765     
                5.24965E-03      -60.669      
                5.2523E-03       -72.3126     
                5.25495E-03      -40.4658     
                5.2576E-03       -44.9798     
                5.26025E-03      -53.287      
                5.2629E-03       -49.7868     
                5.26555E-03      -55.1759     
                5.2682E-03       -54.8332     
                5.27085E-03      -58.0918     
                5.2735E-03       -52.7439     
                5.27615E-03      -56.9309     
                5.2788E-03       -65.2399     
                5.28145E-03      -40.6285     
                5.2841E-03       -44.8679     
                5.28675E-03      -44.0695     
                5.2894E-03       -52.0598     
                5.29205E-03      -54.7753     
                5.2947E-03       -67.8693     
                5.29735E-03      -58.713      
                5.3E-03          -70.6322     




