
                  X               _temp_4     

                0.                 0.         
                2.65115E-06      -30.9011     
                5.30057E-06        7.75513    
                7.95002E-06       32.6967     
               10.6015E-06      -114.797      
               13.2513E-06        84.2865     
               15.901E-06       -112.059      
               18.5508E-06       -35.5111     
               21.2006E-06       -11.4479     
               23.8503E-06      -114.751      
               26.5001E-06       -13.2132     
               29.1516E-06       -74.5949     
               31.8E-06          -50.7868     
               34.4505E-06       -66.4252     
               37.101E-06        -31.7874     
               39.7515E-06       -90.3909     
               42.4002E-06       -52.5196     
               45.0507E-06       -57.642      
               47.7012E-06      -108.364      
               50.3516E-06       -35.5726     
               53.0004E-06      -102.781      
               55.6509E-06       -71.3934     
               58.3013E-06       -78.2564     
               60.9501E-06       -97.0624     
               63.6007E-06       -85.1454     
               66.2515E-06       -92.048      
               68.9005E-06       -89.2006     
               71.5513E-06      -100.308      
               74.2003E-06       -78.1271     
               76.8511E-06      -109.496      
               79.5001E-06       -84.9886     
               82.1509E-06       -98.9047     
               84.8017E-06      -106.039      
               87.4507E-06       -89.9874     
               90.1015E-06      -108.875      
               92.7505E-06       -97.0968     
               95.4013E-06      -108.217      
               98.0503E-06      -108.103      
              100.701E-06       -116.846      
              103.35E-06        -113.861      
              106.001E-06       -122.485      
              108.652E-06       -122.92       
              111.301E-06       -120.087      
              113.951E-06       -131.815      
              116.601E-06       -118.15       
              119.251E-06       -126.318      
              121.9E-06         -118.308      
              124.551E-06       -124.17       
              127.2E-06         -131.365      
              129.851E-06       -133.974      
              132.502E-06       -137.451      
              135.152E-06        -74.4549     
              137.801E-06        -78.8538     
              140.451E-06        -99.884      
              143.1E-06         -123.769      
              145.751E-06       -140.554      
              148.4E-06         -148.092      
              151.051E-06       -154.175      
              153.7E-06         -153.729      
              156.351E-06       -157.756      
              159.002E-06       -156.476      
              161.651E-06       -164.563      
              164.301E-06       -169.773      
              166.952E-06       -166.783      
              169.601E-06       -168.308      
              172.252E-06       -158.286      
              174.9E-06         -160.829      
              177.551E-06       -162.4        
              180.201E-06       -135.052      
              182.851E-06       -137.981      
              185.501E-06       -142.334      
              188.151E-06       -144.335      
              190.801E-06       -148.294      
              193.45E-06        -152.534      
              196.1E-06         -157.982      
              198.751E-06       -165.505      
              201.401E-06       -173.482      
              204.051E-06       -128.678      
              206.701E-06       -109.9        
              209.35E-06         -92.2422     
              212.001E-06       -129.661      
              214.65E-06        -151.829      
              217.301E-06       -168.774      
              219.95E-06        -173.367      
              222.601E-06       -140.211      
              225.252E-06       -158.802      
              227.901E-06       -165.385      
              230.55E-06        -101.292      
              233.2E-06         -145.17       
              235.85E-06        -155.67       
              238.501E-06       -131.609      
              241.152E-06       -140.925      
              243.801E-06       -159.988      
              246.451E-06       -162.759      
              249.101E-06       -166.216      
              251.751E-06       -175.446      
              254.401E-06       -153.221      
              257.051E-06       -125.106      
              259.701E-06       -114.613      
              262.351E-06       -131.536      
              265.E-06          -140.529      
              267.651E-06       -149.693      
              270.3E-06         -122.735      
              272.951E-06       -144.748      
              275.6E-06         -154.861      
              278.251E-06       -163.941      
              280.902E-06       -168.823      
              283.551E-06       -167.497      
              286.201E-06       -175.384      
              288.85E-06        -176.84       
              291.501E-06       -180.186      
              294.15E-06        -117.258      
              296.801E-06       -136.018      
              299.45E-06        -149.114      
              302.101E-06       -143.178      
              304.752E-06       -104.195      
              307.401E-06       -127.493      
              310.051E-06       -146.385      
              312.7E-06         -160.284      
              315.35E-06        -110.573      
              318.E-06          -126.922      
              320.651E-06       -146.144      
              323.301E-06       -164.095      
              325.951E-06       -123.475      
              328.601E-06       -158.423      
              331.251E-06       -129.961      
              333.902E-06       -146.152      
              336.551E-06       -121.442      
              339.202E-06       -127.761      
              341.851E-06       -123.708      
              344.501E-06       -145.475      
              347.15E-06        -114.671      
              349.801E-06       -130.868      
              352.45E-06        -153.042      
              355.101E-06       -165.259      
              357.751E-06       -109.896      
              360.4E-06         -145.076      
              363.051E-06       -160.526      
              365.7E-06         -114.986      
              368.351E-06       -121.06       
              371.001E-06       -150.023      
              373.651E-06       -165.286      
              376.301E-06       -129.219      
              378.951E-06       -126.163      
              381.601E-06       -147.649      
              384.25E-06        -158.9        
              386.9E-06         -114.811      
              389.55E-06        -136.129      
              392.2E-06         -151.125      
              394.851E-06       -109.863      
              397.501E-06       -129.954      
              400.151E-06       -132.495      
              402.801E-06       -150.448      
              405.451E-06       -117.454      
              408.101E-06       -143.365      
              410.75E-06        -154.874      
              413.401E-06       -164.274      
              416.05E-06        -130.323      
              418.701E-06       -103.586      
              421.351E-06       -131.202      
              424.001E-06       -150.338      
              426.651E-06       -157.639      
              429.301E-06       -166.488      
              431.951E-06       -166.8        
              434.6E-06          -96.8611     
              437.251E-06       -125.207      
              439.9E-06         -124.563      
              442.551E-06       -133.625      
              445.2E-06         -164.537      
              447.851E-06       -172.466      
              450.501E-06       -181.476      
              453.15E-06        -112.332      
              455.8E-06         -133.373      
              458.45E-06        -151.275      
              461.101E-06       -110.762      
              463.75E-06        -130.265      
              466.401E-06       -148.865      
              469.05E-06        -155.073      
              471.701E-06       -158.001      
              474.351E-06       -146.955      
              477.001E-06       -162.046      
              479.65E-06        -129.081      
              482.301E-06       -141.642      
              484.95E-06        -150.171      
              487.601E-06       -153.549      
              490.25E-06        -110.61       
              492.901E-06       -123.307      
              495.55E-06        -131.57       
              498.201E-06       -148.395      
              500.85E-06        -154.424      
              503.501E-06       -138.518      
              506.15E-06        -117.258      
              508.801E-06       -136.376      
              511.451E-06       -152.489      
              514.102E-06       -157.12       
              516.75E-06        -123.225      
              519.401E-06       -125.838      
              522.051E-06       -131.869      
              524.701E-06       -145.561      
              527.351E-06       -128.054      
              530.002E-06       -145.256      
              532.65E-06        -152.462      
              535.3E-06         -137.157      
              537.95E-06        -148.472      
              540.601E-06       -150.12       
              543.251E-06       -129.373      
              545.901E-06       -136.196      
              548.552E-06       -145.976      
              551.2E-06         -142.217      
              553.85E-06        -143.478      
              556.5E-06         -107.85       
              559.15E-06        -137.245      
              561.8E-06         -145.46       
              564.451E-06       -128.567      
              567.1E-06         -142.736      
              569.75E-06        -144.581      
              572.401E-06       -152.524      
              575.052E-06       -135.494      
              577.701E-06       -123.07       
              580.351E-06       -146.742      
              583.001E-06       -151.778      
              585.65E-06        -154.818      
              588.301E-06       -133.751      
              590.951E-06       -150.351      
              593.601E-06       -153.919      
              596.251E-06       -120.486      
              598.901E-06       -140.68       
              601.552E-06       -150.692      
              604.201E-06       -140.673      
              606.85E-06        -150.02       
              609.501E-06       -146.576      
              612.152E-06       -150.659      
              614.801E-06       -135.938      
              617.451E-06       -144.348      
              620.1E-06         -151.172      
              622.751E-06       -117.832      
              625.4E-06         -125.555      
              628.051E-06       -139.45       
              630.7E-06         -152.274      
              633.351E-06       -110.14       
              636.E-06          -129.542      
              638.651E-06        -96.5014     
              641.3E-06         -121.968      
              643.951E-06       -134.2        
              646.602E-06       -139.127      
              649.251E-06       -131.927      
              651.901E-06       -102.916      
              654.55E-06        -111.602      
              657.201E-06       -115.48       
              659.85E-06         -67.0887     
              662.501E-06        -94.6614     
              665.15E-06        -114.478      
              667.801E-06       -124.965      
              670.452E-06       -112.444      
              673.101E-06       -106.93       
              675.751E-06       -117.613      
              678.4E-06         -131.697      
              681.051E-06       -124.933      
              683.7E-06         -132.314      
              686.351E-06       -127.889      
              689.E-06          -134.845      
              691.651E-06       -150.258      
              694.302E-06       -105.994      
              696.951E-06       -123.553      
              699.6E-06          -86.5151     
              702.251E-06        -78.5518     
              704.9E-06         -102.259      
              707.551E-06       -122.773      
              710.201E-06        -89.1911     
              712.85E-06         -46.0151     
              715.501E-06        -47.6994     
              718.151E-06        -78.7526     
              720.8E-06          -88.2063     
              723.452E-06        -95.1423     
              726.101E-06       -123.736      
              728.751E-06       -110.128      
              731.401E-06        -63.3371     
              734.052E-06       -125.213      
              736.701E-06       -146.192      
              739.351E-06       -142.194      
              742.E-06          -139.716      
              744.651E-06       -168.922      
              747.3E-06         -107.934      
              749.95E-06         -44.3919     
              752.601E-06        -63.188      
              755.25E-06        -108.604      
              757.901E-06       -141.981      
              760.552E-06       -159.8        
              763.201E-06        -92.0886     
              765.851E-06        -95.8816     
              768.5E-06         -137.909      
              771.151E-06       -129.405      
              773.8E-06         -145.537      
              776.451E-06       -166.618      
              779.1E-06         -134.636      
              781.751E-06       -158.448      
              784.402E-06        -98.5054     
              787.051E-06        -98.6147     
              789.701E-06       -124.037      
              792.35E-06        -148.944      
              795.001E-06       -146.9        
              797.65E-06        -116.93       
              800.301E-06       -152.389      
              802.95E-06        -105.884      
              805.601E-06       -121.545      
              808.252E-06       -137.689      
              810.901E-06       -142.012      
              813.551E-06       -149.349      
              816.2E-06         -149.619      
              818.851E-06       -159.476      
              821.5E-06          -54.3232     
              824.151E-06        -92.8024     
              826.8E-06         -117.761      
              829.451E-06       -134.821      
              832.102E-06       -154.667      
              834.751E-06       -125.981      
              837.401E-06       -148.082      
              840.05E-06         -81.2379     
              842.701E-06       -108.302      
              845.35E-06        -154.957      
              848.001E-06       -155.444      
              850.65E-06        -140.991      
              853.301E-06       -133.9        
              855.952E-06       -168.767      
              858.601E-06       -191.516      
              861.251E-06        -76.2066     
              863.9E-06         -124.629      
              866.551E-06       -136.363      
              869.202E-06       -164.384      
              871.851E-06       -176.763      
              874.501E-06       -171.953      
              877.151E-06        -71.5346     
              879.801E-06       -128.754      
              882.45E-06        -155.922      
              885.101E-06       -159.787      
              887.75E-06        -161.389      
              890.401E-06       -161.798      
              893.052E-06       -163.207      
              895.701E-06        -84.186      
              898.352E-06       -130.219      
              901.E-06          -121.947      
              903.651E-06       -149.291      
              906.3E-06         -158.501      
              908.951E-06        -90.1251     
              911.6E-06         -119.324      
              914.251E-06       -146.999      
              916.902E-06       -145.909      
              919.551E-06       -174.21       
              922.202E-06       -172.169      
              924.851E-06       -179.702      
              927.501E-06       -101.856      
              930.15E-06        -127.448      
              932.801E-06       -143.176      
              935.45E-06        -153.624      
              938.101E-06        -93.0664     
              940.752E-06       -103.101      
              943.401E-06       -135.949      
              946.051E-06       -149.417      
              948.701E-06       -161.241      
              951.351E-06       -170.361      
              954.E-06          -168.883      
              956.651E-06       -162.447      
              959.3E-06         -120.813      
              961.951E-06       -105.6        
              964.6E-06         -133.201      
              967.251E-06       -111.417      
              969.901E-06       -119.757      
              972.551E-06       -133.412      
              975.201E-06       -103.321      
              977.85E-06        -120.274      
              980.501E-06       -126.88       
              983.15E-06        -132.625      
              985.801E-06       -133.795      
              988.452E-06       -143.31       
              991.101E-06       -131.79       
              993.751E-06       -138.892      
              996.4E-06         -108.588      
              999.051E-06       -106.824      
                1.0017E-03      -123.357      
                1.00435E-03     -135.897      
                1.007E-03       -112.592      
                1.00965E-03      -98.7983     
                1.0123E-03      -120.08       
                1.01495E-03     -131.923      
                1.0176E-03      -100.465      
                1.02025E-03      -84.0849     
                1.0229E-03       -99.2935     
                1.02555E-03     -113.452      
                1.0282E-03      -113.118      
                1.03085E-03     -114.411      
                1.0335E-03      -106.378      
                1.03615E-03      -85.0494     
                1.0388E-03       -88.0957     
                1.04145E-03      -98.1258     
                1.0441E-03      -105.886      
                1.04675E-03     -101.992      
                1.0494E-03      -118.601      
                1.05205E-03     -121.01       
                1.0547E-03      -118.014      
                1.05735E-03     -101.435      
                1.06E-03         -60.2207     
                1.06265E-03      -84.3224     
                1.0653E-03      -106.001      
                1.06795E-03     -118.145      
                1.0706E-03      -125.42       
                1.07325E-03     -119.811      
                1.0759E-03      -125.614      
                1.07855E-03     -132.705      
                1.0812E-03      -143.45       
                1.08385E-03     -141.982      
                1.0865E-03      -142.875      
                1.08915E-03     -125.076      
                1.0918E-03      -136.703      
                1.09445E-03     -144.702      
                1.0971E-03      -129.709      
                1.09975E-03     -123.133      
                1.1024E-03      -140.195      
                1.10505E-03     -127.365      
                1.1077E-03      -132.771      
                1.11035E-03     -135.31       
                1.113E-03       -150.762      
                1.11565E-03     -135.805      
                1.1183E-03      -121.969      
                1.12095E-03     -139.973      
                1.1236E-03      -142.597      
                1.12625E-03     -145.701      
                1.1289E-03      -145.358      
                1.13155E-03     -148.586      
                1.1342E-03      -115.087      
                1.13685E-03      -89.0891     
                1.1395E-03      -109.943      
                1.14215E-03     -140.954      
                1.1448E-03      -146.24       
                1.14745E-03     -117.877      
                1.1501E-03       -81.0139     
                1.15275E-03      -90.0735     
                1.1554E-03      -100.279      
                1.15805E-03     -106.652      
                1.1607E-03       -93.7852     
                1.16335E-03     -135.725      
                1.166E-03       -123.696      
                1.16865E-03     -124.549      
                1.1713E-03       -96.1198     
                1.17395E-03     -109.225      
                1.1766E-03      -125.296      
                1.17925E-03     -103.833      
                1.1819E-03       -99.5831     
                1.18455E-03      -89.7518     
                1.1872E-03       -72.2437     
                1.18985E-03     -100.514      
                1.1925E-03      -119.872      
                1.19515E-03     -127.741      
                1.1978E-03      -113.201      
                1.20045E-03     -132.827      
                1.2031E-03      -142.378      
                1.20575E-03     -147.342      
                1.2084E-03      -128.324      
                1.21105E-03      -53.1553     
                1.2137E-03       -69.6283     
                1.21635E-03     -100.044      
                1.219E-03       -123.051      
                1.22165E-03     -109.369      
                1.2243E-03      -128.325      
                1.22695E-03     -132.917      
                1.2296E-03      -129.832      
                1.23225E-03     -136.951      
                1.2349E-03      -146.813      
                1.23755E-03     -153.531      
                1.2402E-03       -91.3124     
                1.24285E-03      -88.6626     
                1.2455E-03      -117.586      
                1.24815E-03     -141.408      
                1.2508E-03      -149.37       
                1.25345E-03      -96.5857     
                1.2561E-03      -117.887      
                1.25875E-03     -134.527      
                1.2614E-03      -141.971      
                1.26405E-03     -156.279      
                1.2667E-03      -141.173      
                1.26935E-03     -146.695      
                1.272E-03       -155.592      
                1.27465E-03     -161.076      
                1.2773E-03      -162.712      
                1.27995E-03     -134.188      
                1.2826E-03      -145.033      
                1.28525E-03     -149.416      
                1.2879E-03      -142.947      
                1.29055E-03     -149.163      
                1.2932E-03      -126.         
                1.29585E-03     -121.43       
                1.2985E-03      -141.314      
                1.30115E-03     -139.949      
                1.3038E-03      -136.922      
                1.30645E-03     -134.951      
                1.3091E-03      -143.381      
                1.31175E-03     -125.628      
                1.3144E-03      -122.423      
                1.31705E-03     -121.054      
                1.3197E-03      -134.958      
                1.32235E-03     -148.25       
                1.325E-03       -152.437      
                1.32765E-03     -141.518      
                1.3303E-03      -142.711      
                1.33295E-03     -148.861      
                1.3356E-03      -153.758      
                1.33825E-03     -124.361      
                1.3409E-03      -133.293      
                1.34355E-03     -123.881      
                1.3462E-03      -145.518      
                1.34885E-03     -159.111      
                1.3515E-03      -133.579      
                1.35415E-03     -142.138      
                1.3568E-03      -149.641      
                1.35945E-03     -167.474      
                1.3621E-03      -112.619      
                1.36475E-03     -118.534      
                1.3674E-03      -139.005      
                1.37005E-03     -152.952      
                1.3727E-03      -153.877      
                1.37535E-03     -150.957      
                1.378E-03       -133.768      
                1.38065E-03     -141.387      
                1.3833E-03      -153.315      
                1.38595E-03     -169.046      
                1.3886E-03      -138.12       
                1.39125E-03     -146.829      
                1.3939E-03      -164.551      
                1.39655E-03     -174.967      
                1.3992E-03      -152.743      
                1.40185E-03     -133.808      
                1.4045E-03      -154.532      
                1.40715E-03     -168.691      
                1.4098E-03      -145.228      
                1.41245E-03     -160.767      
                1.4151E-03       -97.4017     
                1.41775E-03     -153.497      
                1.4204E-03      -164.837      
                1.42305E-03     -174.331      
                1.4257E-03      -115.082      
                1.42835E-03     -115.367      
                1.431E-03       -144.23       
                1.43365E-03     -153.796      
                1.4363E-03      -141.765      
                1.43895E-03     -163.829      
                1.4416E-03      -120.897      
                1.44425E-03     -135.287      
                1.4469E-03      -159.932      
                1.44955E-03     -159.895      
                1.4522E-03      -174.489      
                1.45485E-03     -108.924      
                1.4575E-03      -137.165      
                1.46015E-03     -143.407      
                1.4628E-03      -159.387      
                1.46545E-03     -127.34       
                1.4681E-03      -149.036      
                1.47075E-03     -158.856      
                1.4734E-03       -86.6269     
                1.47605E-03      -97.1386     
                1.4787E-03      -122.348      
                1.48135E-03     -127.517      
                1.484E-03       -153.458      
                1.48665E-03     -165.928      
                1.4893E-03      -170.496      
                1.49195E-03     -132.142      
                1.4946E-03      -141.869      
                1.49725E-03     -108.139      
                1.4999E-03      -100.518      
                1.50255E-03     -131.906      
                1.5052E-03       -74.9086     
                1.50785E-03      -97.392      
                1.5105E-03      -127.971      
                1.51315E-03      -66.9115     
                1.5158E-03      -101.775      
                1.51845E-03     -124.209      
                1.5211E-03      -142.381      
                1.52375E-03     -139.666      
                1.5264E-03      -155.129      
                1.52905E-03      -75.6217     
                1.5317E-03       -76.2711     
                1.53435E-03      -91.9437     
                1.537E-03        -66.3699     
                1.53965E-03      -85.8056     
                1.5423E-03       -92.7792     
                1.54495E-03      -90.6868     
                1.5476E-03       -69.9489     
                1.55025E-03     -100.229      
                1.5529E-03      -116.167      
                1.55555E-03     -102.083      
                1.5582E-03      -114.793      
                1.56085E-03     -107.787      
                1.5635E-03       -95.8301     
                1.56615E-03     -111.179      
                1.5688E-03      -105.03       
                1.57145E-03     -102.244      
                1.5741E-03       -94.9558     
                1.57675E-03      -90.6388     
                1.5794E-03      -112.175      
                1.58205E-03     -119.991      
                1.5847E-03      -135.102      
                1.58735E-03     -126.324      
                1.59E-03        -116.964      
                1.59265E-03     -102.877      
                1.5953E-03      -103.141      
                1.59795E-03     -113.005      
                1.6006E-03       -64.6199     
                1.60325E-03      -53.9235     
                1.6059E-03       -66.1436     
                1.60855E-03      -63.0158     
                1.6112E-03       -72.4826     
                1.61385E-03      -92.082      
                1.6165E-03      -111.384      
                1.61915E-03     -103.862      
                1.6218E-03      -116.043      
                1.62445E-03     -122.395      
                1.6271E-03      -125.655      
                1.62975E-03     -121.278      
                1.6324E-03      -126.697      
                1.63505E-03      -96.2454     
                1.6377E-03      -106.074      
                1.64035E-03     -112.468      
                1.643E-03       -119.212      
                1.64565E-03     -106.659      
                1.6483E-03      -112.829      
                1.65095E-03     -102.566      
                1.6536E-03      -101.378      
                1.65625E-03     -106.129      
                1.6589E-03      -108.495      
                1.66155E-03      -98.8533     
                1.6642E-03       -99.3425     
                1.66685E-03     -102.87       
                1.6695E-03       -94.0009     
                1.67215E-03      -98.418      
                1.6748E-03      -107.099      
                1.67745E-03     -114.752      
                1.6801E-03       -61.4571     
                1.68275E-03      -85.7585     
                1.6854E-03      -103.954      
                1.68805E-03     -106.488      
                1.6907E-03      -116.997      
                1.69335E-03     -103.971      
                1.696E-03       -107.655      
                1.69865E-03     -126.417      
                1.7013E-03      -134.786      
                1.70395E-03     -137.142      
                1.7066E-03      -143.103      
                1.70925E-03     -119.952      
                1.7119E-03      -122.214      
                1.71455E-03     -129.831      
                1.7172E-03      -143.079      
                1.71985E-03     -136.194      
                1.7225E-03      -139.833      
                1.72515E-03     -112.389      
                1.7278E-03      -135.151      
                1.73045E-03     -110.259      
                1.7331E-03      -105.516      
                1.73575E-03      -91.0142     
                1.7384E-03       -93.0943     
                1.74105E-03      -84.1764     
                1.7437E-03       -99.4511     
                1.74635E-03     -120.375      
                1.749E-03       -140.982      
                1.75165E-03     -138.68       
                1.7543E-03      -149.848      
                1.75695E-03     -143.973      
                1.7596E-03      -114.428      
                1.76225E-03     -131.393      
                1.7649E-03      -133.719      
                1.76755E-03     -117.579      
                1.7702E-03       -86.3131     
                1.77285E-03      -83.6104     
                1.7755E-03       -82.6667     
                1.77815E-03     -104.418      
                1.7808E-03      -126.031      
                1.78345E-03      -97.6071     
                1.7861E-03      -108.465      
                1.78875E-03     -119.154      
                1.7914E-03      -140.748      
                1.79405E-03      -80.1901     
                1.7967E-03       -98.6652     
                1.79935E-03      -65.1267     
                1.802E-03        -91.2204     
                1.80465E-03     -123.161      
                1.8073E-03      -128.5        
                1.80995E-03     -135.156      
                1.8126E-03       -49.8853     
                1.81525E-03      -92.1792     
                1.8179E-03      -116.122      
                1.82055E-03     -132.96       
                1.8232E-03      -144.664      
                1.82585E-03     -150.858      
                1.8285E-03      -143.27       
                1.83115E-03      -76.6158     
                1.8338E-03      -117.589      
                1.83645E-03     -133.907      
                1.8391E-03      -112.922      
                1.84175E-03      -64.5852     
                1.8444E-03       -94.2959     
                1.84705E-03     -106.744      
                1.8497E-03      -115.736      
                1.85235E-03     -127.665      
                1.855E-03       -137.941      
                1.85765E-03     -144.123      
                1.8603E-03      -157.319      
                1.86295E-03      -72.3578     
                1.8656E-03       -88.0448     
                1.86825E-03     -125.587      
                1.8709E-03      -135.786      
                1.87355E-03     -150.181      
                1.8762E-03      -153.421      
                1.87885E-03     -148.734      
                1.8815E-03      -141.059      
                1.88415E-03     -143.648      
                1.8868E-03      -154.252      
                1.88945E-03     -101.612      
                1.8921E-03      -112.634      
                1.89475E-03     -127.497      
                1.8974E-03      -137.54       
                1.90005E-03     -145.098      
                1.9027E-03      -144.989      
                1.90535E-03     -132.846      
                1.908E-03       -144.257      
                1.91065E-03     -150.844      
                1.9133E-03      -150.277      
                1.91595E-03     -159.569      
                1.9186E-03      -144.254      
                1.92125E-03     -152.2        
                1.9239E-03      -158.765      
                1.92655E-03     -115.55       
                1.9292E-03      -120.41       
                1.93185E-03      -74.0413     
                1.9345E-03       -56.9535     
                1.93715E-03      -68.6668     
                1.9398E-03       -86.2367     
                1.94245E-03     -110.605      
                1.9451E-03      -122.806      
                1.94775E-03     -135.302      
                1.9504E-03       -77.2352     
                1.95305E-03     -101.087      
                1.9557E-03      -113.833      
                1.95835E-03     -106.532      
                1.961E-03        -81.1886     
                1.96365E-03     -106.619      
                1.9663E-03      -119.819      
                1.96895E-03     -120.259      
                1.9716E-03      -130.428      
                1.97425E-03     -136.015      
                1.9769E-03      -149.883      
                1.97955E-03     -107.596      
                1.9822E-03      -119.514      
                1.98485E-03     -135.947      
                1.9875E-03      -164.175      
                1.99015E-03     -168.2        
                1.9928E-03      -104.772      
                1.99545E-03     -108.883      
                1.9981E-03      -143.283      
                2.00075E-03     -145.305      
                2.0034E-03       -87.0545     
                2.00605E-03     -109.528      
                2.0087E-03      -103.382      
                2.01135E-03     -123.536      
                2.014E-03       -134.135      
                2.01665E-03     -143.684      
                2.0193E-03      -125.969      
                2.02195E-03     -135.473      
                2.0246E-03      -115.726      
                2.02725E-03     -133.947      
                2.0299E-03       -94.3794     
                2.03255E-03      -54.9649     
                2.0352E-03       -85.4351     
                2.03785E-03      -93.6669     
                2.0405E-03      -107.485      
                2.04315E-03     -113.331      
                2.0458E-03       -76.1652     
                2.04845E-03     -109.113      
                2.0511E-03      -101.063      
                2.05375E-03     -122.459      
                2.0564E-03      -135.485      
                2.05905E-03     -105.564      
                2.0617E-03      -123.638      
                2.06435E-03     -118.254      
                2.067E-03       -118.573      
                2.06965E-03     -126.278      
                2.0723E-03      -109.124      
                2.07495E-03     -120.92       
                2.0776E-03       -56.8282     
                2.08025E-03      -75.2463     
                2.0829E-03      -103.019      
                2.08555E-03     -121.326      
                2.0882E-03      -132.054      
                2.09085E-03     -118.266      
                2.0935E-03      -132.758      
                2.09615E-03     -133.18       
                2.0988E-03       -80.529      
                2.10145E-03     -101.989      
                2.1041E-03      -133.774      
                2.10675E-03     -130.152      
                2.1094E-03      -121.133      
                2.11205E-03     -144.083      
                2.1147E-03       -79.254      
                2.11735E-03     -101.595      
                2.12E-03        -122.513      
                2.12265E-03      -82.3287     
                2.1253E-03      -108.426      
                2.12795E-03     -131.084      
                2.1306E-03      -150.791      
                2.13325E-03      -89.4261     
                2.1359E-03      -101.492      
                2.13855E-03     -125.122      
                2.1412E-03      -131.926      
                2.14385E-03     -125.076      
                2.1465E-03      -137.319      
                2.14915E-03      -91.2004     
                2.1518E-03      -112.734      
                2.15445E-03     -146.738      
                2.1571E-03      -149.812      
                2.15975E-03     -136.403      
                2.1624E-03       -99.7734     
                2.16505E-03     -113.871      
                2.1677E-03      -109.484      
                2.17035E-03     -152.76       
                2.173E-03       -139.817      
                2.17565E-03      -92.7575     
                2.1783E-03      -135.559      
                2.18095E-03     -131.934      
                2.1836E-03      -146.726      
                2.18625E-03     -150.05       
                2.1889E-03      -104.463      
                2.19155E-03     -136.526      
                2.1942E-03      -152.419      
                2.19685E-03     -128.068      
                2.1995E-03      -144.199      
                2.20215E-03      -94.8845     
                2.2048E-03      -135.466      
                2.20745E-03     -138.113      
                2.2101E-03      -148.808      
                2.21275E-03     -140.286      
                2.2154E-03       -95.8991     
                2.21805E-03     -142.321      
                2.2207E-03      -149.992      
                2.22335E-03     -148.145      
                2.226E-03       -160.099      
                2.22865E-03     -173.675      
                2.2313E-03      -103.87       
                2.23395E-03     -123.574      
                2.2366E-03      -134.18       
                2.23925E-03     -133.245      
                2.2419E-03       -69.1922     
                2.24455E-03     -103.588      
                2.2472E-03      -129.307      
                2.24985E-03     -137.28       
                2.2525E-03      -149.426      
                2.25515E-03     -153.987      
                2.2578E-03      -159.754      
                2.26045E-03     -157.446      
                2.2631E-03      -143.011      
                2.26575E-03     -165.592      
                2.2684E-03      -105.277      
                2.27105E-03     -136.246      
                2.2737E-03      -140.944      
                2.27635E-03      -88.8431     
                2.279E-03       -108.86       
                2.28165E-03     -131.998      
                2.2843E-03       -63.6183     
                2.28695E-03      -97.1683     
                2.2896E-03      -123.619      
                2.29225E-03     -135.408      
                2.2949E-03      -137.622      
                2.29755E-03     -151.488      
                2.3002E-03      -144.202      
                2.30285E-03     -145.834      
                2.3055E-03      -143.911      
                2.30815E-03     -138.685      
                2.3108E-03      -143.577      
                2.31345E-03     -105.703      
                2.3161E-03      -122.854      
                2.31875E-03     -123.432      
                2.3214E-03      -140.126      
                2.32405E-03     -152.912      
                2.3267E-03      -149.69       
                2.32935E-03      -82.4811     
                2.332E-03       -113.528      
                2.33465E-03     -105.9        
                2.3373E-03      -143.532      
                2.33995E-03     -104.284      
                2.3426E-03      -110.159      
                2.34525E-03      -92.2798     
                2.3479E-03      -117.012      
                2.35055E-03     -119.117      
                2.3532E-03      -150.725      
                2.35585E-03     -119.209      
                2.3585E-03       -90.0422     
                2.36115E-03     -104.915      
                2.3638E-03       -92.3608     
                2.36645E-03     -111.098      
                2.3691E-03      -124.914      
                2.37175E-03     -101.903      
                2.3744E-03       -66.311      
                2.37705E-03      -74.298      
                2.3797E-03      -112.908      
                2.38235E-03     -133.199      
                2.385E-03       -128.889      
                2.38765E-03      -61.1653     
                2.3903E-03       -94.6175     
                2.39295E-03     -121.062      
                2.3956E-03      -138.414      
                2.39825E-03     -135.561      
                2.4009E-03       -81.5893     
                2.40355E-03      -90.8046     
                2.4062E-03      -122.004      
                2.40885E-03     -119.827      
                2.4115E-03      -128.177      
                2.41415E-03      -72.3824     
                2.4168E-03       -93.0163     
                2.41945E-03     -121.4        
                2.4221E-03      -148.448      
                2.42475E-03     -140.675      
                2.4274E-03      -142.741      
                2.43005E-03     -148.498      
                2.4327E-03       -70.1347     
                2.43535E-03     -110.341      
                2.438E-03       -119.54       
                2.44065E-03     -152.82       
                2.4433E-03      -154.851      
                2.44595E-03      -78.6785     
                2.4486E-03      -108.715      
                2.45125E-03     -114.719      
                2.4539E-03      -127.397      
                2.45655E-03     -146.815      
                2.4592E-03      -109.075      
                2.46185E-03     -101.256      
                2.4645E-03      -136.779      
                2.46715E-03     -140.863      
                2.4698E-03      -154.709      
                2.47245E-03     -138.038      
                2.4751E-03       -80.9777     
                2.47775E-03     -111.593      
                2.4804E-03      -147.11       
                2.48305E-03     -169.786      
                2.4857E-03      -166.914      
                2.48835E-03     -155.834      
                2.491E-03       -101.489      
                2.49365E-03     -134.611      
                2.4963E-03      -144.931      
                2.49895E-03     -165.298      
                2.5016E-03      -164.398      
                2.50425E-03     -148.679      
                2.5069E-03       -76.118      
                2.50955E-03     -115.22       
                2.5122E-03      -150.506      
                2.51485E-03     -162.922      
                2.5175E-03      -176.64       
                2.52015E-03     -175.945      
                2.5228E-03      -117.291      
                2.52545E-03     -120.831      
                2.5281E-03      -148.987      
                2.53075E-03     -168.653      
                2.5334E-03       -99.0757     
                2.53605E-03     -116.313      
                2.5387E-03      -127.62       
                2.54135E-03     -162.292      
                2.544E-03       -171.714      
                2.54665E-03      -66.1735     
                2.5493E-03      -110.736      
                2.55195E-03     -138.301      
                2.5546E-03      -158.77       
                2.55725E-03     -107.323      
                2.5599E-03      -137.634      
                2.56255E-03     -131.286      
                2.5652E-03      -146.88       
                2.56785E-03     -116.099      
                2.5705E-03      -124.219      
                2.57315E-03     -153.518      
                2.5758E-03      -182.486      
                2.57845E-03     -114.397      
                2.5811E-03      -132.946      
                2.58375E-03     -158.619      
                2.5864E-03      -173.085      
                2.58905E-03     -168.965      
                2.5917E-03      -104.027      
                2.59435E-03     -119.772      
                2.597E-03       -155.871      
                2.59965E-03     -166.709      
                2.6023E-03      -177.511      
                2.60495E-03     -105.012      
                2.6076E-03       -91.9807     
                2.61025E-03     -148.179      
                2.6129E-03      -163.729      
                2.61555E-03     -164.267      
                2.6182E-03      -162.268      
                2.62085E-03     -113.537      
                2.6235E-03      -107.029      
                2.62615E-03     -135.909      
                2.6288E-03      -153.933      
                2.63145E-03     -149.146      
                2.6341E-03      -167.562      
                2.63675E-03     -100.283      
                2.6394E-03      -102.105      
                2.64205E-03     -146.012      
                2.6447E-03      -158.347      
                2.64735E-03     -165.914      
                2.65E-03        -158.629      
                2.65265E-03     -117.088      
                2.6553E-03      -119.779      
                2.65795E-03     -153.508      
                2.6606E-03      -146.843      
                2.66325E-03     -157.276      
                2.6659E-03      -108.159      
                2.66855E-03     -126.942      
                2.6712E-03      -135.906      
                2.67385E-03     -154.027      
                2.6765E-03      -131.896      
                2.67915E-03     -106.798      
                2.6818E-03      -114.466      
                2.68445E-03     -137.179      
                2.6871E-03      -156.116      
                2.68975E-03      -73.7187     
                2.6924E-03      -109.927      
                2.69505E-03     -122.692      
                2.6977E-03      -147.575      
                2.70035E-03     -130.205      
                2.703E-03        -95.2314     
                2.70565E-03     -139.066      
                2.7083E-03      -135.301      
                2.71095E-03     -142.592      
                2.7136E-03      -152.711      
                2.71625E-03     -100.278      
                2.7189E-03      -103.295      
                2.72155E-03     -115.595      
                2.7242E-03      -130.276      
                2.72685E-03     -125.065      
                2.7295E-03      -108.629      
                2.73215E-03     -105.041      
                2.7348E-03      -129.385      
                2.73745E-03     -135.796      
                2.7401E-03      -150.458      
                2.74275E-03     -117.894      
                2.7454E-03      -114.352      
                2.74805E-03     -130.132      
                2.7507E-03      -141.639      
                2.75335E-03     -162.689      
                2.756E-03       -163.354      
                2.75865E-03     -156.72       
                2.7613E-03      -109.763      
                2.76395E-03     -116.023      
                2.7666E-03      -132.494      
                2.76925E-03     -154.882      
                2.7719E-03      -131.59       
                2.77455E-03     -139.208      
                2.7772E-03      -127.215      
                2.77985E-03     -136.266      
                2.7825E-03      -124.284      
                2.78515E-03     -152.413      
                2.7878E-03      -138.192      
                2.79045E-03      -96.1536     
                2.7931E-03       -97.8097     
                2.79575E-03     -133.646      
                2.7984E-03      -148.884      
                2.80105E-03     -141.6        
                2.8037E-03      -149.949      
                2.80635E-03     -152.077      
                2.809E-03       -127.344      
                2.81165E-03     -140.967      
                2.8143E-03      -153.306      
                2.81695E-03     -102.168      
                2.8196E-03       -93.676      
                2.82225E-03     -104.511      
                2.8249E-03      -117.291      
                2.82755E-03     -151.125      
                2.8302E-03      -131.593      
                2.83285E-03     -116.563      
                2.8355E-03      -131.019      
                2.83815E-03     -129.495      
                2.8408E-03       -83.8843     
                2.84345E-03     -130.651      
                2.8461E-03      -128.597      
                2.84875E-03     -138.341      
                2.8514E-03      -103.588      
                2.85405E-03      -82.9144     
                2.8567E-03      -101.697      
                2.85935E-03     -119.572      
                2.862E-03       -132.64       
                2.86465E-03      -91.6368     
                2.8673E-03      -113.55       
                2.86995E-03      -86.5814     
                2.8726E-03       -89.5344     
                2.87525E-03     -113.916      
                2.8779E-03       -80.4347     
                2.88055E-03     -105.955      
                2.8832E-03      -113.242      
                2.88585E-03     -120.089      
                2.8885E-03       -74.8138     
                2.89115E-03     -101.595      
                2.8938E-03      -114.394      
                2.89645E-03     -123.062      
                2.8991E-03       -75.8283     
                2.90175E-03      -64.8721     
                2.9044E-03       -76.2828     
                2.90705E-03      -77.3327     
                2.9097E-03      -101.06       
                2.91235E-03     -109.686      
                2.915E-03        -84.1789     
                2.91765E-03      -70.3042     
                2.9203E-03       -94.2153     
                2.92295E-03     -120.149      
                2.9256E-03      -131.45       
                2.92825E-03      -87.1272     
                2.9309E-03      -112.773      
                2.93355E-03     -119.299      
                2.9362E-03      -157.648      
                2.93885E-03      -94.1343     
                2.9415E-03      -105.051      
                2.94415E-03     -107.075      
                2.9468E-03      -129.544      
                2.94945E-03     -155.804      
                2.9521E-03       -86.9134     
                2.95475E-03      -70.6244     
                2.9574E-03      -108.081      
                2.96005E-03     -128.627      
                2.9627E-03      -129.457      
                2.96535E-03     -109.106      
                2.968E-03       -105.259      
                2.97065E-03     -119.415      
                2.9733E-03       -87.2155     
                2.97595E-03      -49.0745     
                2.9786E-03      -110.253      
                2.98125E-03     -121.734      
                2.9839E-03      -131.422      
                2.98655E-03     -112.094      
                2.9892E-03       -88.3786     
                2.99185E-03      -94.382      
                2.9945E-03      -133.162      
                2.99715E-03      -94.2958     
                2.9998E-03       -82.3399     
                3.00245E-03      -71.8633     
                3.0051E-03      -119.555      
                3.00775E-03      -87.2216     
                3.0104E-03      -116.705      
                3.01305E-03     -140.513      
                3.0157E-03      -132.259      
                3.01835E-03      -98.5117     
                3.021E-03       -115.376      
                3.02365E-03      -91.3805     
                3.0263E-03       -96.5957     
                3.02895E-03     -123.804      
                3.0316E-03       -99.8989     
                3.03425E-03     -121.569      
                3.0369E-03      -113.041      
                3.03955E-03     -126.438      
                3.0422E-03       -69.0631     
                3.04485E-03     -111.24       
                3.0475E-03      -124.856      
                3.05015E-03     -115.607      
                3.0528E-03      -129.876      
                3.05545E-03     -130.978      
                3.0581E-03      -141.313      
                3.06075E-03      -98.5236     
                3.0634E-03      -122.704      
                3.06605E-03     -124.951      
                3.0687E-03       -99.4026     
                3.07135E-03      -87.8358     
                3.074E-03       -113.106      
                3.07665E-03     -128.117      
                3.0793E-03      -108.635      
                3.08195E-03     -143.919      
                3.0846E-03       -91.0383     
                3.08725E-03      -98.941      
                3.0899E-03      -100.503      
                3.09255E-03     -118.925      
                3.0952E-03       -95.8004     
                3.09785E-03     -124.135      
                3.1005E-03      -118.239      
                3.10315E-03      -95.7202     
                3.1058E-03      -114.105      
                3.10845E-03      -95.7356     
                3.1111E-03       -88.8556     
                3.11375E-03      -88.537      
                3.1164E-03      -101.647      
                3.11905E-03      -93.2441     
                3.1217E-03      -102.779      
                3.12435E-03     -107.582      
                3.127E-03       -115.926      
                3.12965E-03      -99.7379     
                3.1323E-03       -90.3988     
                3.13495E-03      -75.4263     
                3.1376E-03       -98.0542     
                3.14025E-03     -112.876      
                3.1429E-03      -103.646      
                3.14555E-03     -112.229      
                3.1482E-03      -112.114      
                3.15085E-03     -122.068      
                3.1535E-03       -86.1416     
                3.15615E-03      -87.7988     
                3.1588E-03       -93.6526     
                3.16145E-03     -106.294      
                3.1641E-03       -90.3509     
                3.16675E-03     -112.083      
                3.1694E-03      -102.474      
                3.17205E-03     -120.332      
                3.1747E-03      -101.824      
                3.17735E-03      -77.7442     
                3.18E-03         -99.4988     
                3.18265E-03      -97.4503     
                3.1853E-03       -95.6595     
                3.18795E-03     -114.679      
                3.1906E-03       -82.7682     
                3.19325E-03     -107.859      
                3.1959E-03      -105.737      
                3.19855E-03     -105.352      
                3.2012E-03      -108.176      
                3.20385E-03     -101.65       
                3.2065E-03      -106.417      
                3.20915E-03     -102.357      
                3.2118E-03      -111.396      
                3.21445E-03      -86.1998     
                3.2171E-03       -96.1485     
                3.21975E-03     -108.314      
                3.2224E-03      -100.585      
                3.22505E-03      -94.9587     
                3.2277E-03      -111.474      
                3.23035E-03     -115.329      
                3.233E-03       -117.013      
                3.23565E-03      -81.2028     
                3.2383E-03      -104.172      
                3.24095E-03     -125.618      
                3.2436E-03      -122.069      
                3.24625E-03      -71.8974     
                3.2489E-03       -92.6329     
                3.25155E-03     -108.543      
                3.2542E-03      -112.748      
                3.25685E-03     -108.164      
                3.2595E-03      -119.674      
                3.26215E-03      -65.2002     
                3.2648E-03       -75.8156     
                3.26745E-03      -97.2369     
                3.2701E-03       -83.6003     
                3.27275E-03      -98.2032     
                3.2754E-03      -100.103      
                3.27805E-03     -100.081      
                3.2807E-03       -81.4736     
                3.28335E-03     -102.093      
                3.286E-03        -61.3383     
                3.28865E-03      -94.6555     
                3.2913E-03       -62.6686     
                3.29395E-03      -97.0862     
                3.2966E-03       -97.2699     
                3.29925E-03      -81.052      
                3.3019E-03      -102.997      
                3.30455E-03      -96.8074     
                3.3072E-03       -60.7497     
                3.30985E-03      -99.2102     
                3.3125E-03       -79.1622     
                3.31515E-03      -99.2194     
                3.3178E-03       -78.3578     
                3.32045E-03     -101.787      
                3.3231E-03      -110.618      
                3.32575E-03      -86.0582     
                3.3284E-03       -97.3152     
                3.33105E-03     -113.224      
                3.3337E-03       -81.9711     
                3.33635E-03      -93.4271     
                3.339E-03       -102.291      
                3.34165E-03     -110.023      
                3.3443E-03       -99.0095     
                3.34695E-03      -66.8562     
                3.3496E-03       -75.1133     
                3.35225E-03      -72.7033     
                3.3549E-03       -73.6119     
                3.35755E-03      -96.7151     
                3.3602E-03       -86.6832     
                3.36285E-03      -52.8724     
                3.3655E-03       -41.9678     
                3.36815E-03      -53.0148     
                3.3708E-03       -64.8799     
                3.37345E-03      -83.3816     
                3.3761E-03       -74.8911     
                3.37875E-03      -78.2073     
                3.3814E-03       -83.1902     
                3.38405E-03      -64.761      
                3.3867E-03       -80.0927     
                3.38935E-03      -78.1518     
                3.392E-03        -92.4056     
                3.39465E-03      -99.3282     
                3.3973E-03       -92.3585     
                3.39995E-03     -106.394      
                3.4026E-03      -100.687      
                3.40525E-03     -132.498      
                3.4079E-03       -95.1979     
                3.41055E-03      -93.4421     
                3.4132E-03      -107.243      
                3.41585E-03     -126.67       
                3.4185E-03      -128.912      
                3.42115E-03      -80.152      
                3.4238E-03       -50.657      
                3.42645E-03      -85.9281     
                3.4291E-03      -105.487      
                3.43175E-03     -109.604      
                3.4344E-03      -127.56       
                3.43705E-03     -147.647      
                3.4397E-03      -107.051      
                3.44235E-03     -109.715      
                3.445E-03       -135.597      
                3.44765E-03     -132.939      
                3.4503E-03      -106.198      
                3.45295E-03     -118.145      
                3.4556E-03      -126.37       
                3.45825E-03      -93.6115     
                3.4609E-03       -91.4818     
                3.46355E-03     -120.745      
                3.4662E-03      -138.613      
                3.46885E-03      -95.6586     
                3.4715E-03      -109.252      
                3.47415E-03      -75.0722     
                3.4768E-03       -79.7449     
                3.47945E-03     -108.476      
                3.4821E-03      -104.691      
                3.48475E-03     -126.369      
                3.4874E-03       -94.2316     
                3.49005E-03      -76.7575     
                3.4927E-03       -66.514      
                3.49535E-03      -76.2356     
                3.498E-03        -87.1956     
                3.50065E-03     -112.222      
                3.5033E-03      -107.033      
                3.50595E-03     -135.739      
                3.5086E-03      -144.162      
                3.51125E-03      -92.9164     
                3.5139E-03      -116.557      
                3.51655E-03     -120.701      
                3.5192E-03      -141.09       
                3.52185E-03      -98.1362     
                3.5245E-03       -87.4181     
                3.52715E-03      -96.7746     
                3.5298E-03       -87.0716     
                3.53245E-03     -105.19       
                3.5351E-03       -89.2769     
                3.53775E-03      -97.5823     
                3.5404E-03      -121.639      
                3.54305E-03     -128.329      
                3.5457E-03      -136.59       
                3.54835E-03      -94.7207     
                3.551E-03       -102.382      
                3.55365E-03      -78.6497     
                3.5563E-03      -106.599      
                3.55895E-03     -135.006      
                3.5616E-03       -88.2021     
                3.56425E-03      -74.4892     
                3.5669E-03       -93.378      
                3.56955E-03      -81.4818     
                3.5722E-03      -118.337      
                3.57485E-03      -99.2853     
                3.5775E-03       -81.1486     
                3.58015E-03      -81.0712     
                3.5828E-03      -110.327      
                3.58545E-03     -103.714      
                3.5881E-03       -80.9713     
                3.59075E-03      -89.9154     
                3.5934E-03       -55.9463     
                3.59605E-03      -83.1042     
                3.5987E-03       -86.2922     
                3.60135E-03      -82.6839     
                3.604E-03        -82.2097     
                3.60665E-03     -107.384      
                3.6093E-03      -118.88       
                3.61195E-03      -84.4154     
                3.6146E-03       -63.8392     
                3.61725E-03      -81.9667     
                3.6199E-03       -93.8256     
                3.62255E-03     -105.987      
                3.6252E-03       -62.7855     
                3.62785E-03      -82.2432     
                3.6305E-03      -100.655      
                3.63315E-03      -73.5503     
                3.6358E-03      -112.572      
                3.63845E-03     -132.341      
                3.6411E-03       -84.8729     
                3.64375E-03     -105.353      
                3.6464E-03       -97.2875     
                3.64905E-03     -119.541      
                3.6517E-03       -68.8761     
                3.65435E-03      -53.0033     
                3.657E-03        -91.5611     
                3.65965E-03     -106.686      
                3.6623E-03      -130.176      
                3.66495E-03      -85.5614     
                3.6676E-03       -71.0763     
                3.67025E-03      -86.9681     
                3.6729E-03       -94.2518     
                3.67555E-03     -112.021      
                3.6782E-03       -86.3224     
                3.68085E-03     -130.844      
                3.6835E-03       -95.733      
                3.68615E-03      -76.4017     
                3.6888E-03       -84.9699     
                3.69145E-03      -90.0115     
                3.6941E-03      -117.813      
                3.69675E-03      -97.2177     
                3.6994E-03       -81.5321     
                3.70205E-03     -113.933      
                3.7047E-03      -114.368      
                3.70735E-03     -115.553      
                3.71E-03         -99.4708     
                3.71265E-03     -118.553      
                3.7153E-03       -79.4727     
                3.71795E-03      -88.6538     
                3.7206E-03      -108.166      
                3.72325E-03     -103.066      
                3.7259E-03      -118.914      
                3.72855E-03      -62.159      
                3.7312E-03       -79.5427     
                3.73385E-03     -101.47       
                3.7365E-03      -111.724      
                3.73915E-03     -123.528      
                3.7418E-03      -127.451      
                3.74445E-03      -86.6989     
                3.7471E-03      -120.765      
                3.74975E-03     -132.23       
                3.7524E-03      -142.173      
                3.75505E-03      -91.0413     
                3.7577E-03       -77.0985     
                3.76035E-03     -103.539      
                3.763E-03       -126.273      
                3.76565E-03     -142.698      
                3.7683E-03       -93.4218     
                3.77095E-03      -98.6102     
                3.7736E-03       -85.7304     
                3.77625E-03      -82.2547     
                3.7789E-03      -103.556      
                3.78155E-03     -109.791      
                3.7842E-03       -98.4401     
                3.78685E-03     -105.855      
                3.7895E-03       -70.7864     
                3.79215E-03      -82.0469     
                3.7948E-03      -101.369      
                3.79745E-03      -89.7398     
                3.8001E-03       -87.5478     
                3.80275E-03      -73.0775     
                3.8054E-03       -86.647      
                3.80805E-03      -98.347      
                3.8107E-03      -106.924      
                3.81335E-03     -112.142      
                3.816E-03       -118.252      
                3.81865E-03     -126.594      
                3.8213E-03      -109.877      
                3.82395E-03      -79.8512     
                3.8266E-03      -110.149      
                3.82925E-03      -99.4349     
                3.8319E-03      -106.302      
                3.83455E-03     -126.654      
                3.8372E-03      -112.145      
                3.83985E-03     -124.802      
                3.8425E-03       -87.5694     
                3.84515E-03      -85.5389     
                3.8478E-03      -105.678      
                3.85045E-03     -101.776      
                3.8531E-03      -108.392      
                3.85575E-03      -89.8891     
                3.8584E-03       -87.1341     
                3.86105E-03     -118.237      
                3.8637E-03      -121.896      
                3.86635E-03      -51.4692     
                3.869E-03        -87.2745     
                3.87165E-03     -105.259      
                3.8743E-03       -95.1143     
                3.87695E-03     -118.971      
                3.8796E-03      -121.375      
                3.88225E-03     -106.198      
                3.8849E-03      -127.298      
                3.88755E-03     -130.07       
                3.8902E-03      -130.664      
                3.89285E-03     -102.486      
                3.8955E-03      -118.489      
                3.89815E-03     -138.38       
                3.9008E-03      -141.932      
                3.90345E-03     -134.618      
                3.9061E-03      -144.68       
                3.90875E-03     -126.19       
                3.9114E-03      -138.146      
                3.91405E-03     -110.817      
                3.9167E-03      -136.494      
                3.91935E-03     -144.941      
                3.922E-03       -152.206      
                3.92465E-03     -149.609      
                3.9273E-03      -118.448      
                3.92995E-03     -135.31       
                3.9326E-03      -118.706      
                3.93525E-03     -133.872      
                3.9379E-03       -92.9629     
                3.94055E-03     -105.29       
                3.9432E-03      -130.37       
                3.94585E-03     -106.895      
                3.9485E-03      -110.395      
                3.95115E-03     -115.825      
                3.9538E-03      -131.032      
                3.95645E-03     -115.869      
                3.9591E-03      -132.399      
                3.96175E-03      -83.6039     
                3.9644E-03       -84.5353     
                3.96705E-03      -77.4108     
                3.9697E-03      -126.118      
                3.97235E-03     -128.437      
                3.975E-03       -125.899      
                3.97765E-03     -100.844      
                3.9803E-03      -111.218      
                3.98295E-03     -111.047      
                3.9856E-03       -69.2389     
                3.98825E-03     -110.102      
                3.9909E-03      -106.589      
                3.99355E-03     -103.513      
                3.9962E-03      -108.548      
                3.99885E-03     -118.122      
                4.0015E-03       -96.6482     
                4.00415E-03      -99.0099     
                4.0068E-03      -111.741      
                4.00945E-03     -109.884      
                4.0121E-03       -95.0496     
                4.01475E-03      -91.4846     
                4.0174E-03      -128.499      
                4.02005E-03     -117.967      
                4.0227E-03       -62.2688     
                4.02535E-03      -57.5382     
                4.028E-03        -70.6054     
                4.03065E-03      -85.6078     
                4.0333E-03       -95.8285     
                4.03595E-03      -76.5354     
                4.0386E-03       -91.0837     
                4.04125E-03      -52.9257     
                4.0439E-03       -91.3472     
                4.04655E-03     -113.234      
                4.0492E-03       -86.733      
                4.05185E-03      -77.1005     
                4.0545E-03       -86.9808     
                4.05715E-03      -89.4249     
                4.0598E-03       -85.0764     
                4.06245E-03      -59.2685     
                4.0651E-03       -72.9706     
                4.06775E-03      -86.9636     
                4.0704E-03       -92.3487     
                4.07305E-03     -112.508      
                4.0757E-03       -49.3119     
                4.07835E-03      -75.0133     
                4.081E-03        -75.8645     
                4.08365E-03      -95.2668     
                4.0863E-03       -92.0246     
                4.08895E-03     -112.514      
                4.0916E-03       -81.7783     
                4.09425E-03     -109.882      
                4.0969E-03       -66.499      
                4.09955E-03      -85.2748     
                4.1022E-03      -109.822      
                4.10485E-03     -115.037      
                4.1075E-03      -128.536      
                4.11015E-03     -102.311      
                4.1128E-03      -114.993      
                4.11545E-03     -114.543      
                4.1181E-03      -126.915      
                4.12075E-03     -122.763      
                4.1234E-03      -105.006      
                4.12605E-03     -130.041      
                4.1287E-03      -140.505      
                4.13135E-03     -144.236      
                4.134E-03        -81.3207     
                4.13665E-03      -84.3873     
                4.1393E-03       -79.7096     
                4.14195E-03      -70.7845     
                4.1446E-03       -74.235      
                4.14725E-03      -77.8695     
                4.1499E-03      -102.394      
                4.15255E-03      -94.9057     
                4.1552E-03       -85.8304     
                4.15785E-03     -110.517      
                4.1605E-03      -114.713      
                4.16315E-03      -99.8487     
                4.1658E-03       -97.7854     
                4.16845E-03     -113.474      
                4.1711E-03      -122.989      
                4.17375E-03     -118.157      
                4.1764E-03      -113.148      
                4.17905E-03     -103.05       
                4.1817E-03      -132.058      
                4.18435E-03     -121.987      
                4.187E-03       -127.449      
                4.18965E-03     -106.665      
                4.1923E-03      -122.984      
                4.19495E-03      -90.2455     
                4.1976E-03       -88.7525     
                4.20025E-03     -106.63       
                4.2029E-03      -115.388      
                4.20555E-03     -118.982      
                4.2082E-03      -114.959      
                4.21085E-03     -120.323      
                4.2135E-03      -124.31       
                4.21615E-03      -73.738      
                4.2188E-03       -91.8008     
                4.22145E-03      -97.3616     
                4.2241E-03      -104.873      
                4.22675E-03     -110.531      
                4.2294E-03      -108.08       
                4.23205E-03     -109.727      
                4.2347E-03      -120.227      
                4.23735E-03     -106.47       
                4.24E-03        -116.975      
                4.24265E-03     -124.185      
                4.2453E-03      -123.874      
                4.24795E-03     -129.435      
                4.2506E-03       -72.3931     
                4.25325E-03      -82.2255     
                4.2559E-03      -101.338      
                4.25855E-03     -108.894      
                4.2612E-03      -112.036      
                4.26385E-03     -118.2        
                4.2665E-03      -112.44       
                4.26915E-03     -117.689      
                4.2718E-03      -111.948      
                4.27445E-03     -106.679      
                4.2771E-03       -87.9723     
                4.27975E-03      -84.1381     
                4.2824E-03      -104.068      
                4.28505E-03      -95.1105     
                4.2877E-03       -71.2879     
                4.29035E-03      -78.9899     
                4.293E-03        -97.2166     
                4.29565E-03     -116.755      
                4.2983E-03      -103.546      
                4.30095E-03      -87.4484     
                4.3036E-03       -85.9896     
                4.30625E-03      -96.262      
                4.3089E-03       -51.2491     
                4.31155E-03      -72.1775     
                4.3142E-03       -18.3702     
                4.31685E-03      -63.9538     
                4.3195E-03       -85.1171     
                4.32215E-03      -66.7275     
                4.3248E-03       -76.7652     
                4.32745E-03      -76.0283     
                4.3301E-03       -85.4334     
                4.33275E-03      -57.5948     
                4.3354E-03       -51.5094     
                4.33805E-03      -81.7237     
                4.3407E-03       -75.4247     
                4.34335E-03      -46.7369     
                4.346E-03        -50.4224     
                4.34865E-03      -63.9784     
                4.3513E-03       -67.1364     
                4.35395E-03      -83.8177     
                4.3566E-03       -90.0727     
                4.35925E-03      -94.5825     
                4.3619E-03      -103.104      
                4.36455E-03     -101.255      
                4.3672E-03      -104.578      
                4.36985E-03      -45.3708     
                4.3725E-03       -69.4389     
                4.37515E-03      -97.6292     
                4.3778E-03       -99.4074     
                4.38045E-03     -105.23       
                4.3831E-03       -98.8746     
                4.38575E-03     -101.59       
                4.3884E-03      -102.287      
                4.39105E-03      -61.7275     
                4.3937E-03       -71.9191     
                4.39635E-03      -96.4554     
                4.399E-03       -102.411      
                4.40165E-03     -115.14       
                4.4043E-03      -106.507      
                4.40695E-03     -117.644      
                4.4096E-03      -118.607      
                4.41225E-03     -118.29       
                4.4149E-03      -131.288      
                4.41755E-03     -131.021      
                4.4202E-03      -134.583      
                4.42285E-03     -136.495      
                4.4255E-03       -97.1543     
                4.42815E-03     -122.633      
                4.4308E-03       -77.7768     
                4.43345E-03     -100.757      
                4.4361E-03      -109.644      
                4.43875E-03     -117.281      
                4.4414E-03       -99.3241     
                4.44405E-03     -113.852      
                4.4467E-03       -69.7825     
                4.44935E-03      -74.2363     
                4.452E-03        -85.998      
                4.45465E-03      -79.6618     
                4.4573E-03       -77.4609     
                4.45995E-03      -76.9094     
                4.4626E-03       -77.8039     
                4.46525E-03      -83.8313     
                4.4679E-03       -80.6001     
                4.47055E-03      -81.4314     
                4.4732E-03       -71.7965     
                4.47585E-03      -88.9616     
                4.4785E-03       -80.8927     
                4.48115E-03      -73.502      
                4.4838E-03       -81.157      
                4.48645E-03      -79.4156     
                4.4891E-03       -80.2561     
                4.49175E-03      -67.1646     
                4.4944E-03       -73.3216     
                4.49705E-03      -72.9525     
                4.4997E-03       -49.2795     
                4.50235E-03      -86.2863     
                4.505E-03        -77.6759     
                4.50765E-03      -72.7517     
                4.5103E-03       -75.5037     
                4.51295E-03      -76.2597     
                4.5156E-03       -74.9219     
                4.51825E-03      -70.501      
                4.5209E-03       -71.7733     
                4.52355E-03      -73.1173     
                4.5262E-03       -70.2456     
                4.52885E-03      -48.9738     
                4.5315E-03       -77.8654     
                4.53415E-03      -74.5495     
                4.5368E-03       -77.0252     
                4.53945E-03      -64.5665     
                4.5421E-03       -61.868      
                4.54475E-03      -66.8091     
                4.5474E-03       -70.226      
                4.55005E-03      -66.7001     
                4.5527E-03       -59.803      
                4.55535E-03      -55.5116     
                4.558E-03        -66.4834     
                4.56065E-03      -62.2347     
                4.5633E-03      -105.419      
                4.56595E-03      -71.829      
                4.5686E-03       -63.3125     
                4.57125E-03      -62.4642     
                4.5739E-03       -70.2049     
                4.57655E-03      -67.9199     
                4.5792E-03       -59.7486     
                4.58185E-03      -48.7935     
                4.5845E-03       -63.679      
                4.58715E-03      -48.1379     
                4.5898E-03       -62.3121     
                4.59245E-03      -63.8891     
                4.5951E-03       -61.3478     
                4.59775E-03      -62.8728     
                4.6004E-03       -59.7704     
                4.60305E-03      -52.6407     
                4.6057E-03       -63.4359     
                4.60835E-03      -57.318      
                4.611E-03        -38.214      
                4.61365E-03      -56.3167     
                4.6163E-03       -60.4066     
                4.61895E-03      -56.3526     
                4.6216E-03       -49.4785     
                4.62425E-03      -46.6871     
                4.6269E-03       -53.453      
                4.62955E-03      -52.465      
                4.6322E-03       -56.4588     
                4.63485E-03      -51.5584     
                4.6375E-03       -31.9606     
                4.64015E-03      -46.3137     
                4.6428E-03       -39.8343     
                4.64545E-03      -49.315      
                4.6481E-03       -51.4594     
                4.65075E-03      -49.372      
                4.6534E-03       -64.1978     
                4.65605E-03      -49.5728     
                4.6587E-03       -47.0661     
                4.66135E-03      -42.1893     
                4.664E-03        -50.0103     
                4.66665E-03      -52.3075     
                4.6693E-03       -43.3605     
                4.67195E-03      -49.9822     
                4.6746E-03       -48.5349     
                4.67725E-03      -50.5523     
                4.6799E-03       -38.388      
                4.68255E-03      -48.7807     
                4.6852E-03       -42.9192     
                4.68785E-03      -62.5006     
                4.6905E-03       -59.0902     
                4.69315E-03      -52.6971     
                4.6958E-03       -52.32       
                4.69845E-03      -54.5624     
                4.7011E-03       -60.1948     
                4.70375E-03      -59.2403     
                4.7064E-03       -52.3259     
                4.70905E-03      -54.1783     
                4.7117E-03       -50.3582     
                4.71435E-03      -52.2146     
                4.717E-03        -50.6252     
                4.71965E-03      -49.4599     
                4.7223E-03       -51.6512     
                4.72495E-03      -44.4982     
                4.7276E-03       -48.5771     
                4.73025E-03      -46.253      
                4.7329E-03       -48.1516     
                4.73555E-03      -46.891      
                4.7382E-03       -48.7214     
                4.74085E-03      -46.5201     
                4.7435E-03       -46.682      
                4.74615E-03      -40.4719     
                4.7488E-03       -43.2092     
                4.75145E-03      -43.7882     
                4.7541E-03       -43.4808     
                4.75675E-03      -44.2929     
                4.7594E-03       -42.9194     
                4.76205E-03      -43.0572     
                4.7647E-03       -41.8943     
                4.76735E-03      -42.5497     
                4.77E-03         -40.9228     
                4.77265E-03      -34.8491     
                4.7753E-03       -45.309      
                4.77795E-03      -40.4626     
                4.7806E-03       -42.9128     
                4.78325E-03      -49.6186     
                4.7859E-03       -44.7173     
                4.78855E-03      -39.4294     
                4.7912E-03       -37.8013     
                4.79385E-03      -42.9936     
                4.7965E-03       -42.2416     
                4.79915E-03      -44.8845     
                4.8018E-03       -44.4476     
                4.80445E-03      -43.1755     
                4.8071E-03       -41.0259     
                4.80975E-03      -43.5939     
                4.8124E-03       -47.9678     
                4.81505E-03      -44.801      
                4.8177E-03       -45.6703     
                4.82035E-03      -48.9794     
                4.823E-03        -41.1365     
                4.82565E-03      -49.914      
                4.8283E-03       -48.589      
                4.83095E-03      -48.5847     
                4.8336E-03       -47.7169     
                4.83625E-03      -47.7181     
                4.8389E-03       -46.2947     
                4.84155E-03      -46.5168     
                4.8442E-03       -45.5435     
                4.84685E-03      -46.1045     
                4.8495E-03       -45.8977     
                4.85215E-03      -45.5537     
                4.8548E-03       -46.8407     
                4.85745E-03      -39.6491     
                4.8601E-03       -43.8791     
                4.86275E-03      -39.8857     
                4.8654E-03       -41.7336     
                4.86805E-03      -42.0853     
                4.8707E-03       -43.9464     
                4.87335E-03      -34.1015     
                4.876E-03        -38.8176     
                4.87865E-03      -37.5259     
                4.8813E-03       -37.0006     
                4.88395E-03      -38.4775     
                4.8866E-03       -32.2374     
                4.88925E-03      -33.3975     
                4.8919E-03       -24.2388     
                4.89455E-03      -32.0774     
                4.8972E-03       -34.2629     
                4.89985E-03      -36.2893     
                4.9025E-03       -37.3423     
                4.90515E-03      -36.8345     
                4.9078E-03       -32.8793     
                4.91045E-03      -32.8508     
                4.9131E-03       -34.014      
                4.91575E-03      -32.8959     
                4.9184E-03       -32.1799     
                4.92105E-03      -27.803      
                4.9237E-03       -30.9908     
                4.92635E-03      -26.7331     
                4.929E-03        -27.0179     
                4.93165E-03      -26.2602     
                4.9343E-03       -24.0798     
                4.93695E-03      -19.3747     
                4.9396E-03       -18.6416     
                4.94225E-03      -20.9513     
                4.9449E-03       -32.446      
                4.94755E-03      -32.8425     
                4.9502E-03       -23.1878     
                4.95285E-03      -25.5906     
                4.9555E-03       -24.574      
                4.95815E-03      -20.8653     
                4.9608E-03       -18.0809     
                4.96345E-03      -28.9009     
                4.9661E-03       -32.0159     
                4.96875E-03      -31.9033     
                4.9714E-03       -27.0935     
                4.97405E-03      -27.8491     
                4.9767E-03       -34.8583     
                4.97935E-03      -34.4372     
                4.982E-03        -30.8305     
                4.98465E-03      -31.8649     
                4.9873E-03       -32.0998     
                4.98995E-03      -31.7673     
                4.9926E-03       -26.7221     
                4.99525E-03      -31.927      
                4.9979E-03       -23.8729     
                5.00055E-03      -25.3612     
                5.0032E-03       -24.5781     
                5.00585E-03      -26.2479     
                5.0085E-03       -32.6533     
                5.01115E-03      -26.464      
                5.0138E-03       -25.4604     
                5.01645E-03      -25.7799     
                5.0191E-03       -27.2768     
                5.02175E-03      -21.1784     
                5.0244E-03       -25.7991     
                5.02705E-03      -24.4967     
                5.0297E-03       -21.2217     
                5.03235E-03      -21.6522     
                5.035E-03        -19.8569     
                5.03765E-03      -20.6538     
                5.0403E-03       -19.658      
                5.04295E-03      -17.6984     
                5.0456E-03       -17.9333     
                5.04825E-03      -17.5299     
                5.0509E-03       -18.098      
                5.05355E-03      -17.1981     
                5.0562E-03       -15.2949     
                5.05885E-03      -17.7887     
                5.0615E-03       -18.4451     
                5.06415E-03      -27.8256     
                5.0668E-03       -31.9354     
                5.06945E-03      -19.9015     
                5.0721E-03       -27.6901     
                5.07475E-03      -23.9899     
                5.0774E-03       -26.3234     
                5.08005E-03      -22.8222     
                5.0827E-03       -21.3136     
                5.08535E-03      -32.8382     
                5.088E-03        -24.3905     
                5.09065E-03      -24.8284     
                5.0933E-03       -26.5337     
                5.09595E-03      -21.1192     
                5.0986E-03       -26.0194     
                5.10125E-03       -6.26308    
                5.1039E-03       -19.5426     
                5.10655E-03      -20.9705     
                5.1092E-03       -16.358      
                5.11185E-03      -25.9058     
                5.1145E-03       -25.0173     
                5.11715E-03      -23.0729     
                5.1198E-03       -26.0383     
                5.12245E-03      -21.7402     
                5.1251E-03       -22.841      
                5.12775E-03      -27.0846     
                5.1304E-03       -24.2795     
                5.13305E-03      -25.8726     
                5.1357E-03       -26.8182     
                5.13835E-03      -27.7832     
                5.141E-03        -25.3687     
                5.14365E-03      -25.3787     
                5.1463E-03       -27.2481     
                5.14895E-03      -26.9705     
                5.1516E-03       -28.6062     
                5.15425E-03      -26.457      
                5.1569E-03       -26.9264     
                5.15955E-03      -25.6848     
                5.1622E-03       -25.5145     
                5.16485E-03      -25.5861     
                5.1675E-03       -25.2698     
                5.17015E-03      -26.0307     
                5.1728E-03       -25.5898     
                5.17545E-03      -26.2855     
                5.1781E-03       -26.8884     
                5.18075E-03      -26.632      
                5.1834E-03       -27.5086     
                5.18605E-03      -24.3755     
                5.1887E-03       -22.5639     
                5.19135E-03      -22.7069     
                5.194E-03        -23.7264     
                5.19665E-03      -23.553      
                5.1993E-03       -20.9718     
                5.20195E-03      -21.9685     
                5.2046E-03       -25.6639     
                5.20725E-03      -21.8992     
                5.2099E-03       -32.7115     
                5.21255E-03      -29.9034     
                5.2152E-03       -23.4923     
                5.21785E-03      -28.449      
                5.2205E-03       -33.4055     
                5.22315E-03      -27.9339     
                5.2258E-03       -30.9542     
                5.22845E-03      -25.9074     
                5.2311E-03       -32.3929     
                5.23375E-03      -29.5621     
                5.2364E-03       -33.1447     
                5.23905E-03      -38.3006     
                5.2417E-03       -24.27       
                5.24435E-03      -24.1679     
                5.247E-03        -25.8035     
                5.24965E-03      -24.8392     
                5.2523E-03       -30.3276     
                5.25495E-03      -27.7996     
                5.2576E-03       -24.5567     
                5.26025E-03      -26.5536     
                5.2629E-03       -25.0808     
                5.26555E-03      -35.9878     
                5.2682E-03       -20.0407     
                5.27085E-03      -26.3835     
                5.2735E-03       -21.0696     
                5.27615E-03      -22.2303     
                5.2788E-03       -20.5781     
                5.28145E-03      -20.1212     
                5.2841E-03       -16.0763     
                5.28675E-03       -6.08337    
                5.2894E-03       -17.2874     
                5.29205E-03      -14.8233     
                5.2947E-03       -18.2443     
                5.29735E-03      -13.0758     
                5.3E-03          -24.8995     




