
                  X               _temp_2     

                0.                 0.         
                2.65115E-06      -30.9011     
                5.30057E-06        7.75513    
                7.95002E-06       38.4099     
               10.6015E-06       -81.3172     
               13.2513E-06       126.77       
               15.901E-06        -64.9091     
               18.5508E-06        15.9533     
               21.2006E-06        43.6998     
               23.8503E-06       -67.793      
               26.5001E-06        25.4759     
               29.1516E-06       -37.5167     
               31.8E-06          -14.6689     
               34.4505E-06       -31.2069     
               37.101E-06          1.30305    
               39.7515E-06       -58.0369     
               42.4002E-06       -21.6755     
               45.0507E-06       -28.5396     
               47.7012E-06       -76.4291     
               50.3516E-06        -3.54425    
               53.0004E-06       -71.1774     
               55.6509E-06       -40.3942     
               58.3013E-06       -48.6191     
               60.9501E-06       -68.9881     
               63.6007E-06       -59.1861     
               66.2515E-06       -68.7597     
               68.9005E-06       -69.9542     
               71.5513E-06       -85.8569     
               74.2003E-06       -68.0971     
               76.8511E-06      -102.401      
               79.5001E-06       -80.5443     
               82.1509E-06       -96.6306     
               84.8017E-06      -105.694      
               87.4507E-06       -91.8279     
               90.1015E-06      -111.974      
               92.7505E-06      -100.393      
               95.4013E-06      -111.571      
               98.0503E-06      -112.198      
              100.701E-06       -120.802      
              103.35E-06        -117.792      
              106.001E-06       -126.341      
              108.652E-06       -127.131      
              111.301E-06       -125.106      
              113.951E-06       -138.99       
              116.601E-06       -131.437      
              119.251E-06       -143.207      
              121.9E-06         -141.013      
              124.551E-06       -144.623      
              127.2E-06         -149.963      
              129.851E-06       -151.414      
              132.502E-06       -155.385      
              135.151E-06       -156.746      
              137.801E-06       -162.241      
              140.45E-06        -160.899      
              143.101E-06       -168.068      
              145.75E-06        -169.531      
              148.4E-06         -172.136      
              151.05E-06        -176.848      
              153.701E-06       -175.719      
              156.351E-06       -181.054      
              159.E-06          -168.685      
              161.651E-06       -180.308      
              164.301E-06       -193.118      
              166.95E-06        -197.48       
              169.6E-06         -199.304      
              172.251E-06       -200.509      
              174.901E-06       -203.505      
              177.551E-06       -202.918      
              180.2E-06         -206.415      
              182.851E-06       -207.029      
              185.5E-06         -192.278      
              188.151E-06       -202.598      
              190.801E-06       -207.319      
              193.45E-06        -207.825      
              196.1E-06         -207.722      
              198.751E-06       -208.139      
              201.401E-06       -207.049      
              204.05E-06        -208.021      
              206.7E-06         -209.782      
              209.35E-06         -93.4063     
              212.001E-06       -131.505      
              214.65E-06        -164.879      
              217.301E-06       -187.068      
              219.951E-06       -195.953      
              222.6E-06         -198.814      
              225.251E-06       -206.825      
              227.9E-06         -208.293      
              230.551E-06       -210.069      
              233.201E-06        -85.6246     
              235.851E-06       -146.703      
              238.501E-06       -174.003      
              241.151E-06       -184.703      
              243.8E-06          -51.9483E-03 
              246.451E-06        -58.3092     
              249.101E-06       -118.146      
              251.751E-06       -143.076      
              254.401E-06        -17.9392     
              257.051E-06        -76.6119     
              259.701E-06       -109.302      
              262.35E-06        -130.407      
              265.001E-06       -130.965      
              267.651E-06       -155.865      
              270.301E-06       -165.505      
              272.951E-06       -166.736      
              275.6E-06         -173.929      
              278.25E-06        -178.301      
              280.901E-06       -161.409      
              283.551E-06       -144.575E-03  
              286.2E-06          -44.2236     
              288.85E-06         -87.0557     
              291.501E-06       -116.577      
              294.151E-06       -144.665      
              296.8E-06         -159.825      
              299.45E-06        -170.317      
              302.101E-06        -41.534      
              304.751E-06        -38.0876     
              307.401E-06         -1.17325    
              310.051E-06        -15.0171     
              312.701E-06        -16.1237     
              315.351E-06        -66.179      
              318.001E-06       -104.086      
              320.651E-06       -139.279      
              323.301E-06       -126.251      
              325.95E-06         -62.8616     
              328.601E-06       -109.765      
              331.251E-06       -100.658      
              333.9E-06         -100.561      
              336.551E-06        -34.0144     
              339.201E-06        -18.2694     
              341.852E-06        -30.0599     
              344.5E-06          -37.0955     
              347.15E-06         -40.1132     
              349.801E-06        -21.6664     
              352.451E-06        -26.9331     
              355.1E-06          -28.1652     
              357.751E-06        -26.9477     
              360.4E-06          -24.2491     
              363.051E-06         -9.39702    
              365.7E-06          -43.7801     
              368.351E-06        -73.4786     
              371.E-06          -108.001      
              373.65E-06        -119.224      
              376.302E-06        -49.7079     
              378.951E-06        -94.289      
              381.601E-06       -122.297      
              384.25E-06        -155.387      
              386.901E-06       -166.084      
              389.55E-06        -161.316      
              392.2E-06         -164.874      
              394.85E-06        -167.143      
              397.501E-06       -166.314      
              400.15E-06        -171.871      
              402.801E-06        -98.2348     
              405.45E-06        -155.766      
              408.1E-06         -153.99       
              410.751E-06       -164.059      
              413.4E-06         -159.865      
              416.05E-06        -162.34       
              418.701E-06       -163.325      
              421.351E-06       -154.32       
              424.001E-06       -108.474      
              426.65E-06        -124.285      
              429.3E-06         -153.305      
              431.95E-06        -150.473      
              434.6E-06         -148.098      
              437.25E-06        -154.131      
              439.901E-06       -151.584      
              442.551E-06       -162.697      
              445.201E-06       -152.006      
              447.85E-06        -116.48       
              450.5E-06         -137.629      
              453.151E-06       -138.886      
              455.801E-06       -144.787      
              458.451E-06       -137.931      
              461.1E-06         -130.327      
              463.75E-06        -133.345      
              466.401E-06        -79.5651     
              469.051E-06        -97.0913     
              471.701E-06       -108.165      
              474.35E-06        -114.85       
              477.E-06           -85.2583     
              479.651E-06        -92.3815     
              482.301E-06       -102.77       
              484.95E-06        -114.002      
              487.6E-06          -76.2341     
              490.251E-06        -83.2631     
              492.901E-06         -3.03518    
              495.551E-06        -65.5867     
              498.201E-06        -82.3728     
              500.85E-06         -65.9072     
              503.501E-06        -74.5042     
              506.151E-06        -91.8591     
              508.801E-06        -42.7107     
              511.451E-06        -73.6591     
              514.101E-06       -102.341      
              516.75E-06        -107.743      
              519.401E-06        -66.7124     
              522.051E-06        -94.7726     
              524.701E-06       -100.877      
              527.351E-06       -112.201      
              530.E-06          -123.855      
              532.65E-06         -58.1574     
              535.301E-06        -77.7192     
              537.951E-06       -113.819      
              540.6E-06         -117.797      
              543.251E-06       -112.709      
              545.901E-06       -119.07       
              548.551E-06       -123.759      
              551.201E-06       -136.604      
              553.851E-06       -135.568      
              556.501E-06        -76.7325     
              559.151E-06        -94.7621     
              561.801E-06        -96.736      
              564.45E-06        -106.288      
              567.1E-06         -119.946      
              569.75E-06        -126.037      
              572.401E-06       -112.926      
              575.051E-06        -72.8738     
              577.7E-06          -84.6449     
              580.351E-06        -95.725      
              583.001E-06        -94.7805     
              585.65E-06        -102.893      
              588.3E-06          -37.3661     
              590.951E-06        -39.9497     
              593.6E-06          -64.5483     
              596.251E-06        -75.7193     
              598.9E-06          -74.9964     
              601.55E-06         -87.6589     
              604.201E-06        -35.216      
              606.851E-06        -42.0345     
              609.5E-06          -51.6031     
              612.15E-06         -68.1072     
              614.801E-06        -12.8922     
              617.451E-06        -26.7161     
              620.101E-06        -34.7477     
              622.751E-06        -45.2402     
              625.401E-06         -1.52735    
              628.05E-06         -13.996      
              630.701E-06        -25.3407     
              633.351E-06       -362.824E-03  
              636.001E-06       -173.729E-03  
              638.651E-06        -12.943      
              641.301E-06        -25.493      
              643.95E-06          -2.58292    
              646.601E-06         -5.36012    
              649.25E-06         -19.4018     
              651.901E-06         -1.06215    
              654.551E-06         -1.01807    
              657.2E-06          -10.0317     
              659.85E-06         -17.0923     
              662.501E-06        -31.2687     
              665.151E-06         -2.52271    
              667.8E-06           -2.22245    
              670.45E-06          -8.98332    
              673.1E-06          -18.2258     
              675.75E-06         -25.9626     
              678.4E-06         -401.307E-03  
              681.05E-06        -166.665E-03  
              683.7E-06          -97.2806E-03 
              686.351E-06        -11.9262     
              689.E-06           -19.7243     
              691.65E-06         -23.6273     
              694.301E-06        -31.7997     
              696.95E-06          -2.30316    
              699.601E-06         -1.85581    
              702.25E-06          -1.47049    
              704.9E-06           -7.88011    
              707.551E-06        -14.1566     
              710.201E-06        -17.8138     
              712.851E-06        -23.1577     
              715.501E-06       -144.427E-03  
              718.15E-06          -7.8882E-03 
              720.801E-06         -3.48913E-03
              723.451E-06         -3.67096    
              726.101E-06        -10.7504     
              728.75E-06         -17.2672     
              731.4E-06           -9.52858E-03
              734.05E-06          -7.33365E-03
              736.7E-06           -1.66729    
              739.35E-06          -4.90563    
              742.001E-06         -5.75214    
              744.651E-06         -9.56828    
              747.3E-06           -9.80464    
              749.951E-06         -9.77779    
              752.601E-06        -10.5732     
              755.251E-06        -12.663      
              757.901E-06        -12.2873     
              760.55E-06         -12.9451     
              763.2E-06          -13.321      
              765.851E-06        -13.4444     
              768.501E-06        -16.0723     
              771.151E-06        -17.1234     
              773.8E-06          -18.1911     
              776.45E-06         -19.2662     
              779.1E-06          -20.2379     
              781.751E-06        -19.349E-03  
              784.401E-06        -29.8791     
              787.051E-06        -38.2729     
              789.701E-06        -38.4665     
              792.351E-06        -27.682      
              795.E-06           -44.0117     
              797.651E-06        -41.5624     
              800.3E-06          -42.303      
              802.951E-06        -41.9238     
              805.601E-06        -41.4506     
              808.251E-06        -38.3612     
              810.901E-06        -39.7983     
              813.55E-06         -39.465      
              816.201E-06        -38.5145     
              818.851E-06        -35.1735     
              821.5E-06          -41.3968     
              824.15E-06         -40.7288     
              826.801E-06        -39.2148     
              829.451E-06        -38.2402     
              832.101E-06        -37.5449     
              834.75E-06         -37.4278     
              837.4E-06          -35.942      
              840.05E-06         -31.904      
              842.7E-06          -32.1824     
              845.351E-06        -31.4816     
              848.001E-06        -32.4345     
              850.65E-06         -34.3261     
              853.3E-06          -28.0609     
              855.951E-06        -30.1827     
              858.6E-06          -34.7952     
              861.251E-06        -34.4588     
              863.9E-06          -33.7149     
              866.55E-06         -33.7173     
              869.201E-06        -20.6055     
              871.85E-06         -33.9888     
              874.501E-06        -33.018      
              877.151E-06        -33.434      
              879.801E-06        -33.4291     
              882.451E-06        -31.7449     
              885.101E-06        -29.6219     
              887.75E-06         -29.9646     
              890.401E-06        -31.9294     
              893.051E-06        -31.4919     
              895.7E-06          -32.3243     
              898.35E-06         -28.8309     
              901.001E-06        -27.1517     
              903.651E-06         -6.79713E-03
              906.301E-06        -26.0863     
              908.95E-06         -29.8433     
              911.6E-06          -30.2751     
              914.25E-06         -24.2664     
              916.901E-06        -24.7842     
              919.551E-06        -12.908      
              922.2E-06          -26.2967     
              924.85E-06         -24.9337     
              927.501E-06        -20.2006     
              930.151E-06        -22.5758     
              932.8E-06          -23.6272     
              935.451E-06        -21.3508     
              938.101E-06        -21.5369     
              940.751E-06        -24.0124     
              943.4E-06          -22.2501     
              946.051E-06        -22.6613     
              948.701E-06        -20.9005     
              951.35E-06         -20.3982     
              954.001E-06        -14.5787     
              956.65E-06         -16.7546     
              959.301E-06        -15.8353     
              961.951E-06        -18.5529     
              964.6E-06          -20.0457     
              967.25E-06         -19.1493     
              969.901E-06        -15.4199     
              972.551E-06        -16.2052     
              975.2E-06          -15.721      
              977.851E-06        -14.5111     
              980.501E-06        -14.3353     
              983.151E-06        -11.0211     
              985.801E-06        -13.8173     
              988.451E-06        -41.0139E-03 
              991.1E-06          -19.4627     
              993.75E-06         -23.6234     
              996.4E-06          -23.8933     
              999.05E-06         -21.8726     
                1.0017E-03       -21.8853     
                1.00435E-03      -17.7093     
                1.007E-03        -18.9895     
                1.00965E-03      -18.1312     
                1.0123E-03       -17.4194     
                1.01495E-03       -7.04931    
                1.0176E-03      -241.535E-03  
                1.02025E-03      -34.4134     
                1.0229E-03       -30.0623     
                1.02555E-03      -32.9446     
                1.0282E-03       -30.3655     
                1.03085E-03      -31.0316     
                1.0335E-03       -27.7428     
                1.03615E-03      -26.7705     
                1.0388E-03       -25.9878     
                1.04145E-03      -24.3273     
                1.0441E-03       -24.6829     
                1.04675E-03      -22.4287     
                1.0494E-03       -21.7165     
                1.05205E-03      -25.15       
                1.0547E-03       -24.6115     
                1.05735E-03      -21.7197     
                1.06E-03         -30.8077     
                1.06265E-03      -22.7302     
                1.0653E-03       -27.5073     
                1.06795E-03      -24.1794     
                1.0706E-03       -25.1594     
                1.07325E-03      -22.881      
                1.0759E-03       -21.0119     
                1.07855E-03      -20.3999     
                1.0812E-03       -19.5909     
                1.08385E-03      -18.9526     
                1.0865E-03       -14.3804     
                1.08915E-03      -17.7613     
                1.0918E-03       -24.8384     
                1.09445E-03      -25.1927     
                1.0971E-03       -25.7035     
                1.09975E-03      -23.5697     
                1.1024E-03       -23.8273     
                1.10505E-03      -20.9043     
                1.1077E-03       -20.4595     
                1.11035E-03      -19.9357     
                1.113E-03        -19.0001     
                1.11565E-03      -18.7375     
                1.1183E-03       -13.5038     
                1.12095E-03      -15.5099     
                1.1236E-03       -18.3594     
                1.12625E-03      -19.5379     
                1.1289E-03       -18.2746     
                1.13155E-03      -18.6735     
                1.1342E-03       -15.9171     
                1.13685E-03      -15.5848     
                1.1395E-03       -18.7217     
                1.14215E-03      -17.3293     
                1.1448E-03       -25.6779     
                1.14745E-03      -24.9972     
                1.1501E-03       -24.2272     
                1.15275E-03      -21.4811     
                1.1554E-03       -20.035      
                1.15805E-03      -19.7612     
                1.1607E-03       -19.4266     
                1.16335E-03      -18.8836     
                1.166E-03         -6.79325    
                1.16865E-03      -34.9667     
                1.1713E-03       -31.0661     
                1.17395E-03      -34.2569     
                1.1766E-03       -27.7827     
                1.17925E-03      -36.0717     
                1.1819E-03       -37.232      
                1.18455E-03      -38.9291     
                1.1872E-03       -33.7673     
                1.18985E-03      -31.5161     
                1.1925E-03       -31.2725     
                1.19515E-03        7.093E-03  
                1.1978E-03       -30.9484     
                1.20045E-03      -37.5816     
                1.2031E-03       -31.8162     
                1.20575E-03      -35.4122     
                1.2084E-03       -30.3019     
                1.21105E-03      -33.1886     
                1.2137E-03       -25.6688     
                1.21635E-03      -27.2697     
                1.219E-03        -25.2508     
                1.22165E-03      -29.0113     
                1.2243E-03       -28.9219     
                1.22695E-03      -26.6903     
                1.2296E-03       -25.8554     
                1.23225E-03      -25.1337     
                1.2349E-03       -24.8997     
                1.23755E-03      -21.8028     
                1.2402E-03       -21.2249     
                1.24285E-03      -20.3284     
                1.2455E-03       -20.5447     
                1.24815E-03      -23.92       
                1.2508E-03       -18.2012     
                1.25345E-03      -19.2323     
                1.2561E-03       -19.9957     
                1.25875E-03      -18.8645     
                1.2614E-03       -18.1025     
                1.26405E-03      -15.4864     
                1.2667E-03       -14.7285     
                1.26935E-03      -14.9451     
                1.272E-03        -17.8814     
                1.27465E-03      -17.6252     
                1.2773E-03       -15.3688     
                1.27995E-03      -13.7311     
                1.2826E-03       -14.1454     
                1.28525E-03      -12.7732     
                1.2879E-03       -11.7186     
                1.29055E-03       -7.4944     
                1.2932E-03        -6.84679    
                1.29585E-03       -4.68742    
                1.2985E-03        -2.01123    
                1.30115E-03      -35.8287     
                1.3038E-03       -48.0482     
                1.30645E-03      -52.3196     
                1.3091E-03       -54.8306     
                1.31175E-03      -63.4402     
                1.3144E-03       -56.1408     
                1.31705E-03      -57.3048     
                1.3197E-03       -60.1191     
                1.32235E-03      -58.5006     
                1.325E-03        -58.6306     
                1.32765E-03      -50.569      
                1.3303E-03       -51.6227     
                1.33295E-03      -50.1352     
                1.3356E-03       -50.0094     
                1.33825E-03      -43.3911     
                1.3409E-03       -42.9547     
                1.34355E-03      -43.3506     
                1.3462E-03       -41.6999     
                1.34885E-03      -37.102      
                1.3515E-03       -35.7946     
                1.35415E-03      -34.7206     
                1.3568E-03       -34.4148     
                1.35945E-03      -29.1507     
                1.3621E-03       -29.8703     
                1.36475E-03      -29.2072     
                1.3674E-03       -28.8336     
                1.37005E-03      -23.6136     
                1.3727E-03       -24.4199     
                1.37535E-03      -15.4826     
                1.378E-03        -27.2753     
                1.38065E-03      -26.9428     
                1.3833E-03       -26.7045     
                1.38595E-03      -23.0577     
                1.3886E-03       -22.8707     
                1.39125E-03      -22.8263     
                1.3939E-03       -21.6937     
                1.39655E-03      -17.1697     
                1.3992E-03       -18.1797     
                1.40185E-03      -19.102      
                1.4045E-03       -21.1591     
                1.40715E-03      -20.9903     
                1.4098E-03       -22.2413     
                1.41245E-03      -18.5363     
                1.4151E-03       -16.724      
                1.41775E-03      -16.7817     
                1.4204E-03       -10.4659     
                1.42305E-03      -13.401      
                1.4257E-03       -13.3446     
                1.42835E-03       -7.38608    
                1.431E-03        -11.3845     
                1.43365E-03       -9.47925    
                1.4363E-03        -7.72972    
                1.43895E-03      -19.9916     
                1.4416E-03       -49.7665     
                1.44425E-03      -56.1853     
                1.4469E-03       -53.8854     
                1.44955E-03      -57.6464     
                1.4522E-03       -62.6837     
                1.45485E-03      -62.9681     
                1.4575E-03       -63.8767     
                1.46015E-03      -65.461      
                1.4628E-03       -52.9336     
                1.46545E-03      -55.5856     
                1.4681E-03       -56.1453     
                1.47075E-03      -55.5095     
                1.4734E-03       -53.9336     
                1.47605E-03      -46.6607     
                1.4787E-03       -47.1676     
                1.48135E-03      -48.933      
                1.484E-03        -46.8799     
                1.48665E-03      -41.2253     
                1.4893E-03       -41.2094     
                1.49195E-03      -39.4313     
                1.4946E-03       -26.0801     
                1.49725E-03      -43.0882     
                1.4999E-03       -38.9812     
                1.50255E-03      -39.4375     
                1.5052E-03       -36.6712     
                1.50785E-03      -36.4299     
                1.5105E-03       -32.3576     
                1.51315E-03      -31.109      
                1.5158E-03       -29.9109     
                1.51845E-03      -32.1894     
                1.5211E-03       -34.5535     
                1.52375E-03      -28.6827     
                1.5264E-03       -27.8494     
                1.52905E-03      -28.2897     
                1.5317E-03       -25.1911     
                1.53435E-03      -24.4564     
                1.537E-03        -15.2767     
                1.53965E-03      -24.1622     
                1.5423E-03       -24.2121     
                1.54495E-03      -24.172      
                1.5476E-03       -24.1575     
                1.55025E-03      -21.4748     
                1.5529E-03       -21.3547     
                1.55555E-03      -20.2018     
                1.5582E-03       -20.1872     
                1.56085E-03      -19.0332     
                1.5635E-03       -17.139      
                1.56615E-03      -16.3316     
                1.5688E-03       -16.3387     
                1.57145E-03      -15.8711     
                1.5741E-03       -14.7176     
                1.57675E-03      -13.6986     
                1.5794E-03       -11.655      
                1.58205E-03      -11.5808     
                1.5847E-03        -6.3189     
                1.58735E-03       -6.54531    
                1.59E-03          -1.53151    
                1.59265E-03       -2.46322    
                1.5953E-03        -1.83888    
                1.59795E-03       -6.90452    
                1.6006E-03       -37.2281     
                1.60325E-03      -49.8539     
                1.6059E-03       -54.6994     
                1.60855E-03      -55.4001     
                1.6112E-03       -58.1095     
                1.61385E-03      -48.439      
                1.6165E-03       -50.5541     
                1.61915E-03      -52.7159     
                1.6218E-03       -55.1505     
                1.62445E-03      -55.4329     
                1.6271E-03       -55.4223     
                1.62975E-03      -49.4311     
                1.6324E-03       -50.381      
                1.63505E-03      -48.9317     
                1.6377E-03       -49.1726     
                1.64035E-03      -43.8502     
                1.643E-03        -43.0724     
                1.64565E-03      -43.0144     
                1.6483E-03       -43.2038     
                1.65095E-03      -36.7413     
                1.6536E-03       -37.4384     
                1.65625E-03      -36.7532     
                1.6589E-03       -35.875      
                1.66155E-03      -31.8951     
                1.6642E-03       -23.7199     
                1.66685E-03      -36.0064     
                1.6695E-03       -35.3368     
                1.67215E-03      -35.0932     
                1.6748E-03       -31.601      
                1.67745E-03      -31.9662     
                1.6801E-03       -33.3231     
                1.68275E-03       69.4109E-03 
                1.6854E-03       -32.9831     
                1.68805E-03      -29.7215     
                1.6907E-03       -30.7848     
                1.69335E-03      -28.9392     
                1.696E-03        -27.9524     
                1.69865E-03      -22.8571     
                1.7013E-03       -16.6157     
                1.70395E-03      -29.92       
                1.7066E-03       -27.8495     
                1.70925E-03      -25.7301     
                1.7119E-03       -23.0852     
                1.71455E-03      -20.8451     
                1.7172E-03       -19.6044     
                1.71985E-03      -18.611      
                1.7225E-03       -18.4189     
                1.72515E-03      -14.1398     
                1.7278E-03       -20.488      
                1.73045E-03      -18.4301     
                1.7331E-03       -16.6092     
                1.73575E-03      -15.5958     
                1.7384E-03       -14.9961     
                1.74105E-03      -11.509      
                1.7437E-03       -10.1        
                1.74635E-03       -7.72414    
                1.749E-03         -6.71641    
                1.75165E-03      -10.1631     
                1.7543E-03        -7.15273    
                1.75695E-03       11.4635E-03 
                1.7596E-03        -7.3997     
                1.76225E-03      -39.6885     
                1.7649E-03       -38.1705     
                1.76755E-03      -37.4904     
                1.7702E-03       -34.8281     
                1.77285E-03      -34.5838     
                1.7755E-03       -32.0145     
                1.77815E-03      -27.6485     
                1.7808E-03       -38.1454     
                1.78345E-03      -37.3765     
                1.7861E-03       -33.047      
                1.78875E-03      -31.5883     
                1.7914E-03       -32.1692     
                1.79405E-03      -31.5181     
                1.7967E-03       -29.1238     
                1.79935E-03      -27.296      
                1.802E-03        -26.3306     
                1.80465E-03      -25.4535     
                1.8073E-03       -22.4484     
                1.80995E-03      -21.6953     
                1.8126E-03       -21.2404     
                1.81525E-03      -20.6353     
                1.8179E-03       -17.8464     
                1.82055E-03      -17.6176     
                1.8232E-03       -14.9142     
                1.82585E-03      -20.9896     
                1.8285E-03       -20.1064     
                1.83115E-03      -17.6238     
                1.8338E-03       -16.8498     
                1.83645E-03      -17.1823     
                1.8391E-03       -16.2275     
                1.84175E-03      -16.2571     
                1.8444E-03       -13.2956     
                1.84705E-03      -12.9252     
                1.8497E-03        -6.32443    
                1.85235E-03      -15.9589     
                1.855E-03        -15.7413     
                1.85765E-03      -15.4777     
                1.8603E-03       -14.8963     
                1.86295E-03      -12.8245     
                1.8656E-03       -12.447      
                1.86825E-03      -11.8223     
                1.8709E-03       -11.9083     
                1.87355E-03      -10.7387     
                1.8762E-03       -10.5734     
                1.87885E-03       -8.61382    
                1.8815E-03        -8.48881    
                1.88415E-03       -7.92786    
                1.8868E-03        -7.77325    
                1.88945E-03       -7.40815    
                1.8921E-03        -4.04618    
                1.89475E-03       -3.63821    
                1.8974E-03        -3.05845    
                1.90005E-03       -3.35673    
                1.9027E-03       -18.5167     
                1.90535E-03      -38.8615     
                1.908E-03        -40.7684     
                1.91065E-03      -45.4104     
                1.9133E-03       -46.2698     
                1.91595E-03      -48.8415     
                1.9186E-03       -47.917      
                1.92125E-03      -41.3218     
                1.9239E-03       -44.193      
                1.92655E-03      -45.381      
                1.9292E-03       -44.897      
                1.93185E-03      -44.0983     
                1.9345E-03       -41.8026     
                1.93715E-03      -40.6599     
                1.9398E-03       -40.2003     
                1.94245E-03      -39.2939     
                1.9451E-03       -39.1007     
                1.94775E-03      -34.4144     
                1.9504E-03       -35.1447     
                1.95305E-03      -33.8816     
                1.9557E-03       -33.7838     
                1.95835E-03      -29.749      
                1.961E-03        -30.0037     
                1.96365E-03      -30.0668     
                1.9663E-03       -28.9284     
                1.96895E-03      -25.7809     
                1.9716E-03       -27.4388     
                1.97425E-03      -30.4548     
                1.9769E-03       -29.1271     
                1.97955E-03      -31.0977     
                1.9822E-03       -29.8263     
                1.98485E-03      -25.9873     
                1.9875E-03       -25.7745     
                1.99015E-03      -25.0612     
                1.9928E-03       -25.5172     
                1.99545E-03      -23.8335     
                1.9981E-03       -21.3825     
                2.00075E-03      -22.5232     
                2.0034E-03       -25.1236     
                2.00605E-03      -24.2307     
                2.0087E-03       -24.6297     
                2.01135E-03      -16.4598     
                2.014E-03         -8.69819    
                2.01665E-03       -1.37309    
                2.0193E-03         2.64477E-03
                2.02195E-03      -18.7037     
                2.0246E-03       -57.1493     
                2.02725E-03      -62.8951     
                2.0299E-03       -68.0038     
                2.03255E-03      -68.8756     
                2.0352E-03       -65.1616     
                2.03785E-03      -65.5488     
                2.0405E-03       -66.2277     
                2.04315E-03      -56.3846     
                2.0458E-03       -57.3422     
                2.04845E-03      -54.1792     
                2.0511E-03       -52.1467     
                2.05375E-03      -53.4668     
                2.0564E-03       -44.2701     
                2.05905E-03      -44.7857     
                2.0617E-03       -42.7609     
                2.06435E-03      -41.461      
                2.067E-03        -36.0535     
                2.06965E-03      -34.6222     
                2.0723E-03       -33.8155     
                2.07495E-03      -32.4469     
                2.0776E-03       -28.2406     
                2.08025E-03      -27.252      
                2.0829E-03       -27.0879     
                2.08555E-03      -31.4497     
                2.0882E-03       -29.183      
                2.09085E-03      -26.625      
                2.0935E-03       -25.4621     
                2.09615E-03      -22.4977     
                2.0988E-03       -32.6831     
                2.10145E-03      -28.773      
                2.1041E-03       -24.4557     
                2.10675E-03      -24.2238     
                2.1094E-03       -22.198      
                2.11205E-03      -22.5232     
                2.1147E-03       -21.2208     
                2.11735E-03      -13.5979     
                2.12E-03         -20.533      
                2.12265E-03      -20.0988     
                2.1253E-03       -20.6731     
                2.12795E-03      -20.8869     
                2.1306E-03       -20.3696     
                2.13325E-03      -17.2872     
                2.1359E-03       -16.4933     
                2.13855E-03      -15.42       
                2.1412E-03       -15.3671     
                2.14385E-03      -14.431      
                2.1465E-03       -13.1406     
                2.14915E-03      -11.3528     
                2.1518E-03       -15.4422     
                2.15445E-03      -14.632      
                2.1571E-03       -14.6619     
                2.15975E-03      -14.9872     
                2.1624E-03       -13.682      
                2.16505E-03      -12.1516     
                2.1677E-03       -11.3768     
                2.17035E-03      -10.8427     
                2.173E-03        -10.6612     
                2.17565E-03       -5.77527    
                2.1783E-03         2.51631E-03
                2.18095E-03        1.34879E-03
                2.1836E-03       -19.3119     
                2.18625E-03      -37.5838     
                2.1889E-03       -31.2211     
                2.19155E-03      -31.186      
                2.1942E-03       -32.9639     
                2.19685E-03      -29.9681     
                2.1995E-03       -31.2387     
                2.20215E-03      -29.7638     
                2.2048E-03       -12.4669     
                2.20745E-03      -34.9618     
                2.2101E-03       -34.043      
                2.21275E-03      -34.9774     
                2.2154E-03       -37.6045     
                2.21805E-03      -35.6899     
                2.2207E-03       -35.319      
                2.22335E-03      -31.4259     
                2.226E-03        -29.5085     
                2.22865E-03      -31.7371     
                2.2313E-03       -31.3331     
                2.23395E-03      -27.1185     
                2.2366E-03       -26.0337     
                2.23925E-03      -26.0164     
                2.2419E-03       -24.7432     
                2.24455E-03      -22.8671     
                2.2472E-03       -22.1246     
                2.24985E-03      -20.9677     
                2.2525E-03       -19.7093     
                2.25515E-03      -25.3427     
                2.2578E-03       -22.8559     
                2.26045E-03      -22.4143     
                2.2631E-03       -21.8477     
                2.26575E-03      -21.4639     
                2.2684E-03       -21.116      
                2.27105E-03      -19.4648     
                2.2737E-03       -18.7965     
                2.27635E-03      -17.7185     
                2.279E-03        -18.2096     
                2.28165E-03      -17.3518     
                2.2843E-03       -11.6441     
                2.28695E-03      -16.6318     
                2.2896E-03       -16.1848     
                2.29225E-03      -17.4611     
                2.2949E-03       -16.7005     
                2.29755E-03      -16.2094     
                2.3002E-03       -15.8469     
                2.30285E-03      -14.         
                2.3055E-03       -13.9164     
                2.30815E-03      -13.3999     
                2.3108E-03       -13.2008     
                2.31345E-03      -12.8453     
                2.3161E-03        -5.85436    
                2.31875E-03       -6.96357    
                2.3214E-03        -6.43321    
                2.32405E-03       -2.52599    
                2.3267E-03       -32.2961     
                2.32935E-03      -61.8341     
                2.332E-03        -57.0137     
                2.33465E-03      -61.4039     
                2.3373E-03       -59.2258     
                2.33995E-03      -57.1641     
                2.3426E-03       -59.3691     
                2.34525E-03      -56.5525     
                2.3479E-03       -52.46       
                2.35055E-03      -47.674      
                2.3532E-03       -51.038      
                2.35585E-03      -47.7056     
                2.3585E-03       -48.1819     
                2.36115E-03      -40.1141     
                2.3638E-03       -41.1393     
                2.36645E-03      -40.8786     
                2.3691E-03       -38.9569     
                2.37175E-03      -34.5385     
                2.3744E-03       -33.9551     
                2.37705E-03      -34.0519     
                2.3797E-03       -31.8175     
                2.38235E-03      -28.5845     
                2.385E-03        -28.721      
                2.38765E-03      -32.7351     
                2.3903E-03       -30.7111     
                2.39295E-03      -26.1029     
                2.3956E-03       -25.7831     
                2.39825E-03      -28.6948     
                2.4009E-03       -30.7598     
                2.40355E-03      -28.4775     
                2.4062E-03       -22.3793     
                2.40885E-03      -25.3565     
                2.4115E-03       -23.623      
                2.41415E-03      -16.6193     
                2.4168E-03       -29.5064     
                2.41945E-03      -28.3372     
                2.4221E-03       -23.8257     
                2.42475E-03      -23.3735     
                2.4274E-03       -23.7129     
                2.43005E-03      -22.7607     
                2.4327E-03       -21.0189     
                2.43535E-03      -19.5287     
                2.438E-03        -18.9667     
                2.44065E-03      -18.4516     
                2.4433E-03       -17.0544     
                2.44595E-03      -10.6669     
                2.4486E-03       -14.6866     
                2.45125E-03      -13.3268     
                2.4539E-03       -14.214      
                2.45655E-03       -8.5276     
                2.4592E-03        -3.17729    
                2.46185E-03      -23.8582     
                2.4645E-03       -60.1339     
                2.46715E-03      -60.1323     
                2.4698E-03       -54.3951     
                2.47245E-03      -58.2091     
                2.4751E-03       -56.7076     
                2.47775E-03      -55.3518     
                2.4804E-03       -46.3189     
                2.48305E-03      -46.8323     
                2.4857E-03       -45.198      
                2.48835E-03      -44.3872     
                2.491E-03        -42.1629     
                2.49365E-03      -37.6303     
                2.4963E-03       -35.2394     
                2.49895E-03      -35.6758     
                2.5016E-03       -34.5115     
                2.50425E-03      -33.0554     
                2.5069E-03       -29.339      
                2.50955E-03      -29.5934     
                2.5122E-03       -28.0184     
                2.51485E-03      -27.9732     
                2.5175E-03       -24.0263     
                2.52015E-03      -24.4672     
                2.5228E-03       -21.7334     
                2.52545E-03      -27.6072     
                2.5281E-03       -24.9196     
                2.53075E-03      -22.1393     
                2.5334E-03       -22.3632     
                2.53605E-03      -21.9291     
                2.5387E-03       -17.7416     
                2.54135E-03      -24.7278     
                2.544E-03        -23.3171     
                2.54665E-03      -21.3792     
                2.5493E-03       -21.6283     
                2.55195E-03      -21.4484     
                2.5546E-03       -20.01       
                2.55725E-03      -24.5471     
                2.5599E-03       -22.605      
                2.56255E-03      -21.5127     
                2.5652E-03       -20.9553     
                2.56785E-03      -20.5283     
                2.5705E-03       -20.3408     
                2.57315E-03      -19.7343     
                2.5758E-03       -21.5543     
                2.57845E-03      -21.8832     
                2.5811E-03       -21.5382     
                2.58375E-03      -20.7294     
                2.5864E-03       -21.1225     
                2.58905E-03      -19.5768     
                2.5917E-03       -18.2902     
                2.59435E-03      -17.6418     
                2.597E-03        -17.2056     
                2.59965E-03      -17.7441     
                2.6023E-03       -21.0008     
                2.60495E-03      -18.9372     
                2.6076E-03       -17.7331     
                2.61025E-03      -17.4445     
                2.6129E-03       -15.9254     
                2.61555E-03      -16.1975     
                2.6182E-03       -16.1127     
                2.62085E-03      -13.7897     
                2.6235E-03       -14.3606     
                2.62615E-03      -13.7049     
                2.6288E-03       -13.9181     
                2.63145E-03      -15.2756     
                2.6341E-03       -16.6285     
                2.63675E-03      -14.5079     
                2.6394E-03       -15.0085     
                2.64205E-03      -13.7477     
                2.6447E-03       -13.9862     
                2.64735E-03      -13.0611     
                2.65E-03         -11.3745     
                2.65265E-03      -11.3614     
                2.6553E-03       -10.0626     
                2.65795E-03      -11.0761     
                2.6606E-03        -8.31358    
                2.66325E-03      -12.6306     
                2.6659E-03       -11.3235     
                2.66855E-03      -10.4661     
                2.6712E-03       -10.6671     
                2.67385E-03      -10.1852     
                2.6765E-03        -1.82373    
                2.67915E-03       -2.536      
                2.6818E-03        -4.7617     
                2.68445E-03     -599.861E-06  
                2.6871E-03       -36.2563     
                2.68975E-03      -59.7211     
                2.6924E-03       -58.6447     
                2.69505E-03      -60.359      
                2.6977E-03       -52.4892     
                2.70035E-03      -54.1896     
                2.703E-03        -51.079      
                2.70565E-03      -51.7951     
                2.7083E-03       -50.6359     
                2.71095E-03      -45.3806     
                2.7136E-03       -44.753      
                2.71625E-03      -43.7159     
                2.7189E-03       -43.7776     
                2.72155E-03      -33.6439     
                2.7242E-03       -38.2752     
                2.72685E-03      -36.757      
                2.7295E-03       -36.1312     
                2.73215E-03      -35.453      
                2.7348E-03       -32.4062     
                2.73745E-03      -31.4967     
                2.7401E-03       -30.4273     
                2.74275E-03      -26.6838     
                2.7454E-03       -25.5792     
                2.74805E-03      -24.9743     
                2.7507E-03       -25.3318     
                2.75335E-03      -20.7738     
                2.756E-03        -20.248      
                2.75865E-03      -18.1479     
                2.7613E-03       -24.4397     
                2.76395E-03      -22.5418     
                2.7666E-03       -18.5682     
                2.76925E-03      -19.1241     
                2.7719E-03       -18.818      
                2.77455E-03      -14.2094     
                2.7772E-03       -23.3433     
                2.77985E-03      -17.0551     
                2.7825E-03       -18.8252     
                2.78515E-03      -15.6573     
                2.7878E-03       -16.2107     
                2.79045E-03      -16.1274     
                2.7931E-03       -15.0671     
                2.79575E-03      -14.6187     
                2.7984E-03       -12.525      
                2.80105E-03      -12.057      
                2.8037E-03       -10.8947     
                2.80635E-03      -10.8589     
                2.809E-03         -9.78148    
                2.81165E-03       -8.36119    
                2.8143E-03        -8.26268    
                2.81695E-03       -7.79669    
                2.8196E-03        -7.39346    
                2.82225E-03       -7.31649    
                2.8249E-03        -6.82332    
                2.82755E-03       -5.67414    
                2.8302E-03        -5.67041    
                2.83285E-03       -5.32654    
                2.8355E-03        -5.11802    
                2.83815E-03       -3.01646E-03
                2.8408E-03        -7.16704    
                2.84345E-03       -7.66898    
                2.8461E-03        -9.87606    
                2.84875E-03       -8.94214    
                2.8514E-03        -8.63633    
                2.85405E-03       -9.2704     
                2.8567E-03       276.543E-06  
                2.85935E-03        4.42689E-03
                2.862E-03         -2.86254    
                2.86465E-03      -31.4492     
                2.8673E-03       -35.7738     
                2.86995E-03      -37.5844     
                2.8726E-03       -32.7746     
                2.87525E-03      -33.6357     
                2.8779E-03         1.06823E-03
                2.88055E-03      -21.2777     
                2.8832E-03       -43.7147     
                2.88585E-03      -42.8726     
                2.8885E-03       -45.6297     
                2.89115E-03      -37.7029     
                2.8938E-03       -41.1102     
                2.89645E-03      -37.8608     
                2.8991E-03       -37.0487     
                2.90175E-03      -37.3828     
                2.9044E-03       -35.3155     
                2.90705E-03      -33.7336     
                2.9097E-03       -32.1754     
                2.91235E-03      -31.6394     
                2.915E-03        -26.6809     
                2.91765E-03      -27.5005     
                2.9203E-03       -27.2181     
                2.92295E-03      -27.4339     
                2.9256E-03       -25.828      
                2.92825E-03      -12.7883     
                2.9309E-03       -27.0822     
                2.93355E-03      -27.026      
                2.9362E-03       -26.6561     
                2.93885E-03      -26.112      
                2.9415E-03       -23.1226     
                2.94415E-03      -23.0155     
                2.9468E-03       -24.4586     
                2.94945E-03      -27.3418     
                2.9521E-03       -25.4249     
                2.95475E-03      -24.381      
                2.9574E-03       -21.9306     
                2.96005E-03      -22.9633     
                2.9627E-03       -20.0457     
                2.96535E-03      -20.6539     
                2.968E-03        -22.7883     
                2.97065E-03      -21.9405     
                2.9733E-03       -20.6472     
                2.97595E-03      -20.6424     
                2.9786E-03       -20.2862     
                2.98125E-03      -20.2941     
                2.9839E-03       -20.3037     
                2.98655E-03      -17.0856     
                2.9892E-03       -16.9467     
                2.99185E-03      -16.4873     
                2.9945E-03       -15.8351     
                2.99715E-03      -15.2214     
                2.9998E-03       -13.7107     
                3.00245E-03      -13.4821     
                3.0051E-03       -13.2284     
                3.00775E-03      -12.6632     
                3.0104E-03       -12.5151     
                3.01305E-03      -12.1179     
                3.0157E-03       -11.8076     
                3.01835E-03      -14.3498     
                3.021E-03        -14.1294     
                3.02365E-03      -13.6812     
                3.0263E-03        -7.90399    
                3.02895E-03       -4.77815    
                3.0316E-03        -2.65028    
                3.03425E-03       -1.99831    
                3.0369E-03       -28.1688     
                3.03955E-03      -38.1837     
                3.0422E-03       -40.6506     
                3.04485E-03      -37.5798     
                3.0475E-03       -40.6114     
                3.05015E-03      -42.1902     
                3.0528E-03       -44.3992     
                3.05545E-03      -44.472      
                3.0581E-03       -38.7108     
                3.06075E-03      -39.9984     
                3.0634E-03       -19.4282     
                3.06605E-03      -43.6379     
                3.0687E-03       -45.7645     
                3.07135E-03      -44.4732     
                3.074E-03        -41.0947     
                3.07665E-03      -41.1575     
                3.0793E-03       -41.646      
                3.08195E-03      -39.1342     
                3.0846E-03       -39.9421     
                3.08725E-03      -36.1644     
                3.0899E-03       -34.3635     
                3.09255E-03      -34.9467     
                3.0952E-03       -34.6055     
                3.09785E-03      -31.0944     
                3.1005E-03       -32.0664     
                3.10315E-03      -35.8039     
                3.1058E-03       -33.2643     
                3.10845E-03      -34.0279     
                3.1111E-03       -28.7001     
                3.11375E-03      -29.8347     
                3.1164E-03       -32.3646     
                3.11905E-03      -34.3        
                3.1217E-03       -32.5042     
                3.12435E-03      -28.7365     
                3.127E-03        -30.3684     
                3.12965E-03      -30.7028     
                3.1323E-03       -30.0978     
                3.13495E-03      -24.9589     
                3.1376E-03       -31.5769     
                3.14025E-03      -28.5794     
                3.1429E-03       -28.053      
                3.14555E-03      -27.016      
                3.1482E-03       -27.8456     
                3.15085E-03      -22.1238     
                3.1535E-03       -28.7619     
                3.15615E-03      -25.8255     
                3.1588E-03       -26.1338     
                3.16145E-03      -26.0651     
                3.1641E-03       -27.3877     
                3.16675E-03      -26.9192     
                3.1694E-03       -21.4189     
                3.17205E-03      -20.8764     
                3.1747E-03       -15.2052     
                3.17735E-03      -23.6602     
                3.18E-03         -24.0574     
                3.18265E-03      -21.3594     
                3.1853E-03       -21.4807     
                3.18795E-03      -20.0117     
                3.1906E-03       -21.1087     
                3.19325E-03      -19.8084     
                3.1959E-03       -22.6863     
                3.19855E-03      -21.3007     
                3.2012E-03       -20.5384     
                3.20385E-03      -16.5783     
                3.2065E-03         1.50724E-03
                3.20915E-03      -21.4457     
                3.2118E-03       -33.2777     
                3.21445E-03      -32.0741     
                3.2171E-03       -32.3369     
                3.21975E-03      -28.1444     
                3.2224E-03       -27.7816     
                3.22505E-03       30.5873E-03 
                3.2277E-03       -24.5814     
                3.23035E-03      -30.2233     
                3.233E-03        -28.3171     
                3.23565E-03      -31.2815     
                3.2383E-03       -30.9796     
                3.24095E-03      -30.2833     
                3.2436E-03       -30.2402     
                3.24625E-03      -10.2271     
                3.2489E-03       -33.2763     
                3.25155E-03      -27.3277     
                3.2542E-03       -27.8502     
                3.25685E-03      -29.7445     
                3.2595E-03       -27.6763     
                3.26215E-03      -28.5777     
                3.2648E-03       -24.6846     
                3.26745E-03      -25.2433     
                3.2701E-03       -24.5033     
                3.27275E-03      -23.2571     
                3.2754E-03       -21.7132     
                3.27805E-03      -26.3225     
                3.2807E-03       -24.5861     
                3.28335E-03      -24.5791     
                3.286E-03        -24.333      
                3.28865E-03      -23.6032     
                3.2913E-03       -20.8094     
                3.29395E-03      -20.4569     
                3.2966E-03       -19.9645     
                3.29925E-03      -20.1235     
                3.3019E-03       -20.3647     
                3.30455E-03      -23.7294     
                3.3072E-03       -21.8878     
                3.30985E-03      -21.325      
                3.3125E-03       -20.8466     
                3.31515E-03      -20.8159     
                3.3178E-03       -20.4048     
                3.32045E-03      -17.5828     
                3.3231E-03       -17.7498     
                3.32575E-03      -16.7588     
                3.3284E-03       -16.4009     
                3.33105E-03      -16.3        
                3.3337E-03       -18.0097     
                3.33635E-03      -18.7528     
                3.339E-03        -16.9205     
                3.34165E-03      -17.3916     
                3.3443E-03       -17.4321     
                3.34695E-03      -17.2732     
                3.3496E-03       -16.6991     
                3.35225E-03      -14.4109     
                3.3549E-03       -14.8255     
                3.35755E-03      -13.7549     
                3.3602E-03       -13.6221     
                3.36285E-03      -13.0186     
                3.3655E-03       -10.5007     
                3.36815E-03       -7.44707    
                3.3708E-03        -3.79739    
                3.37345E-03       -3.27158    
                3.3761E-03        -9.16074    
                3.37875E-03      -42.6253     
                3.3814E-03       -53.7302     
                3.38405E-03      -53.4676     
                3.3867E-03       -52.7281     
                3.38935E-03      -51.1632     
                3.392E-03        -50.981      
                3.39465E-03      -44.3138     
                3.3973E-03       -43.377      
                3.39995E-03      -44.1116     
                3.4026E-03       -43.6018     
                3.40525E-03      -42.6486     
                3.4079E-03       -38.6397     
                3.41055E-03      -38.3483     
                3.4132E-03       -38.2581     
                3.41585E-03      -36.5792     
                3.4185E-03       -36.1977     
                3.42115E-03      -32.0774     
                3.4238E-03       -32.0433     
                3.42645E-03      -30.8933     
                3.4291E-03         1.8872E-03 
                3.43175E-03      -27.3426     
                3.4344E-03       -29.5693     
                3.43705E-03      -28.9009     
                3.4397E-03       -29.3222     
                3.44235E-03      -24.3436     
                3.445E-03        -25.5174     
                3.44765E-03      -25.0977     
                3.4503E-03       -29.186      
                3.45295E-03      -29.7528     
                3.4556E-03       -22.7333     
                3.45825E-03      -24.8219     
                3.4609E-03       -24.5974     
                3.46355E-03      -24.6355     
                3.4662E-03       -24.259      
                3.46885E-03      -26.6825     
                3.4715E-03       -22.0887     
                3.47415E-03      -25.4589     
                3.4768E-03       -24.0089     
                3.47945E-03      -22.7862     
                3.4821E-03       -22.315      
                3.48475E-03      -20.3769     
                3.4874E-03       -17.8471     
                3.49005E-03      -17.2543     
                3.4927E-03       -23.1072     
                3.49535E-03      -21.7134     
                3.498E-03        -20.6253     
                3.50065E-03      -21.2518     
                3.5033E-03       -18.2789     
                3.50595E-03      -16.7584     
                3.5086E-03       -15.9419     
                3.51125E-03      -15.8048     
                3.5139E-03       -16.4423     
                3.51655E-03      -14.6817     
                3.5192E-03       -18.5079     
                3.52185E-03      -16.7442     
                3.5245E-03        -6.52604    
                3.52715E-03      -19.6516     
                3.5298E-03       -20.5858     
                3.53245E-03      -17.9274     
                3.5351E-03       -16.8046     
                3.53775E-03      -17.0777     
                3.5404E-03       -16.6576     
                3.54305E-03        3.51587E-03
                3.5457E-03       -12.7539     
                3.54835E-03      -27.79       
                3.551E-03        -30.7313     
                3.55365E-03      -26.5885     
                3.5563E-03       -25.1344     
                3.55895E-03      -25.8004     
                3.5616E-03       -26.7705     
                3.56425E-03      -28.2763     
                3.5669E-03       -26.5919     
                3.56955E-03      -24.728      
                3.5722E-03       -24.6205     
                3.57485E-03      -24.291      
                3.5775E-03       -27.3228     
                3.58015E-03      -27.1334     
                3.5828E-03       -28.5894     
                3.58545E-03      -24.3966     
                3.5881E-03       -26.462      
                3.59075E-03      -26.2783     
                3.5934E-03       -23.5306     
                3.59605E-03      -21.2011     
                3.5987E-03       -22.6367     
                3.60135E-03      -17.0973     
                3.604E-03        -11.049      
                3.60665E-03      -17.3777     
                3.6093E-03       -14.043      
                3.61195E-03      -18.3137     
                3.6146E-03       -18.4846     
                3.61725E-03      -21.5318     
                3.6199E-03       -23.0433     
                3.62255E-03      -22.5935     
                3.6252E-03       -20.873      
                3.62785E-03      -20.0639     
                3.6305E-03       -19.2646     
                3.63315E-03      -20.1244     
                3.6358E-03       -21.7137     
                3.63845E-03      -23.1826     
                3.6411E-03       -18.1344     
                3.64375E-03      -20.5503     
                3.6464E-03       -20.1708     
                3.64905E-03      -19.8142     
                3.6517E-03       -19.4673     
                3.65435E-03      -16.5865     
                3.657E-03        -16.18       
                3.65965E-03      -15.3478     
                3.6623E-03       -20.6944     
                3.66495E-03      -20.0831     
                3.6676E-03       -19.0379     
                3.67025E-03      -16.4939     
                3.6729E-03       -17.6278     
                3.67555E-03      -16.5016     
                3.6782E-03       -16.2289     
                3.68085E-03      -14.7354     
                3.6835E-03       -14.2078     
                3.68615E-03      -13.2275     
                3.6888E-03       -13.0238     
                3.69145E-03      -13.0217     
                3.6941E-03        -8.80099    
                3.69675E-03      -14.2621     
                3.6994E-03       -14.2299     
                3.70205E-03      -11.938      
                3.7047E-03       -12.04       
                3.70735E-03      -11.3985     
                3.71E-03         -11.2773     
                3.71265E-03      -11.1099     
                3.7153E-03       -10.3131     
                3.71795E-03       -9.22937    
                3.7206E-03        -8.66668    
                3.72325E-03       -8.4186     
                3.7259E-03        -2.2818     
                3.72855E-03       -2.30196    
                3.7312E-03        -2.52892    
                3.73385E-03       -2.42199    
                3.7365E-03       -42.4911     
                3.73915E-03      -59.6537     
                3.7418E-03       -59.5487     
                3.74445E-03      -61.4559     
                3.7471E-03       -53.8199     
                3.74975E-03      -53.8583     
                3.7524E-03       -55.8105     
                3.75505E-03      -56.8959     
                3.7577E-03       -56.8478     
                3.76035E-03      -59.1334     
                3.763E-03        -53.4278     
                3.76565E-03      -52.3756     
                3.7683E-03       -52.0805     
                3.77095E-03      -50.8099     
                3.7736E-03       -51.0747     
                3.77625E-03      -44.2672     
                3.7789E-03       -44.4329     
                3.78155E-03      -44.6116     
                3.7842E-03       -42.728      
                3.78685E-03      -38.1166     
                3.7895E-03       -36.9399     
                3.79215E-03      -37.3306     
                3.7948E-03       -33.0074     
                3.79745E-03      -31.6396     
                3.8001E-03       -32.102      
                3.80275E-03      -29.0431     
                3.8054E-03       -33.8818     
                3.80805E-03      -27.7596     
                3.8107E-03       -30.2465     
                3.81335E-03      -33.7559     
                3.816E-03        -33.3847     
                3.81865E-03      -17.3265     
                3.8213E-03       -31.8467     
                3.82395E-03      -28.5968     
                3.8266E-03       -28.7858     
                3.82925E-03      -30.1032     
                3.8319E-03       -29.0073     
                3.83455E-03      -30.0626     
                3.8372E-03       -25.5025     
                3.83985E-03      -24.7205     
                3.8425E-03       -24.1033     
                3.84515E-03      -24.3547     
                3.8478E-03       -22.7338     
                3.85045E-03      -21.1631     
                3.8531E-03       -23.3175     
                3.85575E-03      -21.9592     
                3.8584E-03       -22.1422     
                3.86105E-03      -22.465      
                3.8637E-03       -20.7844     
                3.86635E-03      -17.4508     
                3.869E-03        -18.9139     
                3.87165E-03      -13.253      
                3.8743E-03      -201.315E-06  
                3.87695E-03     -668.958E-06  
                3.8796E-03        -5.86062    
                3.88225E-03     -287.876E-06  
                3.8849E-03       -24.2482     
                3.88755E-03      -46.8023     
                3.8902E-03       -47.0121     
                3.89285E-03      -28.6508     
                3.8955E-03       -41.0266     
                3.89815E-03      -38.9267     
                3.9008E-03       -39.9122     
                3.90345E-03      -39.2252     
                3.9061E-03       -38.8632     
                3.90875E-03      -34.9327     
                3.9114E-03       -32.9943     
                3.91405E-03      -33.0458     
                3.9167E-03       -29.8104     
                3.91935E-03      -36.7348     
                3.922E-03        -31.9883     
                3.92465E-03      -31.132      
                3.9273E-03       -31.1757     
                3.92995E-03      -30.5627     
                3.9326E-03       -28.6539     
                3.93525E-03      -27.1984     
                3.9379E-03       -27.9591     
                3.94055E-03      -30.131      
                3.9432E-03       -28.0215     
                3.94585E-03      -27.807      
                3.9485E-03       -26.5822     
                3.95115E-03      -24.9232     
                3.9538E-03       -21.8763     
                3.95645E-03      -26.0275     
                3.9591E-03       -26.0728     
                3.96175E-03      -25.3671     
                3.9644E-03       -25.6508     
                3.96705E-03      -22.6168     
                3.9697E-03       -22.019      
                3.97235E-03      -23.2336     
                3.975E-03        -26.3007     
                3.97765E-03      -25.1836     
                3.9803E-03       -21.1489     
                3.98295E-03      -22.6036     
                3.9856E-03       -20.9859     
                3.98825E-03      -20.9901     
                3.9909E-03       -17.1656     
                3.99355E-03      -18.6288     
                3.9962E-03       -18.1317     
                3.99885E-03      -17.4695     
                4.0015E-03       -16.8324     
                4.00415E-03      -14.9985     
                4.0068E-03       -14.6778     
                4.00945E-03      -14.024      
                4.0121E-03       -12.2851     
                4.01475E-03      -18.1401     
                4.0174E-03       -14.8094     
                4.02005E-03      -14.748      
                4.0227E-03       -14.7977     
                4.02535E-03      -14.745      
                4.028E-03         -7.82211    
                4.03065E-03       -3.27388    
                4.0333E-03        -2.13729    
                4.03595E-03       -1.91347    
                4.0386E-03       -35.8319     
                4.04125E-03      -48.1474     
                4.0439E-03       -45.8562     
                4.04655E-03      -47.3497     
                4.0492E-03       -52.3278     
                4.05185E-03      -52.2651     
                4.0545E-03       -54.5686     
                4.05715E-03      -48.1131     
                4.0598E-03       -49.5291     
                4.06245E-03      -50.2366     
                4.0651E-03       -50.745      
                4.06775E-03      -45.6122     
                4.0704E-03       -44.8116     
                4.07305E-03      -44.7617     
                4.0757E-03       -44.7701     
                4.07835E-03      -39.1564     
                4.081E-03        -39.2085     
                4.08365E-03      -39.2494     
                4.0863E-03       -36.1        
                4.08895E-03      -39.2716     
                4.0916E-03       -40.4006     
                4.09425E-03      -38.4399     
                4.0969E-03       -39.2648     
                4.09955E-03      -33.2818     
                4.1022E-03       -25.2798     
                4.10485E-03      -37.2883     
                4.1075E-03       -34.7005     
                4.11015E-03      -30.8377     
                4.1128E-03       -32.5998     
                4.11545E-03      -30.6538     
                4.1181E-03       -34.6415     
                4.12075E-03      -34.7159     
                4.1234E-03       -30.6829     
                4.12605E-03      -31.0889     
                4.1287E-03       -29.2941     
                4.13135E-03      -28.6431     
                4.134E-03        -32.0356     
                4.13665E-03      -29.1725     
                4.1393E-03       -29.5259     
                4.14195E-03      -27.884      
                4.1446E-03       -26.061      
                4.14725E-03      -16.1911     
                4.1499E-03       -26.5344     
                4.15255E-03      -24.4986     
                4.1552E-03       -24.1466     
                4.15785E-03      -24.23       
                4.1605E-03       -24.9979     
                4.16315E-03      -25.5957     
                4.1658E-03       -23.4733     
                4.16845E-03      -23.283      
                4.1711E-03       -23.1563     
                4.17375E-03      -24.7306     
                4.1764E-03       -25.2208     
                4.17905E-03       -2.45292    
                4.1817E-03       -23.3319     
                4.18435E-03      -32.7223     
                4.187E-03        -29.1136     
                4.18965E-03      -16.551      
                4.1923E-03       -35.499      
                4.19495E-03      -33.0519     
                4.1976E-03       -32.4676     
                4.20025E-03      -31.5934     
                4.2029E-03       -31.7147     
                4.20555E-03      -28.2735     
                4.2082E-03       -28.063      
                4.21085E-03      -28.8727     
                4.2135E-03       -30.9278     
                4.21615E-03      -29.2386     
                4.2188E-03       -27.4247     
                4.22145E-03      -26.6509     
                4.2241E-03       -25.9815     
                4.22675E-03      -28.4684     
                4.2294E-03       -28.8366     
                4.23205E-03      -25.8518     
                4.2347E-03       -26.0011     
                4.23735E-03      -24.6955     
                4.24E-03         168.279E-06  
                4.24265E-03      -23.3698     
                4.2453E-03       -25.1253     
                4.24795E-03      -25.0536     
                4.2506E-03       -24.2164     
                4.25325E-03      -21.7815     
                4.2559E-03       -21.287      
                4.25855E-03      -13.0134     
                4.2612E-03       -22.9936     
                4.26385E-03      -24.5103     
                4.2665E-03       -22.6894     
                4.26915E-03      -20.439      
                4.2718E-03       -20.4837     
                4.27445E-03      -21.0058     
                4.2771E-03       -18.9802     
                4.27975E-03      -18.1163     
                4.2824E-03       -18.6797     
                4.28505E-03      -22.4002     
                4.2877E-03       -21.7818     
                4.29035E-03      -18.5252     
                4.293E-03        -19.4867     
                4.29565E-03      -17.9927     
                4.2983E-03       -17.6777     
                4.30095E-03      -18.0388     
                4.3036E-03       -15.7277     
                4.30625E-03      -14.4843     
                4.3089E-03       -18.0337     
                4.31155E-03      -17.7597     
                4.3142E-03       -17.1269     
                4.31685E-03      -15.5377     
                4.3195E-03      -260.153E-03  
                4.32215E-03      -16.0407     
                4.3248E-03       -34.0374     
                4.32745E-03      -31.718      
                4.3301E-03       -30.8552     
                4.33275E-03      -30.3833     
                4.3354E-03       -27.1394     
                4.33805E-03      -26.455      
                4.3407E-03       -25.3195     
                4.34335E-03      -25.5354     
                4.346E-03        -26.0812     
                4.34865E-03      -27.0277     
                4.3513E-03       -27.7822     
                4.35395E-03      -26.5817     
                4.3566E-03       -22.2599     
                4.35925E-03      -21.9075     
                4.3619E-03       -21.3461     
                4.36455E-03      -21.3452     
                4.3672E-03       -26.1879     
                4.36985E-03      -23.5061     
                4.3725E-03       -22.8137     
                4.37515E-03      -22.4626     
                4.3778E-03       -22.3658     
                4.38045E-03      -18.2904     
                4.3831E-03       -26.8451     
                4.38575E-03      -26.919      
                4.3884E-03       -24.8532     
                4.39105E-03      -29.7329     
                4.3937E-03       -29.1475     
                4.39635E-03      -26.4251     
                4.399E-03        -26.5881     
                4.40165E-03      -23.7483     
                4.4043E-03       -23.8714     
                4.40695E-03      -19.4522     
                4.4096E-03       -19.7885     
                4.41225E-03      -19.9183     
                4.4149E-03       -19.2059     
                4.41755E-03      -17.7707     
                4.4202E-03       -17.8759     
                4.42285E-03      -18.8957     
                4.4255E-03       -18.9694     
                4.42815E-03      -21.0641     
                4.4308E-03       -16.2854     
                4.43345E-03      -15.1825     
                4.4361E-03       -14.6353     
                4.43875E-03      -17.7343     
                4.4414E-03       -17.8148     
                4.44405E-03      -15.2584     
                4.4467E-03       -14.8489     
                4.44935E-03      -13.981      
                4.452E-03        -13.0971     
                4.45465E-03      -12.435      
                4.4573E-03       -10.7068     
                4.45995E-03       -9.97588    
                4.4626E-03        -9.97813    
                4.46525E-03      -13.2144     
                4.4679E-03       -12.9254     
                4.47055E-03      -12.2033     
                4.4732E-03       -11.0892     
                4.47585E-03      -10.2196     
                4.4785E-03       -10.102      
                4.48115E-03       -9.33727    
                4.4838E-03        -8.82674    
                4.48645E-03       -7.32611    
                4.4891E-03        -6.82936    
                4.49175E-03      -59.0532E-03 
                4.4944E-03        -2.73138    
                4.49705E-03       -3.30082    
                4.4997E-03        -1.99491E-03
                4.50235E-03       -3.62186    
                4.505E-03        -42.064      
                4.50765E-03      -55.1884     
                4.5103E-03       -55.8022     
                4.51295E-03      -57.317      
                4.5156E-03       -52.2175     
                4.51825E-03      -52.871      
                4.5209E-03       -52.8897     
                4.52355E-03      -54.4017     
                4.5262E-03       -52.3228     
                4.52885E-03      -48.0263     
                4.5315E-03       -48.2918     
                4.53415E-03      -47.9169     
                4.5368E-03       -47.0095     
                4.53945E-03      -42.2661     
                4.5421E-03       -40.912      
                4.54475E-03      -40.3968     
                4.5474E-03       -38.9499     
                4.55005E-03      -34.72       
                4.5527E-03       -34.4227     
                4.55535E-03      -33.8393     
                4.558E-03        -28.9311     
                4.56065E-03      -28.6703     
                4.5633E-03       -28.1575     
                4.56595E-03      -30.0765     
                4.5686E-03       -30.5928     
                4.57125E-03      -27.1175     
                4.5739E-03       -28.1627     
                4.57655E-03      -27.7455     
                4.5792E-03       -26.4014     
                4.58185E-03      -26.0225     
                4.5845E-03       -22.7346     
                4.58715E-03      -22.494      
                4.5898E-03       -22.3052     
                4.59245E-03      -21.7615     
                4.5951E-03       -14.9334     
                4.59775E-03      -22.6062     
                4.6004E-03       -21.9491     
                4.60305E-03      -21.6062     
                4.6057E-03       -23.5344     
                4.60835E-03      -23.1108     
                4.611E-03        -17.8357     
                4.61365E-03      -17.7        
                4.6163E-03       -15.8831     
                4.61895E-03      -15.7823     
                4.6216E-03       -14.8232     
                4.62425E-03      -11.7632     
                4.6269E-03       -11.3429     
                4.62955E-03      -10.7533     
                4.6322E-03       -10.1722     
                4.63485E-03      -11.3003     
                4.6375E-03        -7.9412     
                4.64015E-03       -5.09752    
                4.6428E-03        -4.96157    
                4.64545E-03       -4.79751    
                4.6481E-03        -3.88869    
                4.65075E-03       -2.52349    
                4.6534E-03      -725.465E-03  
                4.65605E-03      -19.7097     
                4.6587E-03       -55.1817     
                4.66135E-03      -62.3448     
                4.664E-03        -56.3793     
                4.66665E-03      -55.649      
                4.6693E-03       -55.745      
                4.67195E-03      -58.2799     
                4.6746E-03       -59.7609     
                4.67725E-03      -60.3659     
                4.6799E-03       -62.4323     
                4.68255E-03      -48.9095     
                4.6852E-03       -58.2253     
                4.68785E-03      -59.1204     
                4.6905E-03       -59.9621     
                4.69315E-03      -61.7125     
                4.6958E-03       -63.4435     
                4.69845E-03      -63.3818     
                4.7011E-03       -65.8071     
                4.70375E-03      -66.9268     
                4.7064E-03       -68.4878     
                4.70905E-03      -65.1009     
                4.7117E-03       -65.7893     
                4.71435E-03      -66.5578     
                4.717E-03        -67.5932     
                4.71965E-03      -68.3728     
                4.7223E-03       -69.2107     
                4.72495E-03      -71.8461     
                4.7276E-03       -72.1308     
                4.73025E-03      -74.2506     
                4.7329E-03       -75.764      
                4.73555E-03      -77.3456     
                4.7382E-03       -79.4078     
                4.74085E-03      -81.3884     
                4.7435E-03       -82.88       
                4.74615E-03      -84.462      
                4.7488E-03       -85.8948     
                4.75145E-03      -87.2393     
                4.7541E-03       -82.5335     
                4.75675E-03      -87.0765     
                4.7594E-03       -86.6743     
                4.76205E-03      -87.9708     
                4.7647E-03       -88.5202     
                4.76735E-03      -59.8216     
                4.77E-03         -73.7811     
                4.77265E-03      -51.6809     
                4.7753E-03       -58.0788     
                4.77795E-03      -64.4675     
                4.7806E-03       -32.669      
                4.78325E-03      -34.8752     
                4.7859E-03       -34.0822     
                4.78855E-03      -29.3261     
                4.7912E-03       -30.1679     
                4.79385E-03      -30.5455     
                4.7965E-03       -32.8769     
                4.79915E-03      -31.5916     
                4.8018E-03       -32.6443     
                4.80445E-03      -32.6319     
                4.8071E-03       -32.249      
                4.80975E-03      -32.3191     
                4.8124E-03       -30.5331     
                4.81505E-03      -31.3184     
                4.8177E-03       -31.1388     
                4.82035E-03      -29.7164     
                4.823E-03        -29.4821     
                4.82565E-03      -26.3743     
                4.8283E-03       -27.4629     
                4.83095E-03      -27.6937     
                4.8336E-03       -28.0649     
                4.83625E-03      -25.1537     
                4.8389E-03       -28.2285     
                4.84155E-03      -28.5111     
                4.8442E-03       -30.1925     
                4.84685E-03      -26.9076     
                4.8495E-03       -26.4632     
                4.85215E-03      -27.2368     
                4.8548E-03       -27.9835     
                4.85745E-03      -27.9165     
                4.8601E-03       -24.055      
                4.86275E-03      -24.0972     
                4.8654E-03       -24.8577     
                4.86805E-03      -24.9541     
                4.8707E-03       -25.3163     
                4.87335E-03      -25.7758     
                4.876E-03        -19.8182     
                4.87865E-03      -21.3197     
                4.8813E-03       -21.1655     
                4.88395E-03      -22.2197     
                4.8866E-03       -22.8532     
                4.88925E-03      -23.202      
                4.8919E-03       -22.3691     
                4.89455E-03      -22.8903     
                4.8972E-03       -13.4058     
                4.89985E-03      -13.7877     
                4.9025E-03       -13.4554     
                4.90515E-03      -13.1792     
                4.9078E-03       -11.9564     
                4.91045E-03      -11.4851     
                4.9131E-03       -10.9289     
                4.91575E-03      -10.1207     
                4.9184E-03        -8.67078    
                4.92105E-03       -6.30241    
                4.9237E-03        -5.85383    
                4.92635E-03       -4.69246    
                4.929E-03        -13.6675     
                4.93165E-03      -32.0407     
                4.9343E-03       -42.8994     
                4.93695E-03      -49.1611     
                4.9396E-03       -52.6045     
                4.94225E-03      -55.8721     
                4.9449E-03       -58.2726     
                4.94755E-03      -60.3944     
                4.9502E-03       -60.7386     
                4.95285E-03      -60.4992     
                4.9555E-03       -59.7709     
                4.95815E-03      -75.927      
                4.9608E-03      -100.53       
                4.96345E-03      -86.231      
                4.9661E-03       -80.8381     
                4.96875E-03       -3.22212    
                4.9714E-03       -20.1618     
                4.97405E-03      -31.4283     
                4.9767E-03       -52.516      
                4.97935E-03      -39.0467     
                4.982E-03         -5.13659E-03
                4.98465E-03       -9.16071E-03
                4.9873E-03        -5.4214     
                4.98995E-03      -14.4436     
                4.9926E-03       -16.5608     
                4.99525E-03       -6.22359E-03
                4.9979E-03        -8.83503E-03
                5.00055E-03      -10.9014E-03 
                5.0032E-03      -858.894E-03  
                5.00585E-03       -6.19182    
                5.0085E-03        -8.23717    
                5.01115E-03      -12.1737     
                5.0138E-03       -10.7396E-03 
                5.01645E-03       -2.38695    
                5.0191E-03        -5.63484    
                5.02175E-03       -8.36884    
                5.0244E-03       -10.4753     
                5.02705E-03      -12.1868     
                5.0297E-03       -11.2133     
                5.03235E-03      -13.0185     
                5.035E-03        -13.9045     
                5.03765E-03      -15.446      
                5.0403E-03       -16.6002     
                5.04295E-03      -20.7019     
                5.0456E-03       -25.0566     
                5.04825E-03      -26.4789     
                5.0509E-03       -26.1277     
                5.05355E-03      -27.5298     
                5.0562E-03       -24.0939     
                5.05885E-03      -25.542      
                5.0615E-03       -27.5954     
                5.06415E-03       -3.87342    
                5.0668E-03       -25.2716     
                5.06945E-03      -24.0995     
                5.0721E-03        -7.42196    
                5.07475E-03       -2.68504    
                5.0774E-03       -31.2276     
                5.08005E-03      -27.7792     
                5.0827E-03       -37.4513     
                5.08535E-03      -39.5767     
                5.088E-03        -39.4604     
                5.09065E-03      -43.1572     
                5.0933E-03       -41.7964     
                5.09595E-03      -41.6711     
                5.0986E-03       -46.3134     
                5.10125E-03      -47.8859     
                5.1039E-03       -39.1543     
                5.10655E-03      -45.9007     
                5.1092E-03       -44.9276     
                5.11185E-03      -43.1465     
                5.1145E-03       -41.5607     
                5.11715E-03      -43.5643     
                5.1198E-03       -46.9078     
                5.12245E-03      -42.6571     
                5.1251E-03       -41.0215     
                5.12775E-03      -51.4275     
                5.1304E-03       -51.0669     
                5.13305E-03      -48.3533     
                5.1357E-03       -43.9469     
                5.13835E-03      -43.7377     
                5.141E-03        -45.4052     
                5.14365E-03      -44.4225     
                5.1463E-03       -37.8156     
                5.14895E-03      -45.0229     
                5.1516E-03       -44.0392     
                5.15425E-03      -41.6729     
                5.1569E-03       -36.0098     
                5.15955E-03      -42.0056     
                5.1622E-03       -49.5754     
                5.16485E-03      -49.6012     
                5.1675E-03       -27.2345     
                5.17015E-03      -29.812      
                5.1728E-03       -34.8216     
                5.17545E-03      -33.8781     
                5.1781E-03       -31.6153     
                5.18075E-03      -29.4908     
                5.1834E-03       -25.8936     
                5.18605E-03      -28.5185     
                5.1887E-03       -26.4202     
                5.19135E-03      -24.5994     
                5.194E-03        -30.7005     
                5.19665E-03      -35.1416     
                5.1993E-03       -34.4443     
                5.20195E-03      -31.2018     
                5.2046E-03       -28.9793     
                5.20725E-03      -28.9774     
                5.2099E-03       -27.5269     
                5.21255E-03      -24.8292     
                5.2152E-03       -25.1581     
                5.21785E-03      -31.0788     
                5.2205E-03       -32.0796     
                5.22315E-03      -31.3934     
                5.2258E-03       -30.5961     
                5.22845E-03      -28.3777     
                5.2311E-03       -28.2917     
                5.23375E-03      -26.2704     
                5.2364E-03       -26.4096     
                5.23905E-03      -28.5102     
                5.2417E-03       -30.1539     
                5.24435E-03      -32.0769     
                5.247E-03        -33.5244     
                5.24965E-03      -33.0315     
                5.2523E-03       -31.7702     
                5.25495E-03      -29.1315     
                5.2576E-03       -26.3467     
                5.26025E-03      -25.0684     
                5.2629E-03       -26.085      
                5.26555E-03      -27.398      
                5.2682E-03       -27.8676     
                5.27085E-03      -29.5208     
                5.2735E-03       -29.8233     
                5.27615E-03      -29.1325     
                5.2788E-03       -28.4158     
                5.28145E-03      -27.5562     
                5.2841E-03       -27.9615     
                5.28675E-03      -28.2287     
                5.2894E-03       -16.4087     
                5.29205E-03      -23.8938     
                5.2947E-03       -29.0302     
                5.29735E-03      -23.2458     
                5.3E-03          -25.8126     




