
                  X               _temp_1     

                0.              -505.149E-06  
                1.30114E-06     -480.13       
                2.60056E-06      254.431      
                3.90174E-06      279.028      
                5.20116E-06     -380.963      
                6.50054E-06     -175.667      
                7.80173E-06      255.992      
                9.10132E-06     -175.841      
               10.4009E-06      -302.488      
               11.7005E-06       133.451      
               13.0001E-06       -31.8964     
               14.3014E-06      -305.169      
               15.601E-06        -22.7607     
               16.9006E-06        17.4784     
               18.2002E-06      -298.657      
               19.5015E-06      -156.752      
               20.8011E-06        29.7192     
               22.1007E-06      -273.475      
               23.4003E-06      -302.418      
               24.7016E-06        -6.7212     
               26.0012E-06      -175.996      
               27.3008E-06      -395.705      
               28.6003E-06      -125.515      
               29.9017E-06       -71.643      
               31.2001E-06      -369.918      
               32.5005E-06      -286.34       
               33.8015E-06       -56.5774     
               35.1007E-06      -251.423      
               36.4016E-06      -370.978      
               37.7008E-06      -146.574      
               39.0017E-06      -148.407      
               40.3009E-06      -337.505      
               41.6001E-06      -229.622      
               42.9011E-06      -115.946      
               44.2003E-06      -249.214      
               45.5012E-06      -261.616      
               46.8004E-06      -134.66       
               48.1013E-06      -200.533      
               49.4005E-06      -265.389      
               50.7015E-06      -161.011      
               52.0007E-06      -168.635      
               53.3016E-06      -266.72       
               54.6008E-06      -198.583      
               55.9017E-06      -148.473      
               57.2009E-06      -260.971      
               58.5001E-06      -261.581      
               59.8011E-06      -158.166      
               61.1003E-06      -230.397      
               62.4012E-06      -310.592      
               63.7004E-06      -224.502      
               65.0005E-06      -209.107      
               66.3001E-06      -316.861      
               67.6014E-06      -296.328      
               68.901E-06       -224.416      
               70.2007E-06      -288.444      
               71.5003E-06      -334.596      
               72.8016E-06      -267.588      
               74.1016E-06      -269.529      
               75.4006E-06      -325.916      
               76.7014E-06      -299.324      
               78.0011E-06      -261.869      
               79.3002E-06      -305.101      
               80.6007E-06      -304.907      
               81.901E-06       -264.996      
               83.2003E-06      -292.529      
               84.5009E-06      -304.616      
               85.8008E-06      -264.883      
               87.1008E-06      -272.841      
               88.4001E-06      -303.624      
               89.7003E-06      -269.604      
               91.0001E-06      -258.825      
               92.3004E-06      -298.629      
               93.6004E-06      -292.226      
               94.9009E-06      -256.959      
               96.201E-06       -274.072      
               97.5003E-06      -304.795      
               98.8006E-06      -265.322      
              100.1E-06         -272.602      
              101.401E-06       -287.13       
              102.7E-06         -301.454      
              104.E-06          -270.885      
              105.3E-06         -308.769      
              106.6E-06         -316.537      
              107.901E-06       -307.327      
              109.201E-06       -309.617      
              110.5E-06         -216.454      
              111.8E-06         -222.664      
              113.101E-06       -298.49       
              114.4E-06         -330.822      
              115.7E-06         -313.518      
              117.001E-06       -118.629      
              118.3E-06         -208.623      
              119.601E-06       -164.778      
              120.901E-06       -247.629      
              122.201E-06       -285.636      
              123.5E-06         -352.463      
              124.801E-06       -303.445      
              126.101E-06       -316.034      
              127.401E-06       -343.252      
              128.701E-06       -324.625      
              130.E-06          -318.147      
              131.301E-06       -301.469      
              132.601E-06       -333.783      
              133.901E-06       -324.361      
              135.201E-06       -314.342      
              136.501E-06       -331.332      
              137.8E-06         -310.913      
              139.101E-06       -319.333      
              140.401E-06       -322.574      
              141.701E-06       -340.369      
              143.E-06          -322.203      
              144.3E-06         -317.385      
              145.6E-06         -338.691      
              146.901E-06       -332.017      
              148.201E-06       -338.471      
              149.5E-06         -349.49       
              150.801E-06       -340.816      
              152.1E-06         -266.628      
              153.4E-06         -289.67       
              154.701E-06       -293.746      
              156.001E-06       -346.809      
              157.301E-06       -335.691      
              158.6E-06         -322.827      
              159.901E-06       -342.234      
              161.2E-06         -351.112      
              162.501E-06       -322.658      
              163.801E-06       -348.536      
              165.1E-06         -343.51       
              166.4E-06         -311.051      
              167.7E-06         -184.702      
              169.E-06          -239.303      
              170.301E-06       -143.579      
              171.601E-06       -268.709      
              172.901E-06        -97.1353     
              174.2E-06         -214.907      
              175.5E-06         -178.776      
              176.801E-06       -157.434      
              178.101E-06       -167.351      
              179.401E-06       -193.177      
              180.701E-06       -205.895      
              182.001E-06       -219.413      
              183.301E-06       -206.993      
              184.601E-06       -242.972      
              185.901E-06       -184.509      
              187.2E-06         -244.943      
              188.501E-06       -240.393      
              189.8E-06         -289.629      
              191.101E-06       -102.843      
              192.401E-06       -246.042      
              193.701E-06       -229.742      
              195.001E-06       -219.21       
              196.3E-06         -230.364      
              197.601E-06       -226.805      
              198.901E-06       -198.143      
              200.201E-06       -197.57       
              201.501E-06       -270.382      
              202.801E-06       -264.061      
              204.1E-06         -273.102      
              205.401E-06       -286.149      
              206.7E-06         -286.855      
              208.E-06          -260.162      
              209.301E-06       -289.252      
              210.601E-06       -291.745      
              211.9E-06         -283.719      
              213.2E-06         -285.942      
              214.5E-06         -281.234      
              215.801E-06       -323.258      
              217.1E-06         -220.206      
              218.4E-06         -253.417      
              219.701E-06       -267.788      
              221.001E-06       -252.878      
              222.301E-06       -261.998      
              223.601E-06       -260.885      
              224.901E-06       -256.185      
              226.201E-06       -260.362      
              227.501E-06       -263.65       
              228.801E-06       -220.749      
              230.101E-06       -236.751      
              231.401E-06       -245.772      
              232.701E-06       -183.997      
              234.E-06          -227.37       
              235.301E-06       -228.423      
              236.6E-06         -273.627      
              237.901E-06       -193.965      
              239.2E-06         -202.264      
              240.501E-06       -216.213      
              241.8E-06         -249.068      
              243.1E-06         -265.1        
              244.401E-06       -261.923      
              245.701E-06       -211.467      
              247.E-06          -250.299      
              248.301E-06       -244.455      
              249.6E-06         -246.681      
              250.901E-06       -241.605      
              252.2E-06         -261.169      
              253.5E-06         -263.215      
              254.801E-06       -277.831      
              256.1E-06         -248.266      
              257.401E-06       -263.38       
              258.701E-06       -269.872      
              260.E-06          -209.797      
              261.3E-06         -228.896      
              262.601E-06       -284.387      
              263.901E-06       -277.184      
              265.201E-06       -285.215      
              266.501E-06       -275.832      
              267.801E-06       -276.921      
              269.101E-06       -270.412      
              270.401E-06       -251.509      
              271.701E-06       -260.629      
              273.001E-06       -287.806      
              274.301E-06       -275.253      
              275.601E-06       -280.02       
              276.9E-06         -261.368      
              278.2E-06         -275.265      
              279.501E-06       -274.012      
              280.801E-06       -205.962      
              282.101E-06       -233.139      
              283.401E-06       -288.513      
              284.7E-06         -278.507      
              286.E-06          -274.034      
              287.301E-06       -279.022      
              288.601E-06       -283.09       
              289.901E-06       -177.436      
              291.2E-06         -225.347      
              292.5E-06         -312.         
              293.801E-06       -283.508      
              295.101E-06       -277.068      
              296.401E-06       -198.506      
              297.7E-06         -233.281      
              299.E-06          -267.444      
              300.301E-06       -206.285      
              301.601E-06       -283.283      
              302.901E-06       -282.431      
              304.201E-06       -274.96       
              305.501E-06       -251.676      
              306.8E-06         -279.363      
              308.101E-06       -268.196      
              309.401E-06       -285.83       
              310.701E-06       -271.619      
              312.001E-06       -271.525      
              313.301E-06       -288.788      
              314.601E-06       -231.694      
              315.9E-06         -258.88       
              317.2E-06         -288.625      
              318.5E-06         -277.77       
              319.8E-06         -281.904      
              321.101E-06       -264.128      
              322.401E-06       -298.504      
              323.701E-06       -260.828      
              325.001E-06       -268.028      
              326.3E-06         -258.43       
              327.6E-06         -227.285      
              328.9E-06         -266.605      
              330.201E-06       -280.389      
              331.501E-06       -229.162      
              332.8E-06         -294.155      
              334.1E-06         -266.78       
              335.401E-06       -235.452      
              336.7E-06         -259.89       
              338.001E-06       -279.823      
              339.301E-06       -277.074      
              340.601E-06       -202.364      
              341.901E-06       -252.431      
              343.201E-06       -261.851      
              344.5E-06         -274.223      
              345.801E-06       -276.16       
              347.1E-06         -276.073      
              348.401E-06       -283.516      
              349.701E-06       -228.865      
              351.001E-06       -237.085      
              352.301E-06       -260.53       
              353.601E-06       -271.518      
              354.9E-06         -267.284      
              356.2E-06         -274.43       
              357.5E-06         -269.97       
              358.801E-06       -215.165      
              360.101E-06       -283.472      
              361.401E-06       -274.93       
              362.701E-06       -262.151      
              364.001E-06       -275.619      
              365.3E-06         -285.46       
              366.6E-06         -265.443      
              367.9E-06         -251.138      
              369.201E-06       -246.354      
              370.501E-06       -258.099      
              371.801E-06       -242.005      
              373.1E-06         -251.282      
              374.401E-06       -273.079      
              375.7E-06         -271.525      
              377.001E-06       -267.703      
              378.3E-06         -221.956      
              379.6E-06         -268.335      
              380.9E-06         -265.449      
              382.201E-06       -217.436      
              383.5E-06         -255.264      
              384.8E-06         -262.918      
              386.101E-06       -242.085      
              387.4E-06         -278.89       
              388.701E-06       -264.297      
              390.E-06          -261.785      
              391.301E-06       -288.121      
              392.601E-06       -261.957      
              393.901E-06       -256.081      
              395.201E-06       -281.112      
              396.501E-06       -260.584      
              397.801E-06       -262.721      
              399.1E-06         -239.216      
              400.401E-06       -253.756      
              401.701E-06       -269.064      
              403.001E-06       -260.338      
              404.3E-06         -262.292      
              405.601E-06       -221.646      
              406.901E-06       -263.723      
              408.2E-06         -257.856      
              409.5E-06         -263.345      
              410.8E-06         -229.283      
              412.1E-06         -204.722      
              413.401E-06       -281.976      
              414.701E-06       -271.003      
              416.E-06          -216.966      
              417.3E-06         -242.809      
              418.601E-06       -288.145      
              419.9E-06         -222.604      
              421.2E-06         -280.606      
              422.5E-06         -270.883      
              423.801E-06       -262.113      
              425.101E-06       -249.815      
              426.4E-06         -255.322      
              427.701E-06       -285.999      
              429.001E-06       -263.249      
              430.301E-06       -265.696      
              431.6E-06         -273.687      
              432.9E-06         -244.01       
              434.2E-06         -245.296      
              435.5E-06         -277.444      
              436.8E-06         -275.904      
              438.1E-06         -266.14       
              439.401E-06       -236.185      
              440.701E-06       -236.946      
              442.E-06          -299.961      
              443.301E-06       -270.467      
              444.6E-06         -279.271      
              445.901E-06       -253.825      
              447.201E-06       -234.461      
              448.501E-06       -270.333      
              449.801E-06       -263.958      
              451.1E-06         -268.399      
              452.401E-06       -293.617      
              453.701E-06       -246.571      
              455.E-06          -238.536      
              456.3E-06         -219.624      
              457.601E-06       -285.464      
              458.901E-06       -249.306      
              460.2E-06         -271.25       
              461.501E-06       -262.492      
              462.801E-06       -260.882      
              464.101E-06       -183.538      
              465.401E-06       -265.996      
              466.7E-06         -296.145      
              468.E-06          -262.978      
              469.301E-06       -271.512      
              470.601E-06       -262.508      
              471.9E-06         -251.629      
              473.201E-06       -244.41       
              474.5E-06         -256.939      
              475.801E-06       -287.813      
              477.101E-06       -269.874      
              478.4E-06         -254.665      
              479.701E-06       -257.127      
              481.E-06          -230.444      
              482.3E-06         -276.939      
              483.601E-06       -269.533      
              484.901E-06       -182.385      
              486.201E-06       -244.885      
              487.5E-06         -198.133      
              488.801E-06       -304.453      
              490.1E-06         -256.396      
              491.401E-06       -255.825      
              492.701E-06       -251.244      
              494.001E-06       -236.215      
              495.3E-06         -224.765      
              496.601E-06       -280.355      
              497.9E-06         -279.02       
              499.2E-06         -254.871      
              500.501E-06       -263.212      
              501.801E-06       -220.317      
              503.1E-06         -268.355      
              504.401E-06       -256.752      
              505.7E-06         -217.794      
              507.001E-06       -279.541      
              508.301E-06       -264.284      
              509.6E-06         -230.288      
              510.901E-06       -221.179      
              512.201E-06       -262.787      
              513.501E-06       -269.916      
              514.801E-06       -268.565      
              516.101E-06       -227.687      
              517.401E-06       -237.312      
              518.7E-06         -277.003      
              520.E-06          -276.144      
              521.301E-06       -220.076      
              522.601E-06       -244.583      
              523.901E-06       -280.816      
              525.201E-06       -253.23       
              526.5E-06         -254.693      
              527.801E-06       -200.841      
              529.101E-06       -274.66       
              530.4E-06         -268.595      
              531.701E-06       -233.859      
              533.E-06          -242.752      
              534.301E-06       -286.242      
              535.6E-06         -274.818      
              536.901E-06       -242.495      
              538.2E-06         -234.645      
              539.501E-06       -286.068      
              540.801E-06       -253.306      
              542.101E-06       -189.261      
              543.401E-06       -260.036      
              544.7E-06         -248.229      
              546.001E-06       -284.533      
              547.301E-06       -280.41       
              548.601E-06       -261.246      
              549.901E-06       -261.451      
              551.201E-06       -249.301      
              552.501E-06       -250.579      
              553.8E-06         -246.783      
              555.101E-06       -271.249      
              556.401E-06       -257.765      
              557.701E-06       -199.965      
              559.E-06          -243.28       
              560.3E-06         -264.561      
              561.601E-06       -262.235      
              562.901E-06       -278.496      
              564.2E-06         -251.674      
              565.501E-06       -233.1        
              566.801E-06       -234.445      
              568.101E-06       -280.897      
              569.4E-06         -252.488      
              570.701E-06       -274.267      
              572.E-06          -243.059      
              573.301E-06       -225.633      
              574.601E-06       -244.034      
              575.901E-06       -262.801      
              577.201E-06       -266.217      
              578.501E-06       -274.077      
              579.8E-06         -258.597      
              581.1E-06         -237.867      
              582.401E-06       -216.388      
              583.7E-06         -266.935      
              585.001E-06       -289.557      
              586.301E-06       -272.64       
              587.601E-06       -251.428      
              588.9E-06         -232.245      
              590.201E-06       -213.16       
              591.501E-06       -259.057      
              592.8E-06         -260.572      
              594.101E-06       -285.605      
              595.401E-06       -197.42       
              596.701E-06       -246.215      
              598.E-06          -228.384      
              599.301E-06       -260.975      
              600.601E-06       -276.452      
              601.901E-06       -250.736      
              603.2E-06         -266.75       
              604.501E-06       -201.738      
              605.8E-06         -246.59       
              607.1E-06         -226.514      
              608.401E-06       -266.417      
              609.7E-06         -219.523      
              611.E-06          -265.692      
              612.301E-06       -237.211      
              613.6E-06         -266.067      
              614.901E-06       -264.781      
              616.201E-06       -272.454      
              617.5E-06         -249.311      
              618.801E-06       -216.136      
              620.101E-06       -255.935      
              621.401E-06       -270.878      
              622.7E-06         -224.166      
              624.E-06          -283.082      
              625.301E-06       -259.726      
              626.601E-06       -258.44       
              627.901E-06       -241.242      
              629.2E-06         -228.663      
              630.5E-06         -265.024      
              631.8E-06         -271.672      
              633.101E-06       -252.885      
              634.401E-06       -245.891      
              635.701E-06       -253.449      
              637.001E-06       -239.013      
              638.301E-06       -201.389      
              639.601E-06       -227.634      
              640.901E-06       -253.9        
              642.2E-06         -264.248      
              643.501E-06       -280.388      
              644.801E-06       -222.414      
              646.101E-06       -219.538      
              647.4E-06         -258.498      
              648.7E-06         -276.524      
              650.001E-06       -274.413      
              651.301E-06       -260.056      
              652.601E-06       -208.454      
              653.9E-06         -254.035      
              655.2E-06         -210.401      
              656.5E-06         -271.492      
              657.8E-06         -268.675      
              659.101E-06       -262.937      
              660.401E-06       -227.895      
              661.701E-06       -246.481      
              663.001E-06       -198.399      
              664.301E-06       -262.362      
              665.601E-06       -285.3        
              666.9E-06         -250.641      
              668.201E-06       -237.751      
              669.501E-06       -210.077      
              670.801E-06       -267.733      
              672.101E-06       -250.995      
              673.401E-06       -267.953      
              674.701E-06       -251.746      
              676.001E-06       -165.717      
              677.3E-06         -230.167      
              678.6E-06         -278.411      
              679.901E-06       -282.862      
              681.201E-06       -255.301      
              682.501E-06       -210.467      
              683.8E-06         -231.371      
              685.101E-06       -263.475      
              686.4E-06         -249.165      
              687.7E-06         -253.574      
              689.001E-06       -241.282      
              690.301E-06       -212.455      
              691.601E-06       -234.211      
              692.901E-06       -246.608      
              694.201E-06       -273.094      
              695.501E-06       -267.573      
              696.801E-06       -186.939      
              698.101E-06       -232.402      
              699.401E-06       -253.727      
              700.701E-06       -250.54       
              702.001E-06       -261.714      
              703.301E-06       -248.34       
              704.601E-06       -232.944      
              705.9E-06         -217.13       
              707.201E-06       -241.716      
              708.5E-06         -276.362      
              709.8E-06         -252.021      
              711.101E-06       -215.996      
              712.401E-06       -232.918      
              713.7E-06         -226.258      
              715.001E-06       -270.025      
              716.301E-06       -252.662      
              717.601E-06       -244.726      
              718.9E-06         -232.447      
              720.2E-06         -175.612      
              721.501E-06       -248.926      
              722.8E-06         -257.834      
              724.1E-06         -244.149      
              725.401E-06       -275.635      
              726.7E-06         -148.679      
              728.E-06          -249.113      
              729.3E-06         -267.125      
              730.602E-06       -263.903      
              731.9E-06         -279.267      
              733.201E-06       -224.274      
              734.501E-06       -168.942      
              735.8E-06         -247.482      
              737.1E-06         -240.745      
              738.4E-06         -258.342      
              739.7E-06         -262.829      
              741.001E-06       -215.151      
              742.3E-06         -259.119      
              743.6E-06         -197.022      
              744.901E-06       -271.037      
              746.201E-06       -247.165      
              747.501E-06       -221.263      
              748.801E-06       -225.475      
              750.101E-06       -223.87       
              751.401E-06       -219.03       
              752.701E-06       -250.474      
              754.001E-06       -247.131      
              755.3E-06         -235.768      
              756.602E-06       -162.296      
              757.901E-06       -207.942      
              759.2E-06         -242.879      
              760.501E-06       -255.331      
              761.801E-06       -264.939      
              763.1E-06         -249.678      
              764.4E-06         -223.019      
              765.701E-06       -186.462      
              767.001E-06       -217.024      
              768.3E-06         -208.838      
              769.601E-06       -259.83       
              770.9E-06         -231.202      
              772.2E-06         -255.051      
              773.5E-06         -229.339      
              774.801E-06       -206.139      
              776.101E-06       -212.326      
              777.401E-06       -236.288      
              778.701E-06       -269.022      
              780.E-06          -247.606      
              781.301E-06       -219.032      
              782.601E-06       -212.094      
              783.9E-06         -222.737      
              785.2E-06         -240.228      
              786.5E-06         -255.253      
              787.8E-06         -207.022      
              789.102E-06       -194.158      
              790.401E-06       -223.566      
              791.7E-06         -229.714      
              793.E-06          -242.999      
              794.301E-06       -240.642      
              795.601E-06       -231.416      
              796.9E-06         -250.853      
              798.201E-06       -174.338      
              799.501E-06       -217.33       
              800.802E-06       -218.571      
              802.101E-06       -254.393      
              803.401E-06       -243.05       
              804.7E-06         -223.031      
              806.001E-06       -243.773      
              807.301E-06       -193.729      
              808.6E-06         -227.428      
              809.9E-06         -198.254      
              811.202E-06       -227.058      
              812.501E-06       -182.565      
              813.801E-06       -220.273      
              815.101E-06       -230.723      
              816.401E-06       -217.721      
              817.7E-06         -257.755      
              819.001E-06       -169.36       
              820.3E-06         -232.194      
              821.601E-06       -236.637      
              822.9E-06         -239.191      
              824.2E-06         -220.071      
              825.502E-06       -223.485      
              826.801E-06       -235.011      
              828.101E-06       -191.314      
              829.401E-06       -218.941      
              830.701E-06       -214.644      
              832.E-06          -239.463      
              833.3E-06         -169.804      
              834.6E-06         -239.219      
              835.902E-06       -191.287      
              837.201E-06       -221.816      
              838.501E-06       -228.698      
              839.801E-06       -211.428      
              841.101E-06       -240.661      
              842.401E-06       -216.916      
              843.701E-06       -206.248      
              845.001E-06       -221.953      
              846.3E-06         -232.996      
              847.6E-06         -227.14       
              848.9E-06         -206.951      
              850.202E-06       -208.955      
              851.501E-06       -180.941      
              852.801E-06       -233.337      
              854.101E-06       -184.044      
              855.401E-06       -214.56       
              856.701E-06       -213.349      
              858.001E-06       -221.72       
              859.3E-06         -210.528      
              860.601E-06       -200.807      
              861.901E-06       -203.727      
              863.201E-06       -222.585      
              864.5E-06         -215.849      
              865.8E-06         -213.236      
              867.101E-06       -197.742      
              868.4E-06         -197.723      
              869.701E-06       -227.034      
              871.001E-06       -210.253      
              872.301E-06       -225.545      
              873.6E-06         -196.862      
              874.901E-06       -213.008      
              876.201E-06       -215.356      
              877.5E-06         -243.215      
              878.801E-06       -211.052      
              880.102E-06       -209.102      
              881.4E-06         -208.946      
              882.701E-06       -205.091      
              884.001E-06       -197.365      
              885.301E-06       -218.366      
              886.601E-06       -193.976      
              887.901E-06       -207.035      
              889.2E-06         -226.586      
              890.5E-06         -213.411      
              891.801E-06       -204.045      
              893.1E-06         -209.784      
              894.4E-06         -224.504      
              895.701E-06       -219.088      
              897.E-06          -219.839      
              898.301E-06       -191.488      
              899.601E-06       -222.626      
              900.9E-06         -228.904      
              902.201E-06       -221.304      
              903.501E-06       -200.113      
              904.8E-06         -203.021      
              906.101E-06       -212.977      
              907.4E-06         -231.601      
              908.701E-06       -210.603      
              910.E-06          -203.839      
              911.301E-06       -215.116      
              912.6E-06         -213.886      
              913.901E-06       -218.962      
              915.2E-06         -217.143      
              916.501E-06       -221.609      
              917.8E-06         -216.343      
              919.101E-06       -226.161      
              920.401E-06       -210.919      
              921.701E-06       -215.245      
              923.001E-06       -215.385      
              924.301E-06       -237.316      
              925.601E-06       -219.86       
              926.9E-06         -214.748      
              928.2E-06         -217.947      
              929.501E-06       -231.936      
              930.801E-06       -228.44       
              932.101E-06       -185.446      
              933.4E-06         -187.596      
              934.7E-06         -213.595      
              936.E-06          -232.5        
              937.3E-06         -235.532      
              938.6E-06         -215.063      
              939.901E-06       -217.548      
              941.2E-06         -241.684      
              942.501E-06       -242.581      
              943.8E-06         -238.048      
              945.101E-06       -211.184      
              946.401E-06       -222.242      
              947.7E-06         -228.133      
              949.E-06          -235.807      
              950.3E-06         -218.194      
              951.601E-06       -218.267      
              952.9E-06         -225.466      
              954.201E-06       -239.879      
              955.5E-06         -218.827      
              956.8E-06         -221.121      
              958.101E-06       -221.656      
              959.401E-06       -233.524      
              960.7E-06         -225.711      
              962.E-06          -228.24       
              963.3E-06         -200.307      
              964.601E-06       -164.149      
              965.901E-06       -140.566      
              967.2E-06         -200.714      
              968.502E-06       -130.299      
              969.801E-06       -171.658      
              971.1E-06         -190.674      
              972.401E-06       -251.107      
              973.7E-06         -236.753      
              975.001E-06       -234.124      
              976.3E-06         -216.606      
              977.601E-06       -233.515      
              978.901E-06       -238.708      
              980.201E-06       -217.798      
              981.501E-06       -231.253      
              982.802E-06       -207.251      
              984.101E-06       -234.732      
              985.402E-06       -233.638      
              986.701E-06       -244.821      
              988.E-06          -214.085      
              989.301E-06       -224.194      
              990.6E-06         -217.191      
              991.901E-06       -246.201      
              993.2E-06         -201.386      
              994.501E-06       -212.49       
              995.8E-06         -215.224      
              997.101E-06       -179.078      
              998.401E-06       -207.507      
              999.702E-06       -234.557      
                1.001E-03       -220.319      
                1.0023E-03      -231.605      
                1.0036E-03      -221.766      
                1.0049E-03      -219.002      
                1.0062E-03      -187.774      
                1.0075E-03      -210.276      
                1.0088E-03      -218.252      
                1.0101E-03      -217.252      
                1.0114E-03      -205.432      
                1.0127E-03      -206.325      
                1.014E-03       -240.029      
                1.0153E-03      -215.981      
                1.0166E-03      -218.562      
                1.0179E-03      -181.79       
                1.0192E-03      -212.015      
                1.0205E-03      -222.63       
                1.0218E-03      -222.224      
                1.0231E-03      -195.835      
                1.0244E-03      -186.165      
                1.0257E-03      -202.939      
                1.027E-03       -236.347      
                1.0283E-03      -216.015      
                1.0296E-03      -217.266      
                1.0309E-03      -222.715      
                1.0322E-03      -118.866      
                1.0335E-03      -210.312      
                1.0348E-03      -207.688      
                1.0361E-03      -208.819      
                1.0374E-03      -219.89       
                1.0387E-03      -221.019      
                1.04E-03        -206.238      
                1.0413E-03      -219.728      
                1.0426E-03      -209.852      
                1.0439E-03      -210.557      
                1.0452E-03      -200.81       
                1.0465E-03      -224.735      
                1.0478E-03      -109.57       
                1.0491E-03      -246.061      
                1.0504E-03      -189.049      
                1.0517E-03      -232.73       
                1.053E-03       -215.451      
                1.0543E-03      -203.191      
                1.0556E-03      -215.532      
                1.0569E-03      -212.849      
                1.0582E-03      -113.123      
                1.0595E-03      -207.083      
                1.0608E-03      -141.236      
                1.0621E-03      -228.803      
                1.0634E-03      -230.78       
                1.0647E-03      -230.953      
                1.066E-03       -219.333      
                1.0673E-03      -209.104      
                1.0686E-03      -223.516      
                1.0699E-03      -208.901      
                1.0712E-03      -224.966      
                1.0725E-03      -239.63       
                1.0738E-03      -207.848      
                1.0751E-03      -229.255      
                1.0764E-03      -201.756      
                1.0777E-03      -179.056      
                1.079E-03       -231.166      
                1.0803E-03      -215.939      
                1.0816E-03      -229.188      
                1.0829E-03      -214.771      
                1.0842E-03      -213.823      
                1.0855E-03      -228.827      
                1.0868E-03      -205.729      
                1.0881E-03      -218.566      
                1.0894E-03      -219.025      
                1.0907E-03      -214.254      
                1.092E-03       -228.878      
                1.0933E-03      -219.285      
                1.0946E-03      -217.163      
                1.0959E-03      -199.981      
                1.0972E-03      -225.128      
                1.0985E-03      -217.501      
                1.0998E-03      -225.746      
                1.1011E-03      -221.057      
                1.1024E-03      -211.411      
                1.1037E-03      -221.717      
                1.105E-03       -213.48       
                1.1063E-03      -222.336      
                1.1076E-03      -210.962      
                1.1089E-03      -208.476      
                1.1102E-03      -218.822      
                1.1115E-03      -210.52       
                1.1128E-03      -221.79       
                1.1141E-03      -166.115      
                1.1154E-03      -143.118      
                1.1167E-03      -193.513      
                1.118E-03       -233.259      
                1.1193E-03      -228.831      
                1.1206E-03      -220.465      
                1.1219E-03      -208.288      
                1.1232E-03      -209.06       
                1.1245E-03      -230.699      
                1.1258E-03      -241.528      
                1.1271E-03      -243.37       
                1.1284E-03      -225.258      
                1.1297E-03      -232.511      
                1.131E-03       -227.686      
                1.1323E-03      -234.113      
                1.1336E-03      -242.199      
                1.1349E-03      -223.806      
                1.1362E-03      -228.234      
                1.1375E-03      -229.409      
                1.1388E-03      -231.669      
                1.1401E-03      -212.831      
                1.1414E-03      -214.008      
                1.1427E-03      -216.891      
                1.144E-03       -228.04       
                1.1453E-03      -136.572      
                1.1466E-03      -153.908      
                1.1479E-03      -200.299      
                1.1492E-03      -240.857      
                1.1505E-03      -232.964      
                1.1518E-03      -222.227      
                1.1531E-03      -225.725      
                1.1544E-03      -172.309      
                1.1557E-03      -216.166      
                1.157E-03       -235.056      
                1.1583E-03      -232.694      
                1.1596E-03      -232.541      
                1.1609E-03      -200.055      
                1.1622E-03      -224.756      
                1.1635E-03      -220.044      
                1.1648E-03      -233.46       
                1.1661E-03      -214.426      
                1.1674E-03      -215.316      
                1.1687E-03      -211.372      
                1.17E-03        -220.547      
                1.1713E-03      -243.836      
                1.1726E-03      -194.099      
                1.1739E-03      -227.007      
                1.1752E-03      -212.912      
                1.1765E-03      -188.378      
                1.1778E-03      -237.098      
                1.1791E-03      -198.363      
                1.1804E-03      -236.622      
                1.1817E-03      -213.601      
                1.183E-03       -192.633      
                1.1843E-03      -192.189      
                1.1856E-03      -198.387      
                1.1869E-03      -210.532      
                1.1882E-03      -217.495      
                1.1895E-03      -219.235      
                1.1908E-03      -179.649      
                1.1921E-03      -196.74       
                1.1934E-03      -103.752      
                1.1947E-03      -210.146      
                1.196E-03       -191.265      
                1.1973E-03      -208.653      
                1.1986E-03      -201.531      
                1.1999E-03      -222.895      
                1.2012E-03      -212.565      
                1.2025E-03      -201.561      
                1.2038E-03      -121.415      
                1.2051E-03      -245.342      
                1.2064E-03      -220.589      
                1.2077E-03      -218.871      
                1.209E-03       -241.419      
                1.2103E-03      -214.978      
                1.2116E-03      -204.252      
                1.2129E-03      -205.788      
                1.2142E-03      -236.14       
                1.2155E-03      -207.577      
                1.2168E-03      -239.396      
                1.2181E-03      -210.39       
                1.2194E-03      -164.649      
                1.2207E-03      -206.011      
                1.222E-03       -240.414      
                1.2233E-03      -225.899      
                1.2246E-03      -223.606      
                1.2259E-03      -210.502      
                1.2272E-03      -219.801      
                1.2285E-03      -199.528      
                1.2298E-03      -203.654      
                1.2311E-03      -222.258      
                1.2324E-03      -238.987      
                1.2337E-03      -212.537      
                1.235E-03       -216.181      
                1.2363E-03      -234.802      
                1.2376E-03      -224.7        
                1.2389E-03      -219.537      
                1.2402E-03      -226.367      
                1.2415E-03      -200.11       
                1.2428E-03      -220.972      
                1.2441E-03      -215.439      
                1.2454E-03      -215.719      
                1.2467E-03      -225.732      
                1.248E-03       -219.934      
                1.2493E-03      -205.427      
                1.2506E-03      -219.619      
                1.2519E-03      -213.389      
                1.2532E-03      -220.767      
                1.2545E-03      -221.371      
                1.2558E-03      -230.314      
                1.2571E-03      -211.497      
                1.2584E-03      -222.512      
                1.2597E-03      -182.726      
                1.261E-03       -188.456      
                1.2623E-03      -173.081      
                1.2636E-03      -171.677      
                1.2649E-03      -196.096      
                1.2662E-03      -225.007      
                1.2675E-03      -233.638      
                1.2688E-03      -222.43       
                1.2701E-03      -212.649      
                1.2714E-03      -212.442      
                1.2727E-03      -221.99       
                1.274E-03       -227.05       
                1.2753E-03      -240.11       
                1.2766E-03      -246.656      
                1.2779E-03      -229.684      
                1.2792E-03      -227.368      
                1.2805E-03      -222.907      
                1.2818E-03      -213.003      
                1.2831E-03      -240.839      
                1.2844E-03      -230.942      
                1.2857E-03      -242.065      
                1.287E-03       -216.759      
                1.2883E-03      -217.563      
                1.2896E-03      -223.315      
                1.2909E-03      -217.096      
                1.2922E-03      -226.732      
                1.2935E-03      -218.917      
                1.2948E-03      -225.978      
                1.2961E-03      -226.749      
                1.2974E-03      -197.137      
                1.2987E-03      -212.472      
                1.3E-03         -222.732      
                1.3013E-03      -110.861      
                1.3026E-03      -246.689      
                1.3039E-03      -236.972      
                1.3052E-03      -238.973      
                1.3065E-03      -230.435      
                1.3078E-03      -201.153      
                1.3091E-03      -212.421      
                1.3104E-03      -205.158      
                1.3117E-03      -218.999      
                1.313E-03       -199.609      
                1.3143E-03      -208.793      
                1.3156E-03      -206.565      
                1.3169E-03      -210.929      
                1.3182E-03      -201.578      
                1.3195E-03      -217.034      
                1.3208E-03      -203.077      
                1.3221E-03      -213.125      
                1.3234E-03      -191.45       
                1.3247E-03      -176.658      
                1.326E-03       -127.372      
                1.3273E-03      -163.815      
                1.3286E-03      -145.084      
                1.3299E-03      -234.404      
                1.3312E-03      -229.955      
                1.3325E-03      -226.218      
                1.3338E-03      -228.01       
                1.3351E-03      -208.124      
                1.3364E-03      -210.765      
                1.3377E-03      -210.049      
                1.339E-03       -209.244      
                1.3403E-03      -209.552      
                1.3416E-03      -222.283      
                1.3429E-03      -213.828      
                1.3442E-03      -226.96       
                1.3455E-03      -239.891      
                1.3468E-03      -209.456      
                1.3481E-03      -239.705      
                1.3494E-03      -241.591      
                1.3507E-03      -217.466      
                1.352E-03       -215.103      
                1.3533E-03      -215.077      
                1.3546E-03      -212.503      
                1.3559E-03      -226.975      
                1.3572E-03      -224.476      
                1.3585E-03      -178.087      
                1.3598E-03      -195.564      
                1.3611E-03      -224.496      
                1.3624E-03      -207.163      
                1.3637E-03      -223.221      
                1.365E-03       -213.237      
                1.3663E-03      -190.996      
                1.3676E-03      -214.481      
                1.3689E-03      -221.639      
                1.3702E-03      -223.492      
                1.3715E-03      -215.542      
                1.3728E-03      -240.829      
                1.3741E-03      -223.666      
                1.3754E-03      -209.111      
                1.3767E-03      -216.541      
                1.378E-03       -209.96       
                1.3793E-03      -211.458      
                1.3806E-03      -235.876      
                1.3819E-03      -235.285      
                1.3832E-03      -216.666      
                1.3845E-03      -207.63       
                1.3858E-03      -192.639      
                1.3871E-03      -193.73       
                1.3884E-03      -215.391      
                1.3897E-03      -221.066      
                1.391E-03       -210.72       
                1.3923E-03      -218.251      
                1.3936E-03      -220.361      
                1.3949E-03      -200.415      
                1.3962E-03      -212.915      
                1.3975E-03      -217.74       
                1.3988E-03      -221.42       
                1.4001E-03      -213.357      
                1.4014E-03      -213.13       
                1.4027E-03      -217.618      
                1.404E-03       -191.436      
                1.4053E-03      -165.04       
                1.4066E-03      -178.129      
                1.4079E-03      -188.966      
                1.4092E-03      -222.387      
                1.4105E-03      -225.567      
                1.4118E-03      -218.638      
                1.4131E-03      -222.218      
                1.4144E-03      -147.524      
                1.4157E-03      -204.622      
                1.417E-03       -215.401      
                1.4183E-03      -230.489      
                1.4196E-03      -240.268      
                1.4209E-03      -214.223      
                1.4222E-03      -228.592      
                1.4235E-03      -199.623      
                1.4248E-03      -246.791      
                1.4261E-03      -229.71       
                1.4274E-03      -242.241      
                1.4287E-03      -238.098      
                1.43E-03        -233.927      
                1.4313E-03      -223.744      
                1.4326E-03      -223.528      
                1.4339E-03      -230.239      
                1.4352E-03      -224.116      
                1.4365E-03      -250.559      
                1.4378E-03      -221.348      
                1.4391E-03      -227.35       
                1.4404E-03      -186.368      
                1.4417E-03      -220.74       
                1.443E-03       -229.099      
                1.4443E-03      -234.529      
                1.4456E-03      -196.767      
                1.4469E-03      -211.4        
                1.4482E-03      -207.289      
                1.4495E-03      -208.674      
                1.4508E-03      -129.251      
                1.4521E-03      -201.726      
                1.4534E-03      -206.426      
                1.4547E-03      -228.812      
                1.456E-03       -224.178      
                1.4573E-03      -200.091      
                1.4586E-03      -212.048      
                1.4599E-03      -212.985      
                1.4612E-03      -186.514      
                1.4625E-03      -220.564      
                1.4638E-03      -209.582      
                1.4651E-03      -224.291      
                1.4664E-03      -228.581      
                1.4677E-03      -215.57       
                1.469E-03       -206.203      
                1.4703E-03      -187.136      
                1.4716E-03      -218.634      
                1.4729E-03      -218.078      
                1.4742E-03      -206.355      
                1.4755E-03      -213.054      
                1.4768E-03      -195.852      
                1.4781E-03      -138.005      
                1.4794E-03      -203.386      
                1.4807E-03      -187.538      
                1.482E-03       -211.805      
                1.4833E-03      -218.74       
                1.4846E-03      -204.044      
                1.4859E-03      -201.08       
                1.4872E-03      -213.236      
                1.4885E-03      -185.123      
                1.4898E-03      -194.74       
                1.4911E-03      -212.813      
                1.4924E-03      -232.408      
                1.4937E-03      -204.553      
                1.495E-03       -177.338      
                1.4963E-03      -193.937      
                1.4976E-03      -222.982      
                1.4989E-03      -208.263      
                1.5002E-03      -244.94       
                1.5015E-03      -239.661      
                1.5028E-03      -203.885      
                1.5041E-03      -214.983      
                1.5054E-03      -213.676      
                1.5067E-03      -250.082      
                1.508E-03       -225.369      
                1.5093E-03      -243.994      
                1.5106E-03      -209.611      
                1.5119E-03      -203.227      
                1.5132E-03      -229.409      
                1.5145E-03      -232.373      
                1.5158E-03      -237.016      
                1.5171E-03      -228.73       
                1.5184E-03      -219.755      
                1.5197E-03      -196.872      
                1.521E-03       -198.341      
                1.5223E-03      -225.211      
                1.5236E-03      -236.725      
                1.5249E-03      -234.749      
                1.5262E-03      -232.401      
                1.5275E-03      -217.138      
                1.5288E-03      -203.932      
                1.5301E-03      -220.172      
                1.5314E-03      -215.234      
                1.5327E-03      -215.077      
                1.534E-03       -227.373      
                1.5353E-03      -213.696      
                1.5366E-03      -205.953      
                1.5379E-03      -193.052      
                1.5392E-03      -224.491      
                1.5405E-03      -212.513      
                1.5418E-03      -208.857      
                1.5431E-03      -230.908      
                1.5444E-03      -212.217      
                1.5457E-03      -211.616      
                1.547E-03       -203.809      
                1.5483E-03      -217.263      
                1.5496E-03      -221.177      
                1.5509E-03      -208.871      
                1.5522E-03      -151.378      
                1.5535E-03      -188.565      
                1.5548E-03      -153.397      
                1.5561E-03      -135.831      
                1.5574E-03      -199.88       
                1.5587E-03      -205.081      
                1.56E-03        -227.782      
                1.5613E-03      -244.583      
                1.5626E-03      -220.232      
                1.5639E-03      -220.118      
                1.5652E-03      -215.272      
                1.5665E-03      -227.633      
                1.5678E-03      -221.129      
                1.5691E-03      -245.52       
                1.5704E-03      -241.362      
                1.5717E-03      -234.313      
                1.573E-03       -222.1        
                1.5743E-03      -213.878      
                1.5756E-03      -216.453      
                1.5769E-03      -231.298      
                1.5782E-03      -230.879      
                1.5795E-03      -240.521      
                1.5808E-03      -228.262      
                1.5821E-03      -218.51       
                1.5834E-03      -211.385      
                1.5847E-03      -203.588      
                1.586E-03       -213.479      
                1.5873E-03      -231.069      
                1.5886E-03      -229.984      
                1.5899E-03      -201.057      
                1.5912E-03      -136.035      
                1.5925E-03      -231.874      
                1.5938E-03      -211.976      
                1.5951E-03      -219.588      
                1.5964E-03      -231.978      
                1.5977E-03      -218.691      
                1.599E-03       -207.163      
                1.6003E-03      -205.454      
                1.6016E-03      -200.247      
                1.6029E-03      -235.584      
                1.6042E-03      -148.882      
                1.6055E-03      -219.649      
                1.6068E-03      -202.554      
                1.6081E-03      -202.349      
                1.6094E-03      -203.393      
                1.6107E-03      -212.11       
                1.612E-03       -217.395      
                1.6133E-03      -209.343      
                1.6146E-03      -212.934      
                1.6159E-03      -210.8        
                1.6172E-03      -175.74       
                1.6185E-03      -192.717      
                1.6198E-03      -210.31       
                1.6211E-03      -204.267      
                1.6224E-03      -202.799      
                1.6237E-03      -192.784      
                1.625E-03       -160.537      
                1.6263E-03      -109.981      
                1.6276E-03      -178.673      
                1.6289E-03      -194.027      
                1.6302E-03      -239.161      
                1.6315E-03      -198.919      
                1.6328E-03      -221.221      
                1.6341E-03      -197.791      
                1.6354E-03      -221.559      
                1.6367E-03      -219.726      
                1.638E-03       -228.546      
                1.6393E-03      -221.595      
                1.6406E-03      -225.428      
                1.6419E-03      -210.023      
                1.6432E-03      -209.667      
                1.6445E-03      -220.055      
                1.6458E-03      -218.572      
                1.6471E-03      -219.137      
                1.6484E-03      -219.967      
                1.6497E-03      -197.667      
                1.651E-03       -228.092      
                1.6523E-03      -220.735      
                1.6536E-03      -207.979      
                1.6549E-03      -230.686      
                1.6562E-03      -209.206      
                1.6575E-03      -239.93       
                1.6588E-03      -157.936      
                1.6601E-03      -215.02       
                1.6614E-03      -211.361      
                1.6627E-03      -212.018      
                1.664E-03       -211.866      
                1.6653E-03      -216.11       
                1.6666E-03      -210.449      
                1.6679E-03      -205.606      
                1.6692E-03      -218.286      
                1.6705E-03      -176.975      
                1.6718E-03      -196.061      
                1.6731E-03      -213.689      
                1.6744E-03      -218.976      
                1.6757E-03      -231.905      
                1.677E-03       -221.062      
                1.6783E-03      -216.334      
                1.6796E-03      -205.186      
                1.6809E-03      -213.313      
                1.6822E-03      -218.769      
                1.6835E-03      -207.891      
                1.6848E-03      -224.795      
                1.6861E-03      -219.507      
                1.6874E-03      -207.386      
                1.6887E-03      -220.93       
                1.69E-03        -208.358      
                1.6913E-03      -213.097      
                1.6926E-03      -204.169      
                1.6939E-03      -226.064      
                1.6952E-03      -141.245      
                1.6965E-03      -179.75       
                1.6978E-03      -182.552      
                1.6991E-03      -144.503      
                1.7004E-03      -205.691      
                1.7017E-03      -221.133      
                1.703E-03       -228.534      
                1.7043E-03      -235.012      
                1.7056E-03      -232.547      
                1.7069E-03      -225.202      
                1.7082E-03      -224.179      
                1.7095E-03      -215.798      
                1.7108E-03      -214.521      
                1.7121E-03      -219.31       
                1.7134E-03      -239.855      
                1.7147E-03      -217.184      
                1.716E-03       -241.298      
                1.7173E-03      -216.301      
                1.7186E-03      -225.292      
                1.7199E-03      -213.206      
                1.7212E-03      -228.203      
                1.7225E-03      -224.659      
                1.7238E-03      -234.826      
                1.7251E-03      -222.157      
                1.7264E-03      -220.856      
                1.7277E-03      -212.871      
                1.729E-03       -214.888      
                1.7303E-03      -200.575      
                1.7316E-03      -219.64       
                1.7329E-03      -203.562      
                1.7342E-03      -222.437      
                1.7355E-03      -210.686      
                1.7368E-03      -203.187      
                1.7381E-03      -204.371      
                1.7394E-03      -207.564      
                1.7407E-03      -204.498      
                1.742E-03       -167.842      
                1.7433E-03      -147.568      
                1.7446E-03      -129.01       
                1.7459E-03      -111.635      
                1.7472E-03      -128.342      
                1.7485E-03      -176.422      
                1.7498E-03      -218.911      
                1.7511E-03      -221.061      
                1.7524E-03      -227.122      
                1.7537E-03      -222.3        
                1.755E-03       -223.669      
                1.7563E-03      -210.153      
                1.7576E-03      -211.728      
                1.7589E-03      -239.87       
                1.7602E-03      -212.354      
                1.7615E-03      -236.067      
                1.7628E-03      -238.735      
                1.7641E-03      -248.711      
                1.7654E-03      -207.308      
                1.7667E-03      -219.109      
                1.768E-03       -229.055      
                1.7693E-03      -219.373      
                1.7706E-03      -226.24       
                1.7719E-03      -236.177      
                1.7732E-03      -229.357      
                1.7745E-03      -223.171      
                1.7758E-03      -204.526      
                1.7771E-03      -212.107      
                1.7784E-03      -142.949      
                1.7797E-03      -231.269      
                1.781E-03       -210.085      
                1.7823E-03      -210.565      
                1.7836E-03      -204.063      
                1.7849E-03      -189.799      
                1.7862E-03      -206.677      
                1.7875E-03      -155.812      
                1.7888E-03      -217.541      
                1.7901E-03      -205.835      
                1.7914E-03      -213.943      
                1.7927E-03      -228.581      
                1.794E-03       -205.806      
                1.7953E-03      -214.359      
                1.7966E-03      -206.755      
                1.7979E-03      -211.873      
                1.7992E-03      -180.527      
                1.8005E-03      -232.976      
                1.8018E-03      -225.221      
                1.8031E-03      -219.161      
                1.8044E-03      -219.173      
                1.8057E-03      -207.494      
                1.807E-03       -214.62       
                1.8083E-03      -200.571      
                1.8096E-03      -224.538      
                1.8109E-03      -209.927      
                1.8122E-03      -231.792      
                1.8135E-03      -193.909      
                1.8148E-03      -215.589      
                1.8161E-03      -219.921      
                1.8174E-03      -212.443      
                1.8187E-03      -227.208      
                1.82E-03        -203.818      
                1.8213E-03      -210.306      
                1.8226E-03      -196.946      
                1.8239E-03      -217.792      
                1.8252E-03      -203.284      
                1.8265E-03      -217.813      
                1.8278E-03      -231.298      
                1.8291E-03      -242.763      
                1.8304E-03      -228.347      
                1.8317E-03      -191.245      
                1.833E-03       -184.752      
                1.8343E-03      -184.233      
                1.8356E-03      -188.727      
                1.8369E-03      -248.041      
                1.8382E-03      -222.245      
                1.8395E-03      -225.495      
                1.8408E-03      -198.682      
                1.8421E-03      -234.418      
                1.8434E-03      -198.502      
                1.8447E-03      -227.676      
                1.846E-03       -201.001      
                1.8473E-03      -210.18       
                1.8486E-03      -195.165      
                1.8499E-03      -232.639      
                1.8512E-03      -128.401      
                1.8525E-03      -219.936      
                1.8538E-03      -216.417      
                1.8551E-03      -191.496      
                1.8564E-03      -216.696      
                1.8577E-03      -221.495      
                1.859E-03       -222.308      
                1.8603E-03      -213.132      
                1.8616E-03      -219.099      
                1.8629E-03      -223.927      
                1.8642E-03      -227.752      
                1.8655E-03      -228.873      
                1.8668E-03      -207.363      
                1.8681E-03      -204.934      
                1.8694E-03      -224.826      
                1.8707E-03      -201.332      
                1.872E-03       -224.01       
                1.8733E-03      -207.354      
                1.8746E-03      -210.99       
                1.8759E-03      -209.302      
                1.8772E-03      -104.694      
                1.8785E-03      -124.055      
                1.8798E-03      -144.796      
                1.8811E-03      -202.383      
                1.8824E-03      -222.559      
                1.8837E-03      -237.138      
                1.885E-03       -228.389      
                1.8863E-03      -205.133      
                1.8876E-03      -212.678      
                1.8889E-03      -185.728      
                1.8902E-03      -220.711      
                1.8915E-03      -234.266      
                1.8928E-03      -223.782      
                1.8941E-03      -232.651      
                1.8954E-03      -232.354      
                1.8967E-03      -230.542      
                1.898E-03       -233.989      
                1.8993E-03      -226.15       
                1.9006E-03      -199.921      
                1.9019E-03      -217.662      
                1.9032E-03      -228.255      
                1.9045E-03      -234.51       
                1.9058E-03      -246.588      
                1.9071E-03      -232.823      
                1.9084E-03      -183.566      
                1.9097E-03      -179.306      
                1.911E-03       -205.838      
                1.9123E-03      -213.002      
                1.9136E-03      -226.587      
                1.9149E-03      -220.765      
                1.9162E-03      -191.775      
                1.9175E-03      -204.574      
                1.9188E-03      -221.938      
                1.9201E-03      -227.655      
                1.9214E-03      -215.793      
                1.9227E-03      -199.474      
                1.924E-03       -104.542      
                1.9253E-03      -210.319      
                1.9266E-03      -212.403      
                1.9279E-03      -221.12       
                1.9292E-03      -220.935      
                1.9305E-03      -204.405      
                1.9318E-03      -195.311      
                1.9331E-03      -217.564      
                1.9344E-03      -217.534      
                1.9357E-03      -230.954      
                1.937E-03       -187.733      
                1.9383E-03      -193.15       
                1.9396E-03      -216.036      
                1.9409E-03      -214.838      
                1.9422E-03      -232.659      
                1.9435E-03      -210.021      
                1.9448E-03      -206.526      
                1.9461E-03      -175.586      
                1.9474E-03      -139.999      
                1.9487E-03      -131.163      
                1.95E-03        -138.575      
                1.9513E-03      -194.053      
                1.9526E-03      -217.608      
                1.9539E-03      -217.285      
                1.9552E-03      -228.121      
                1.9565E-03      -203.835      
                1.9578E-03      -212.301      
                1.9591E-03      -195.118      
                1.9604E-03      -214.492      
                1.9617E-03      -229.935      
                1.963E-03       -214.362      
                1.9643E-03      -228.387      
                1.9656E-03      -226.412      
                1.9669E-03      -231.513      
                1.9682E-03      -218.113      
                1.9695E-03      -212.968      
                1.9708E-03      -210.367      
                1.9721E-03      -206.644      
                1.9734E-03      -220.249      
                1.9747E-03      -220.259      
                1.976E-03       -229.463      
                1.9773E-03      -225.596      
                1.9786E-03      -215.996      
                1.9799E-03      -203.657      
                1.9812E-03      -203.367      
                1.9825E-03      -209.782      
                1.9838E-03      -212.443      
                1.9851E-03      -233.045      
                1.9864E-03      -240.622      
                1.9877E-03      -220.499      
                1.989E-03       -216.334      
                1.9903E-03      -193.733      
                1.9916E-03      -229.125      
                1.9929E-03      -233.454      
                1.9942E-03      -196.951      
                1.9955E-03      -203.658      
                1.9968E-03      -224.211      
                1.9981E-03      -210.686      
                1.9994E-03      -230.832      
                2.0007E-03      -201.55       
                2.002E-03       -213.089      
                2.0033E-03      -213.884      
                2.0046E-03      -209.179      
                2.0059E-03      -218.545      
                2.0072E-03      -221.67       
                2.0085E-03      -225.161      
                2.0098E-03      -223.22       
                2.0111E-03      -203.215      
                2.0124E-03      -217.15       
                2.0137E-03      -215.434      
                2.015E-03       -224.741      
                2.0163E-03      -203.183      
                2.0176E-03      -207.84       
                2.0189E-03      -236.12       
                2.0202E-03      -218.052      
                2.0215E-03      -224.019      
                2.0228E-03      -220.14       
                2.0241E-03      -219.635      
                2.0254E-03      -213.329      
                2.0267E-03      -201.248      
                2.028E-03       -223.594      
                2.0293E-03      -212.601      
                2.0306E-03      -222.369      
                2.0319E-03      -227.359      
                2.0332E-03      -208.097      
                2.0345E-03      -140.178      
                2.0358E-03      -149.917      
                2.0371E-03      -172.721      
                2.0384E-03      -141.611      
                2.0397E-03      -196.239      
                2.041E-03       -223.933      
                2.0423E-03      -233.251      
                2.0436E-03      -236.957      
                2.0449E-03      -224.618      
                2.0462E-03      -209.175      
                2.0475E-03      -213.872      
                2.0488E-03      -222.001      
                2.0501E-03      -227.274      
                2.0514E-03      -214.611      
                2.0527E-03      -245.078      
                2.054E-03       -239.642      
                2.0553E-03      -233.876      
                2.0566E-03      -215.626      
                2.0579E-03      -218.095      
                2.0592E-03      -214.407      
                2.0605E-03      -224.035      
                2.0618E-03      -225.222      
                2.0631E-03      -248.544      
                2.0644E-03      -228.415      
                2.0657E-03      -231.242      
                2.067E-03       -217.751      
                2.0683E-03      -153.757      
                2.0696E-03      -223.66       
                2.0709E-03      -224.943      
                2.0722E-03      -218.107      
                2.0735E-03      -229.272      
                2.0748E-03      -233.172      
                2.0761E-03      -218.711      
                2.0774E-03      -202.494      
                2.0787E-03      -192.578      
                2.08E-03        -206.471      
                2.0813E-03      -226.197      
                2.0826E-03      -205.087      
                2.0839E-03      -209.544      
                2.0852E-03      -214.135      
                2.0865E-03      -210.668      
                2.0878E-03      -223.634      
                2.0891E-03      -217.466      
                2.0904E-03      -214.415      
                2.0917E-03      -211.916      
                2.093E-03       -206.611      
                2.0943E-03      -232.215      
                2.0956E-03      -229.575      
                2.0969E-03      -205.611      
                2.0982E-03      -209.219      
                2.0995E-03      -209.923      
                2.1008E-03      -214.476      
                2.1021E-03      -220.136      
                2.1034E-03      -204.287      
                2.1047E-03      -212.868      
                2.106E-03       -206.398      
                2.1073E-03      -215.316      
                2.1086E-03      -206.851      
                2.1099E-03      -198.46       
                2.1112E-03      -219.493      
                2.1125E-03      -174.511      
                2.1138E-03      -209.862      
                2.1151E-03      -199.167      
                2.1164E-03      -227.514      
                2.1177E-03      -231.586      
                2.119E-03       -207.835      
                2.1203E-03      -211.152      
                2.1216E-03      -216.437      
                2.1229E-03      -201.387      
                2.1242E-03      -244.521      
                2.1255E-03      -225.835      
                2.1268E-03      -209.743      
                2.1281E-03      -226.343      
                2.1294E-03      -214.736      
                2.1307E-03      -213.605      
                2.132E-03       -211.535      
                2.1333E-03      -198.733      
                2.1346E-03      -175.559      
                2.1359E-03      -213.838      
                2.1372E-03      -221.387      
                2.1385E-03      -244.007      
                2.1398E-03      -218.774      
                2.1411E-03      -216.567      
                2.1424E-03      -222.41       
                2.1437E-03      -207.44       
                2.145E-03       -229.407      
                2.1463E-03      -219.844      
                2.1476E-03      -218.074      
                2.1489E-03      -212.433      
                2.1502E-03      -213.076      
                2.1515E-03      -224.064      
                2.1528E-03      -225.056      
                2.1541E-03      -220.125      
                2.1554E-03      -223.752      
                2.1567E-03      -202.521      
                2.158E-03       -215.631      
                2.1593E-03      -209.287      
                2.1606E-03      -220.3        
                2.1619E-03      -228.728      
                2.1632E-03      -224.149      
                2.1645E-03      -219.105      
                2.1658E-03      -213.038      
                2.1671E-03      -216.087      
                2.1684E-03      -219.001      
                2.1697E-03      -147.259      
                2.171E-03       -195.302      
                2.1723E-03      -168.76       
                2.1736E-03      -167.007      
                2.1749E-03      -217.659      
                2.1762E-03      -227.737      
                2.1775E-03      -242.505      
                2.1788E-03      -233.831      
                2.1801E-03      -219.714      
                2.1814E-03      -218.6        
                2.1827E-03      -224.941      
                2.184E-03       -245.297      
                2.1853E-03      -239.994      
                2.1866E-03      -221.387      
                2.1879E-03      -218.298      
                2.1892E-03      -223.929      
                2.1905E-03      -208.356      
                2.1918E-03      -232.848      
                2.1931E-03      -238.747      
                2.1944E-03      -227.453      
                2.1957E-03      -228.078      
                2.197E-03       -210.075      
                2.1983E-03      -221.911      
                2.1996E-03      -219.848      
                2.2009E-03      -216.607      
                2.2022E-03      -179.702      
                2.2035E-03      -226.115      
                2.2048E-03      -193.414      
                2.2061E-03      -229.574      
                2.2074E-03      -224.226      
                2.2087E-03      -178.396      
                2.21E-03        -226.244      
                2.2113E-03      -206.35       
                2.2126E-03      -222.328      
                2.2139E-03      -206.328      
                2.2152E-03      -224.228      
                2.2165E-03      -156.371      
                2.2178E-03      -219.934      
                2.2191E-03      -225.768      
                2.2204E-03      -217.775      
                2.2217E-03      -223.691      
                2.223E-03       -221.224      
                2.2243E-03      -192.622      
                2.2256E-03      -194.682      
                2.2269E-03      -196.192      
                2.2282E-03      -200.889      
                2.2295E-03      -223.371      
                2.2308E-03      -219.486      
                2.2321E-03      -197.743      
                2.2334E-03      -228.883      
                2.2347E-03      -153.848      
                2.236E-03        -98.2642     
                2.2373E-03      -140.945      
                2.2386E-03      -163.008      
                2.2399E-03      -219.91       
                2.2412E-03      -240.022      
                2.2425E-03      -219.599      
                2.2438E-03      -232.567      
                2.2451E-03      -249.591      
                2.2464E-03      -212.219      
                2.2477E-03      -208.776      
                2.249E-03       -222.819      
                2.2503E-03      -232.193      
                2.2516E-03      -220.531      
                2.2529E-03      -219.734      
                2.2542E-03      -154.684      
                2.2555E-03      -232.955      
                2.2568E-03      -198.663      
                2.2581E-03      -219.735      
                2.2594E-03      -222.686      
                2.2607E-03      -226.57       
                2.262E-03       -221.402      
                2.2633E-03      -217.403      
                2.2646E-03      -208.191      
                2.2659E-03      -212.092      
                2.2672E-03      -222.128      
                2.2685E-03      -224.537      
                2.2698E-03      -219.852      
                2.2711E-03      -236.944      
                2.2724E-03      -221.609      
                2.2737E-03      -214.508      
                2.275E-03       -224.139      
                2.2763E-03      -211.485      
                2.2776E-03      -215.208      
                2.2789E-03      -216.403      
                2.2802E-03      -224.737      
                2.2815E-03      -189.525      
                2.2828E-03      -195.722      
                2.2841E-03      -200.728      
                2.2854E-03      -216.757      
                2.2867E-03      -232.835      
                2.288E-03       -212.486      
                2.2893E-03      -191.305      
                2.2906E-03      -207.553      
                2.2919E-03      -214.795      
                2.2932E-03      -196.777      
                2.2945E-03      -220.492      
                2.2958E-03      -195.858      
                2.2971E-03      -214.722      
                2.2984E-03      -210.594      
                2.2997E-03      -211.005      
                2.301E-03       -203.248      
                2.3023E-03      -202.053      
                2.3036E-03      -192.105      
                2.3049E-03      -209.719      
                2.3062E-03      -209.618      
                2.3075E-03      -204.802      
                2.3088E-03      -218.505      
                2.3101E-03      -167.595      
                2.3114E-03      -186.179      
                2.3127E-03      -141.275      
                2.314E-03       -118.497      
                2.3153E-03      -169.302      
                2.3166E-03      -194.805      
                2.3179E-03      -223.434      
                2.3192E-03      -218.381      
                2.3205E-03      -201.833      
                2.3218E-03      -207.751      
                2.3231E-03      -208.681      
                2.3244E-03      -195.915      
                2.3257E-03      -207.461      
                2.327E-03       -209.216      
                2.3283E-03      -213.487      
                2.3296E-03      -222.758      
                2.3309E-03      -215.963      
                2.3322E-03      -218.341      
                2.3335E-03      -207.738      
                2.3348E-03      -209.47       
                2.3361E-03      -220.064      
                2.3374E-03      -212.436      
                2.3387E-03      -194.843      
                2.34E-03        -203.37       
                2.3413E-03      -204.206      
                2.3426E-03      -195.15       
                2.3439E-03      -203.741      
                2.3452E-03      -208.64       
                2.3465E-03      -203.168      
                2.3478E-03      -197.117      
                2.3491E-03      -209.525      
                2.3504E-03      -206.158      
                2.3517E-03      -207.723      
                2.353E-03       -215.459      
                2.3543E-03      -209.892      
                2.3556E-03      -211.548      
                2.3569E-03      -212.607      
                2.3582E-03      -207.761      
                2.3595E-03      -225.687      
                2.3608E-03      -213.779      
                2.3621E-03      -208.487      
                2.3634E-03      -212.491      
                2.3647E-03      -202.232      
                2.366E-03       -214.614      
                2.3673E-03      -207.195      
                2.3686E-03      -225.767      
                2.3699E-03      -146.615      
                2.3712E-03      -215.845      
                2.3725E-03      -250.811      
                2.3738E-03      -208.012      
                2.3751E-03      -182.378      
                2.3764E-03      -184.918      
                2.3777E-03      -185.376      
                2.379E-03       -181.83       
                2.3803E-03      -179.398      
                2.3816E-03      -169.303      
                2.3829E-03      -172.873      
                2.3842E-03      -186.411      
                2.3855E-03      -176.116      
                2.3868E-03      -173.981      
                2.3881E-03      -182.608      
                2.3894E-03      -188.922      
                2.3907E-03      -183.446      
                2.392E-03       -178.711      
                2.3933E-03      -166.202      
                2.3946E-03      -182.905      
                2.3959E-03      -187.762      
                2.3972E-03      -173.015      
                2.3985E-03      -181.965      
                2.3998E-03      -194.387      
                2.4011E-03      -175.139      
                2.4024E-03      -179.214      
                2.4037E-03      -185.367      
                2.405E-03       -188.971      
                2.4063E-03      -179.566      
                2.4076E-03      -180.454      
                2.4089E-03      -193.336      
                2.4102E-03      -171.564      
                2.4115E-03      -177.586      
                2.4128E-03      -171.603      
                2.4141E-03      -174.293      
                2.4154E-03      -176.411      
                2.4167E-03      -176.192      
                2.418E-03       -186.487      
                2.4193E-03      -165.396      
                2.4206E-03      -171.628      
                2.4219E-03      -176.215      
                2.4232E-03      -176.766      
                2.4245E-03      -172.736      
                2.4258E-03      -177.556      
                2.4271E-03      -158.415      
                2.4284E-03      -134.084      
                2.4297E-03      -175.53       
                2.431E-03       -176.319      
                2.4323E-03      -171.754      
                2.4336E-03      -103.482      
                2.4349E-03      -158.313      
                2.4362E-03      -153.35       
                2.4375E-03      -163.432      
                2.4388E-03      -159.507      
                2.4401E-03      -155.152      
                2.4414E-03      -147.533      
                2.4427E-03      -159.651      
                2.444E-03       -165.811      
                2.4453E-03      -154.894      
                2.4466E-03      -139.168      
                2.4479E-03      -153.068      
                2.4492E-03      -151.852      
                2.4505E-03      -168.417      
                2.4518E-03      -157.177      
                2.4531E-03      -122.764      
                2.4544E-03      -146.756      
                2.4557E-03       -38.2539     
                2.457E-03       -136.968      
                2.4583E-03      -113.073      
                2.4596E-03      -165.764      
                2.4609E-03      -142.655      
                2.4622E-03      -131.392      
                2.4635E-03      -147.934      
                2.4648E-03      -134.572      
                2.4661E-03      -130.013      
                2.4674E-03      -132.882      
                2.4687E-03      -130.163      
                2.47E-03        -152.474      
                2.4713E-03      -137.535      
                2.4726E-03      -136.373      
                2.4739E-03      -142.697      
                2.4752E-03      -133.819      
                2.4765E-03       -99.4649     
                2.4778E-03      -119.753      
                2.4791E-03      -103.133      
                2.4804E-03      -121.394      
                2.4817E-03       -63.3684     
                2.483E-03       -107.437      
                2.4843E-03      -104.781      
                2.4856E-03      -123.565      
                2.4869E-03      -131.528      
                2.4882E-03      -129.789      
                2.4895E-03      -124.378      
                2.4908E-03      -139.692      
                2.4921E-03      -130.327      
                2.4934E-03      -125.324      
                2.4947E-03      -125.685      
                2.496E-03       -134.495      
                2.4973E-03      -152.007      
                2.4986E-03      -119.456      
                2.4999E-03      -133.778      
                2.5012E-03      -118.328      
                2.5025E-03      -121.095      
                2.5038E-03      -123.405      
                2.5051E-03      -126.326      
                2.5064E-03       -99.6354     
                2.5077E-03       -95.7124     
                2.509E-03        -97.3343     
                2.5103E-03      -108.859      
                2.5116E-03      -103.337      
                2.5129E-03      -127.565      
                2.5142E-03      -109.852      
                2.5155E-03       -87.5341     
                2.5168E-03      -111.758      
                2.5181E-03      -111.665      
                2.5194E-03      -108.12       
                2.5207E-03      -101.777      
                2.522E-03       -110.267      
                2.5233E-03      -113.164      
                2.5246E-03      -118.647      
                2.5259E-03      -122.581      
                2.5272E-03      -108.238      
                2.5285E-03      -111.177      
                2.5298E-03      -104.038      
                2.5311E-03      -103.352      
                2.5324E-03      -108.321      
                2.5337E-03      -105.861      
                2.535E-03       -108.216      
                2.5363E-03      -113.806      
                2.5376E-03      -110.17       
                2.5389E-03      -117.543      
                2.5402E-03      -111.859      
                2.5415E-03      -111.614      
                2.5428E-03      -100.441      
                2.5441E-03       -99.6882     
                2.5454E-03      -110.753      
                2.5467E-03       -99.9581     
                2.548E-03       -118.23       
                2.5493E-03      -116.533      
                2.5506E-03      -104.11       
                2.5519E-03      -107.428      
                2.5532E-03      -108.282      
                2.5545E-03       -94.2193     
                2.5558E-03      -103.166      
                2.5571E-03      -104.177      
                2.5584E-03      -103.865      
                2.5597E-03       -46.0452     
                2.561E-03        -56.9534     
                2.5623E-03       -87.1025     
                2.5636E-03       -88.9019     
                2.5649E-03       -95.1434     
                2.5662E-03       -91.5041     
                2.5675E-03       -90.8659     
                2.5688E-03       -77.2369     
                2.5701E-03       -79.7466     
                2.5714E-03      -101.98       
                2.5727E-03       -64.9795     
                2.574E-03        -87.2038     
                2.5753E-03       -98.2639     
                2.5766E-03      -105.061      
                2.5779E-03      -105.247      
                2.5792E-03      -101.291      
                2.5805E-03       -92.9233     
                2.5818E-03       -58.1562     
                2.5831E-03       -78.2187     
                2.5844E-03       -70.9731     
                2.5857E-03       -89.2773     
                2.587E-03        -83.6403     
                2.5883E-03       -85.7276     
                2.5896E-03       -83.8969     
                2.5909E-03       -77.5402     
                2.5922E-03       -79.6395     
                2.5935E-03       -80.2342     
                2.5948E-03       -75.5296     
                2.5961E-03       -70.1918     
                2.5974E-03       -63.9149     
                2.5987E-03       -71.6528     
                2.6E-03          -77.2767     




