
                  X               _temp_4     

                0.                 0.         
                1.30114E-06      -25.3852     
                2.60056E-06      -73.3535     
                3.90174E-06       50.2276     
                5.20116E-06       47.3637     
                6.50054E-06     -218.341      
                7.80173E-06     -178.408      
                9.10132E-06       77.902      
               10.4009E-06       -82.9983     
               11.7005E-06      -335.105      
               13.0001E-06       -73.551      
               14.3014E-06       107.145      
               15.601E-06       -208.382      
               16.9006E-06      -251.412      
               18.2002E-06        67.0451     
               19.5015E-06        15.9665     
               20.8011E-06      -237.207      
               22.1007E-06      -108.463      
               23.4003E-06        61.8285     
               24.7016E-06       -90.5279     
               26.0012E-06      -164.725      
               27.3008E-06       -37.8724     
               28.6003E-06       -17.5596     
               29.9017E-06       -85.2084     
               31.2017E-06       -80.5355     
               32.5002E-06       -64.5351     
               33.8012E-06       -58.643      
               35.1004E-06       -38.3055     
               36.4013E-06       -86.132      
               37.7005E-06      -123.287      
               39.0014E-06       -42.676      
               40.3006E-06       -27.3968     
               41.6016E-06      -145.095      
               42.9008E-06      -130.9        
               44.2017E-06       -13.9765     
               45.5009E-06       -79.2654     
               46.8001E-06      -192.659      
               48.101E-06       -109.586      
               49.4002E-06       -45.1987     
               50.7012E-06      -159.912      
               52.0004E-06      -197.166      
               53.3013E-06       -96.7379     
               54.6005E-06      -101.441      
               55.9015E-06      -186.814      
               57.2006E-06      -162.69       
               58.5016E-06      -102.971      
               59.8008E-06      -127.06       
               61.1017E-06      -158.111      
               62.4009E-06      -137.855      
               63.7001E-06      -126.788      
               65.0011E-06      -132.552      
               66.3002E-06      -139.773      
               67.6E-06          -86.2197     
               68.9009E-06       -62.4596     
               70.2001E-06       -78.1738     
               71.5011E-06      -120.02       
               72.8003E-06      -156.171      
               74.1012E-06      -122.777      
               75.4004E-06      -115.163      
               76.7014E-06      -169.124      
               78.0006E-06      -172.727      
               79.3015E-06      -125.232      
               80.6007E-06      -144.656      
               81.9016E-06      -189.55       
               83.2006E-06      -147.114      
               84.5004E-06      -129.688      
               85.801E-06       -163.4        
               87.1006E-06      -182.592      
               88.4E-06         -166.845      
               89.7001E-06      -160.734      
               91.0004E-06      -198.318      
               92.3003E-06      -204.256      
               93.6015E-06      -107.699      
               94.9005E-06      -106.598      
               96.2016E-06      -153.27       
               97.5014E-06      -160.022      
               98.8001E-06      -149.236      
              100.101E-06       -168.745      
              101.401E-06        -96.5729     
              102.702E-06       -104.404      
              104.001E-06       -132.768      
              105.301E-06        -66.0781     
              106.601E-06        -92.4261     
              107.902E-06       -121.581      
              109.201E-06       -120.763      
              110.502E-06       -129.027      
              111.8E-06         -130.853      
              113.101E-06       -132.907      
              114.4E-06         -114.927      
              115.701E-06       -121.204      
              117.E-06          -150.394      
              118.301E-06       -169.36       
              119.6E-06          -89.9011     
              120.901E-06       -113.492      
              122.201E-06       -134.166      
              123.501E-06       -151.229      
              124.8E-06         -122.58       
              126.101E-06       -140.497      
              127.401E-06       -153.398      
              128.7E-06         -159.9        
              130.001E-06        -79.7015     
              131.301E-06       -128.476      
              132.601E-06       -149.889      
              133.902E-06       -157.82       
              135.201E-06       -162.521      
              136.5E-06         -164.501      
              137.801E-06       -171.12       
              139.1E-06         -180.882      
              140.401E-06       -169.39       
              141.7E-06         -181.361      
              143.001E-06       -127.376      
              144.3E-06         -131.475      
              145.601E-06       -150.919      
              146.901E-06       -165.874      
              148.202E-06       -174.679      
              149.501E-06       -173.419      
              150.802E-06       -117.802      
              152.101E-06       -109.2        
              153.4E-06         -136.604      
              154.701E-06       -140.784      
              156.E-06          -123.379      
              157.301E-06       -134.115      
              158.602E-06       -144.085      
              159.901E-06       -154.03       
              161.2E-06         -132.639      
              162.501E-06       -143.091      
              163.8E-06         -155.737      
              165.101E-06       -126.475      
              166.4E-06         -102.867      
              167.701E-06       -115.886      
              169.001E-06       -133.463      
              170.3E-06         -143.392      
              171.601E-06       -150.125      
              172.9E-06         -125.271      
              174.201E-06       -126.561      
              175.5E-06         -141.811      
              176.801E-06       -162.959      
              178.1E-06         -132.096      
              179.4E-06          -97.5988     
              180.701E-06       -120.36       
              182.E-06          -143.458      
              183.3E-06         -149.835      
              184.601E-06       -158.55       
              185.901E-06       -104.953      
              187.201E-06       -103.132      
              188.5E-06         -132.711      
              189.801E-06       -132.352      
              191.1E-06         -145.887      
              192.401E-06       -152.013      
              193.701E-06       -172.108      
              195.001E-06       -177.626      
              196.3E-06         -134.713      
              197.6E-06         -137.49       
              198.901E-06       -135.77       
              200.201E-06       -162.312      
              201.501E-06       -172.339      
              202.801E-06       -180.716      
              204.101E-06       -120.046      
              205.401E-06       -127.55       
              206.701E-06       -159.224      
              208.001E-06       -164.332      
              209.3E-06         -183.361      
              210.601E-06       -190.131      
              211.9E-06         -140.975      
              213.2E-06         -131.013      
              214.5E-06         -147.776      
              215.801E-06       -170.667      
              217.1E-06         -173.867      
              218.401E-06       -182.563      
              219.7E-06         -127.734      
              221.E-06           -98.3206     
              222.301E-06       -105.708      
              223.6E-06         -128.074      
              224.9E-06         -146.777      
              226.201E-06       -168.623      
              227.501E-06       -179.375      
              228.801E-06       -191.958      
              230.101E-06       -188.418      
              231.4E-06         -127.661      
              232.7E-06         -147.221      
              234.001E-06       -148.202      
              235.301E-06       -174.584      
              236.6E-06         -191.293      
              237.901E-06       -194.18       
              239.201E-06       -196.276      
              240.5E-06          -89.2338     
              241.801E-06        -76.0146     
              243.101E-06        -83.3252     
              244.4E-06          -92.2968     
              245.701E-06        -85.3286     
              247.001E-06       -107.584      
              248.3E-06         -122.064      
              249.601E-06       -139.395      
              250.901E-06       -147.578      
              252.201E-06       -146.529      
              253.501E-06       -119.091      
              254.801E-06       -124.293      
              256.1E-06         -141.716      
              257.401E-06       -130.804      
              258.7E-06         -149.999      
              260.001E-06       -153.559      
              261.3E-06         -154.641      
              262.601E-06       -126.939      
              263.901E-06       -113.629      
              265.201E-06       -133.339      
              266.5E-06         -142.851      
              267.8E-06         -120.357      
              269.1E-06         -131.113      
              270.401E-06       -140.739      
              271.701E-06       -141.971      
              273.001E-06       -140.678      
              274.301E-06       -138.862      
              275.601E-06        -90.2306     
              276.901E-06       -100.776      
              278.202E-06        -65.9336     
              279.5E-06          -97.5595     
              280.801E-06       -104.027      
              282.101E-06       -127.059      
              283.4E-06         -128.243      
              284.701E-06       -135.223      
              286.001E-06       -132.021      
              287.301E-06       -147.622      
              288.6E-06          -95.5761     
              289.9E-06         -131.886      
              291.202E-06       -116.558      
              292.501E-06        -77.2534     
              293.8E-06          -79.8764     
              295.102E-06        -58.3008     
              296.4E-06          -65.6924     
              297.701E-06        -62.1684     
              299.E-06           -75.1281     
              300.301E-06       -103.556      
              301.601E-06       -126.102      
              302.901E-06       -136.567      
              304.2E-06         -108.725      
              305.501E-06       -130.256      
              306.8E-06         -125.77       
              308.101E-06        -79.096      
              309.402E-06        -97.6065     
              310.701E-06       -101.002      
              312.001E-06       -125.755      
              313.301E-06       -123.293      
              314.6E-06         -132.394      
              315.901E-06       -124.994      
              317.202E-06       -104.702      
              318.501E-06        -95.3439     
              319.801E-06       -104.839      
              321.101E-06        -93.2639     
              322.4E-06         -109.565      
              323.701E-06       -136.406      
              325.001E-06       -148.642      
              326.3E-06         -147.379      
              327.601E-06       -154.069      
              328.9E-06         -148.832      
              330.201E-06       -150.771      
              331.502E-06        -79.0909     
              332.801E-06        -85.0114     
              334.101E-06        -90.2209     
              335.4E-06          -89.3335     
              336.701E-06       -125.01       
              338.E-06          -118.756      
              339.301E-06       -162.746      
              340.6E-06         -164.702      
              341.901E-06       -133.251      
              343.201E-06       -150.349      
              344.502E-06       -150.165      
              345.801E-06       -109.187      
              347.102E-06       -116.086      
              348.401E-06       -130.466      
              349.7E-06         -155.946      
              351.001E-06       -152.268      
              352.3E-06         -150.944      
              353.601E-06       -153.563      
              354.9E-06          -92.4729     
              356.201E-06        -95.0477     
              357.501E-06       -129.033      
              358.801E-06       -133.059      
              360.101E-06       -145.241      
              361.402E-06       -147.845      
              362.701E-06        -82.2365     
              364.001E-06       -120.387      
              365.301E-06        -80.4219     
              366.6E-06         -134.811      
              367.901E-06       -142.405      
              369.2E-06         -163.558      
              370.501E-06       -154.941      
              371.801E-06       -146.736      
              373.102E-06       -124.195      
              374.401E-06        -92.9919     
              375.7E-06         -123.383      
              377.001E-06       -115.796      
              378.3E-06         -142.198      
              379.601E-06       -128.693      
              380.9E-06         -131.878      
              382.201E-06        -71.7813     
              383.5E-06          -82.3546     
              384.801E-06        -94.4951     
              386.101E-06       -136.525      
              387.402E-06       -136.518      
              388.701E-06        -80.7938     
              390.001E-06        -56.3136     
              391.302E-06        -85.3326     
              392.601E-06       -118.309      
              393.901E-06       -109.007      
              395.202E-06       -136.43       
              396.501E-06       -141.456      
              397.8E-06         -172.664      
              399.101E-06        -85.6038     
              400.4E-06         -108.98       
              401.7E-06         -106.203      
              403.001E-06       -147.247      
              404.3E-06         -143.943      
              405.601E-06       -150.426      
              406.9E-06          -96.8058     
              408.201E-06       -114.426      
              409.501E-06       -102.175      
              410.801E-06       -123.131      
              412.101E-06       -139.612      
              413.402E-06       -157.332      
              414.701E-06       -162.048      
              416.002E-06       -172.518      
              417.301E-06       -135.884      
              418.6E-06          -77.409      
              419.901E-06       -101.987      
              421.2E-06         -137.241      
              422.501E-06        -82.0086     
              423.8E-06          -98.1159     
              425.101E-06       -119.619      
              426.401E-06       -141.218      
              427.701E-06       -133.915      
              429.001E-06       -104.697      
              430.302E-06       -108.71       
              431.601E-06       -123.643      
              432.902E-06       -148.09       
              434.201E-06       -139.074      
              435.5E-06         -157.912      
              436.801E-06       -162.367      
              438.1E-06         -137.567      
              439.401E-06       -144.953      
              440.7E-06         -145.53       
              442.001E-06       -134.918      
              443.301E-06       -148.451      
              444.601E-06       -104.625      
              445.901E-06       -103.136      
              447.202E-06       -119.297      
              448.501E-06       -129.485      
              449.8E-06         -123.232      
              451.101E-06       -123.899      
              452.4E-06         -133.155      
              453.701E-06       -107.451      
              455.E-06          -121.945      
              456.301E-06       -115.945      
              457.6E-06         -102.927      
              458.901E-06       -109.161      
              460.201E-06       -118.668      
              461.501E-06       -148.706      
              462.801E-06       -133.72       
              464.102E-06       -142.223      
              465.401E-06       -138.089      
              466.7E-06         -128.211      
              468.001E-06       -128.61       
              469.3E-06         -140.474      
              470.601E-06       -148.243      
              471.9E-06         -129.57       
              473.201E-06       -113.296      
              474.5E-06          -86.2196     
              475.801E-06       -109.804      
              477.101E-06        -73.3662     
              478.402E-06        -80.6786     
              479.701E-06        -87.712      
              481.E-06          -103.495      
              482.301E-06       -119.098      
              483.6E-06         -121.91       
              484.901E-06       -128.871      
              486.2E-06         -112.421      
              487.501E-06       -124.295      
              488.8E-06         -129.562      
              490.101E-06       -112.753      
              491.401E-06       -129.477      
              492.702E-06       -101.365      
              494.001E-06       -124.753      
              495.302E-06       -125.931      
              496.601E-06       -139.258      
              497.9E-06         -137.658      
              499.201E-06       -131.562      
              500.5E-06          -85.7972     
              501.801E-06       -100.957      
              503.1E-06         -117.951      
              504.401E-06       -140.065      
              505.7E-06         -143.526      
              507.001E-06       -134.92       
              508.301E-06       -154.79       
              509.602E-06       -156.265      
              510.901E-06       -164.04       
              512.202E-06       -145.282      
              513.501E-06       -163.571      
              514.8E-06         -169.68       
              516.101E-06       -154.953      
              517.4E-06         -139.197      
              518.701E-06       -120.618      
              520.E-06          -140.447      
              521.301E-06       -153.438      
              522.6E-06         -168.857      
              523.901E-06       -162.929      
              525.201E-06       -169.371      
              526.502E-06       -170.89       
              527.801E-06       -176.678      
              529.102E-06       -128.465      
              530.401E-06       -145.667      
              531.7E-06         -150.249      
              533.001E-06       -134.125      
              534.3E-06         -126.795      
              535.601E-06        -91.6356     
              536.9E-06         -116.264      
              538.201E-06        -99.4339     
              539.5E-06          -80.0963     
              540.801E-06       -120.119      
              542.101E-06       -119.619      
              543.402E-06       -143.743      
              544.701E-06       -100.802      
              546.002E-06       -139.902      
              547.301E-06       -139.903      
              548.6E-06         -151.22       
              549.901E-06       -149.03       
              551.2E-06          -69.8614     
              552.501E-06        -73.2469     
              553.8E-06          -43.7671     
              555.101E-06        -83.439      
              556.4E-06         -105.856      
              557.701E-06       -129.425      
              559.E-06          -150.9        
              560.301E-06       -158.136      
              561.601E-06       -155.599      
              562.902E-06       -104.398      
              564.201E-06       -129.785      
              565.502E-06        -78.2071     
              566.801E-06       -111.259      
              568.1E-06         -113.825      
              569.401E-06       -120.958      
              570.7E-06         -141.963      
              572.001E-06       -137.505      
              573.3E-06         -144.557      
              574.601E-06       -153.856      
              575.901E-06       -137.437      
              577.201E-06       -109.72       
              578.501E-06       -105.495      
              579.802E-06       -116.963      
              581.101E-06       -138.209      
              582.402E-06        -72.917      
              583.701E-06        -86.4421     
              585.E-06          -112.178      
              586.301E-06       -114.723      
              587.6E-06         -116.439      
              588.901E-06        -61.6987     
              590.2E-06         -106.189      
              591.501E-06       -108.132      
              592.8E-06         -129.689      
              594.101E-06       -129.812      
              595.401E-06       -138.517      
              596.702E-06       -127.297      
              598.001E-06       -129.012      
              599.302E-06       -106.838      
              600.601E-06       -124.035      
              601.9E-06         -131.477      
              603.201E-06       -116.986      
              604.5E-06         -133.373      
              605.801E-06       -130.612      
              607.1E-06         -147.104      
              608.401E-06       -122.597      
              609.701E-06       -125.662      
              611.001E-06       -136.993      
              612.301E-06       -102.971      
              613.602E-06       -124.131      
              614.901E-06       -125.509      
              616.2E-06         -134.291      
              617.501E-06       -121.9        
              618.8E-06          -47.9425     
              620.101E-06        -68.1596     
              621.402E-06        -98.2225     
              622.701E-06       -117.345      
              624.E-06          -112.596      
              625.301E-06       -131.468      
              626.601E-06       -133.269      
              627.901E-06       -124.335      
              629.201E-06       -120.576      
              630.502E-06       -120.028      
              631.801E-06       -134.091      
              633.1E-06         -138.463      
              634.401E-06       -158.016      
              635.7E-06         -109.188      
              637.001E-06       -140.365      
              638.3E-06         -144.443      
              639.601E-06       -108.431      
              640.9E-06         -100.074      
              642.201E-06        -60.5769     
              643.501E-06        -86.062      
              644.8E-06          -90.5764     
              646.101E-06        -78.8269     
              647.4E-06         -102.78       
              648.701E-06       -125.678      
              650.E-06          -138.98       
              651.301E-06       -129.537      
              652.6E-06         -116.194      
              653.901E-06       -130.747      
              655.201E-06       -133.486      
              656.502E-06       -103.329      
              657.801E-06       -112.289      
              659.102E-06       -102.499      
              660.401E-06       -129.514      
              661.7E-06         -157.565      
              663.001E-06        -96.1711     
              664.3E-06         -141.004      
              665.601E-06       -141.524      
              666.9E-06         -149.382      
              668.201E-06        -85.489      
              669.5E-06         -125.19       
              670.801E-06       -132.101      
              672.101E-06       -142.273      
              673.402E-06       -149.85       
              674.701E-06       -105.728      
              676.002E-06       -114.806      
              677.301E-06       -118.538      
              678.6E-06         -149.692      
              679.901E-06       -149.701      
              681.2E-06          -73.6881     
              682.501E-06        -91.8145     
              683.8E-06          -85.3913     
              685.101E-06       -106.654      
              686.401E-06       -109.168      
              687.701E-06       -125.586      
              689.001E-06       -124.189      
              690.302E-06       -140.37       
              691.601E-06       -118.557      
              692.9E-06         -140.647      
              694.201E-06       -150.708      
              695.5E-06         -151.104      
              696.801E-06        -90.5708     
              698.1E-06          -50.2772     
              699.401E-06        -91.2737     
              700.701E-06        -77.4534     
              702.E-06           -92.4076     
              703.301E-06        -89.5888     
              704.6E-06         -116.644      
              705.901E-06       -115.987      
              707.2E-06         -144.141      
              708.501E-06       -134.75       
              709.8E-06          -86.2119     
              711.101E-06        -92.4052     
              712.401E-06       -103.357      
              713.702E-06       -111.32       
              715.001E-06       -146.064      
              716.302E-06       -139.745      
              717.601E-06        -97.5916     
              718.9E-06         -120.681      
              720.201E-06       -124.869      
              721.5E-06         -169.737      
              722.801E-06       -100.681      
              724.1E-06          -73.4649     
              725.401E-06        -77.3268     
              726.701E-06        -96.5606     
              728.001E-06        -98.0752     
              729.301E-06       -103.743      
              730.602E-06       -125.481      
              731.901E-06       -124.166      
              733.202E-06       -139.28       
              734.501E-06        -96.3703     
              735.8E-06         -114.225      
              737.101E-06       -127.379      
              738.4E-06         -124.685      
              739.701E-06       -132.885      
              741.E-06           -96.2242     
              742.301E-06       -105.906      
              743.6E-06         -120.746      
              744.901E-06       -122.922      
              746.201E-06        -90.6086     
              747.502E-06        -79.6747     
              748.8E-06          -82.6021     
              750.101E-06        -84.8827     
              751.4E-06          -72.9451     
              752.701E-06        -88.0717     
              754.E-06           -82.5079     
              755.301E-06        -99.64       
              756.6E-06         -111.373      
              757.901E-06        -50.8654     
              759.201E-06        -94.2731     
              760.502E-06        -79.9644     
              761.801E-06       -107.423      
              763.102E-06       -120.299      
              764.401E-06        -56.9925     
              765.7E-06          -80.0569     
              767.001E-06        -83.4623     
              768.3E-06          -53.6747     
              769.601E-06        -94.6033     
              770.9E-06          -78.3022     
              772.201E-06        -76.258      
              773.5E-06         -103.654      
              774.801E-06       -103.178      
              776.101E-06       -104.54       
              777.402E-06        -95.9049     
              778.701E-06       -114.915      
              780.002E-06       -117.618      
              781.301E-06       -113.091      
              782.6E-06          -96.5702     
              783.901E-06       -106.91       
              785.2E-06          -99.2923     
              786.501E-06       -100.408      
              787.8E-06         -124.613      
              789.101E-06       -132.084      
              790.401E-06       -127.625      
              791.701E-06       -132.952      
              793.001E-06       -124.964      
              794.302E-06       -136.586      
              795.601E-06       -130.766      
              796.902E-06       -114.369      
              798.201E-06       -125.211      
              799.501E-06        -89.3778     
              800.8E-06          -87.9716     
              802.101E-06       -124.025      
              803.401E-06       -112.571      
              804.701E-06       -118.78       
              806.001E-06       -120.519      
              807.302E-06       -133.523      
              808.601E-06       -121.159      
              809.9E-06         -105.281      
              811.201E-06       -116.56       
              812.5E-06         -127.245      
              813.801E-06        -90.4899     
              815.1E-06          -83.5527     
              816.401E-06        -89.79       
              817.7E-06         -105.902      
              819.001E-06       -122.496      
              820.3E-06         -134.521      
              821.601E-06        -90.2071     
              822.901E-06       -115.862      
              824.201E-06       -107.338      
              825.502E-06       -117.866      
              826.8E-06         -136.21       
              828.101E-06        -78.5179     
              829.402E-06        -80.0456     
              830.701E-06        -74.3123     
              832.002E-06       -107.368      
              833.301E-06       -111.753      
              834.6E-06         -143.991      
              835.901E-06       -149.569      
              837.201E-06        -96.1461     
              838.501E-06       -110.377      
              839.801E-06       -102.874      
              841.102E-06       -110.096      
              842.401E-06       -118.721      
              843.702E-06       -143.665      
              845.001E-06        -98.6617     
              846.3E-06         -126.112      
              847.601E-06        -99.7179     
              848.9E-06         -125.674      
              850.201E-06       -131.487      
              851.5E-06         -139.959      
              852.801E-06       -115.196      
              854.101E-06       -128.092      
              855.401E-06       -120.2        
              856.701E-06       -133.296      
              858.002E-06       -148.953      
              859.3E-06         -106.82       
              860.601E-06        -86.3125     
              861.9E-06          -86.9344     
              863.201E-06       -113.055      
              864.5E-06          -96.4983     
              865.801E-06       -109.623      
              867.1E-06         -108.44       
              868.401E-06       -109.902      
              869.7E-06         -116.798      
              871.001E-06       -129.383      
              872.301E-06       -107.902      
              873.602E-06       -128.222      
              874.901E-06       -135.882      
              876.202E-06       -127.176      
              877.501E-06        -93.3054     
              878.8E-06          -98.6855     
              880.101E-06        -89.0117     
              881.4E-06         -106.516      
              882.701E-06       -113.145      
              884.E-06          -121.622      
              885.301E-06       -117.054      
              886.6E-06          -67.5547     
              887.901E-06        -62.8136     
              889.201E-06        -90.8503     
              890.502E-06        -97.9282     
              891.801E-06       -107.894      
              893.102E-06        -77.8393     
              894.401E-06        -78.1394     
              895.7E-06          -74.6881     
              897.001E-06        -93.4789     
              898.3E-06          -95.5541     
              899.601E-06       -105.459      
              900.9E-06         -114.092      
              902.201E-06        -98.6114     
              903.5E-06         -105.808      
              904.801E-06       -119.512      
              906.101E-06       -117.831      
              907.401E-06       -111.475      
              908.701E-06        -90.8307     
              910.E-06          -102.033      
              911.301E-06       -104.624      
              912.601E-06       -112.679      
              913.9E-06         -124.049      
              915.201E-06       -104.096      
              916.5E-06         -104.326      
              917.801E-06       -119.548      
              919.101E-06        -64.5091     
              920.402E-06        -83.4333     
              921.701E-06       -110.812      
              923.E-06          -108.13       
              924.301E-06       -116.164      
              925.6E-06         -130.385      
              926.901E-06       -132.054      
              928.2E-06         -116.934      
              929.501E-06       -121.721      
              930.8E-06         -122.876      
              932.101E-06        -42.7399     
              933.4E-06          -98.1495     
              934.701E-06        -99.2814     
              936.001E-06        -85.4012     
              937.302E-06        -98.9985     
              938.601E-06        -96.9127     
              939.902E-06       -115.827      
              941.201E-06       -106.252      
              942.502E-06       -115.978      
              943.801E-06       -122.897      
              945.1E-06         -120.571      
              946.401E-06        -85.7004     
              947.7E-06         -103.298      
              949.001E-06       -121.3        
              950.3E-06         -132.596      
              951.601E-06        -74.1581     
              952.9E-06          -98.5235     
              954.201E-06       -101.261      
              955.501E-06       -111.079      
              956.801E-06       -108.527      
              958.101E-06       -117.695      
              959.402E-06        -98.0719     
              960.701E-06        -93.4303     
              962.E-06          -106.839      
              963.301E-06        -97.1433     
              964.6E-06          -91.7266     
              965.901E-06       -108.501      
              967.2E-06         -111.845      
              968.501E-06       -130.296      
              969.8E-06         -101.232      
              971.101E-06        -93.9083     
              972.401E-06       -111.369      
              973.701E-06       -119.21       
              975.001E-06       -129.09       
              976.302E-06        -92.6994     
              977.601E-06        -84.1219     
              978.9E-06          -96.158      
              980.201E-06       -103.46       
              981.5E-06          -97.5814     
              982.801E-06       -113.469      
              984.1E-06         -117.966      
              985.401E-06        -94.892      
              986.7E-06          -76.3707     
              988.001E-06        -89.3451     
              989.301E-06        -82.8136     
              990.602E-06       -109.838      
              991.901E-06       -111.273      
              993.202E-06        -50.7051     
              994.501E-06        -41.4798     
              995.801E-06        -63.5354     
              997.1E-06          -14.2609     
              998.401E-06        -34.8459     
              999.7E-06          -16.0023     
                1.001E-03        -42.0666     
                1.0023E-03       -61.0551     
                1.0036E-03       -28.5043     
                1.0049E-03       -55.3634     
                1.0062E-03       -54.2866     
                1.0075E-03       -58.9473     
                1.0088E-03       -77.6362     
                1.0101E-03       -95.5313     
                1.0114E-03      -113.583      
                1.0127E-03       -55.1796     
                1.014E-03        -58.2612     
                1.0153E-03       -87.8073     
                1.0166E-03       -60.9401     
                1.0179E-03      -103.914      
                1.0192E-03      -109.051      
                1.0205E-03      -103.958      
                1.0218E-03       -95.3288     
                1.0231E-03       -98.4875     
                1.0244E-03      -128.063      
                1.0257E-03      -106.808      
                1.027E-03       -122.754      
                1.0283E-03      -109.407      
                1.0296E-03      -115.3        
                1.0309E-03      -128.259      
                1.0322E-03      -131.807      
                1.0335E-03      -141.322      
                1.0348E-03       -75.0236     
                1.0361E-03       -80.5616     
                1.0374E-03       -82.9367     
                1.0387E-03      -104.273      
                1.04E-03        -110.281      
                1.0413E-03      -143.408      
                1.0426E-03      -107.233      
                1.0439E-03       -56.619      
                1.0452E-03       -88.6304     
                1.0465E-03       -84.4949     
                1.0478E-03       -75.1319     
                1.0491E-03      -106.75       
                1.0504E-03      -113.568      
                1.0517E-03      -110.792      
                1.053E-03        -66.2885     
                1.0543E-03       -87.8303     
                1.0556E-03       -98.1709     
                1.0569E-03       -91.4518     
                1.0582E-03       -99.5862     
                1.0595E-03      -101.47       
                1.0608E-03       -92.9581     
                1.0621E-03      -100.097      
                1.0634E-03       -91.6931     
                1.0647E-03      -115.357      
                1.066E-03        -95.4658     
                1.0673E-03      -102.968      
                1.0686E-03      -108.707      
                1.0699E-03      -117.198      
                1.0712E-03      -130.394      
                1.0725E-03      -109.657      
                1.0738E-03      -122.038      
                1.0751E-03      -127.186      
                1.0764E-03      -129.499      
                1.0777E-03      -108.023      
                1.079E-03       -117.188      
                1.0803E-03      -112.386      
                1.0816E-03       -98.0179     
                1.0829E-03      -109.694      
                1.0842E-03      -120.213      
                1.0855E-03       -91.2482     
                1.0868E-03       -98.5169     
                1.0881E-03       -86.4021     
                1.0894E-03      -102.733      
                1.0907E-03      -107.472      
                1.092E-03        -98.718      
                1.0933E-03       -86.1636     
                1.0946E-03      -110.469      
                1.0959E-03      -105.288      
                1.0972E-03       -75.3202     
                1.0985E-03      -109.911      
                1.0998E-03       -98.5755     
                1.1011E-03       -86.3979     
                1.1024E-03      -100.755      
                1.1037E-03      -110.161      
                1.105E-03       -115.779      
                1.1063E-03      -106.889      
                1.1076E-03      -101.34       
                1.1089E-03      -114.949      
                1.1102E-03      -127.016      
                1.1115E-03       -98.3076     
                1.1128E-03       -84.7686     
                1.1141E-03       -95.1164     
                1.1154E-03      -118.575      
                1.1167E-03       -52.1703     
                1.118E-03        -24.9155     
                1.1193E-03       -69.0576     
                1.1206E-03       -81.1756     
                1.1219E-03       -82.5896     
                1.1232E-03       -84.9053     
                1.1245E-03       -85.3536     
                1.1258E-03       -49.6144     
                1.1271E-03       -17.6216     
                1.1284E-03       -50.5808     
                1.1297E-03       -35.901      
                1.131E-03        -54.8554     
                1.1323E-03       -26.4263     
                1.1336E-03       -84.3111     
                1.1349E-03       -78.6615     
                1.1362E-03       -79.5976     
                1.1375E-03       -95.1811     
                1.1388E-03       -74.5201     
                1.1401E-03       -69.9446     
                1.1414E-03       -79.5189     
                1.1427E-03       -63.9022     
                1.144E-03        -90.0827     
                1.1453E-03       -93.4986     
                1.1466E-03      -110.703      
                1.1479E-03      -114.209      
                1.1492E-03      -100.346      
                1.1505E-03       -97.9704     
                1.1518E-03      -111.433      
                1.1531E-03      -120.347      
                1.1544E-03      -134.968      
                1.1557E-03      -136.96       
                1.157E-03       -129.763      
                1.1583E-03      -103.601      
                1.1596E-03       -99.4325     
                1.1609E-03      -108.447      
                1.1622E-03      -111.155      
                1.1635E-03      -141.969      
                1.1648E-03      -131.409      
                1.1661E-03      -119.965      
                1.1674E-03      -129.379      
                1.1687E-03      -123.476      
                1.17E-03        -104.007      
                1.1713E-03      -109.234      
                1.1726E-03      -120.496      
                1.1739E-03      -134.218      
                1.1752E-03      -128.077      
                1.1765E-03       -68.188      
                1.1778E-03      -104.36       
                1.1791E-03      -106.359      
                1.1804E-03      -121.076      
                1.1817E-03      -114.639      
                1.183E-03       -128.858      
                1.1843E-03       -56.0909     
                1.1856E-03       -62.895      
                1.1869E-03       -98.8332     
                1.1882E-03      -105.746      
                1.1895E-03      -120.01       
                1.1908E-03      -115.999      
                1.1921E-03      -104.41       
                1.1934E-03      -120.879      
                1.1947E-03      -118.975      
                1.196E-03       -119.372      
                1.1973E-03       -97.8192     
                1.1986E-03      -109.4        
                1.1999E-03       -96.1685     
                1.2012E-03      -107.773      
                1.2025E-03      -118.258      
                1.2038E-03      -129.395      
                1.2051E-03       -98.0397     
                1.2064E-03       -99.5015     
                1.2077E-03      -112.151      
                1.209E-03       -131.197      
                1.2103E-03      -129.135      
                1.2116E-03       -98.3682     
                1.2129E-03      -105.163      
                1.2142E-03      -108.808      
                1.2155E-03      -126.254      
                1.2168E-03      -138.32       
                1.2181E-03      -113.377      
                1.2194E-03      -103.549      
                1.2207E-03      -104.468      
                1.222E-03       -109.63       
                1.2233E-03      -118.476      
                1.2246E-03      -104.31       
                1.2259E-03       -95.604      
                1.2272E-03       -90.5796     
                1.2285E-03      -117.291      
                1.2298E-03      -112.557      
                1.2311E-03      -130.039      
                1.2324E-03       -65.7799     
                1.2337E-03       -86.4343     
                1.235E-03       -117.85       
                1.2363E-03      -105.877      
                1.2376E-03      -120.183      
                1.2389E-03       -87.5229     
                1.2402E-03      -124.185      
                1.2415E-03      -129.716      
                1.2428E-03      -125.815      
                1.2441E-03      -150.507      
                1.2454E-03       -72.5191     
                1.2467E-03      -126.455      
                1.248E-03        -68.3817     
                1.2493E-03       -89.3682     
                1.2506E-03      -101.737      
                1.2519E-03       -63.8453     
                1.2532E-03       -74.0141     
                1.2545E-03       -75.55       
                1.2558E-03      -106.067      
                1.2571E-03       -93.4555     
                1.2584E-03       -74.3878     
                1.2597E-03       -67.8535     
                1.261E-03        -63.5892     
                1.2623E-03       -79.9226     
                1.2636E-03       -75.5368     
                1.2649E-03       -78.9545     
                1.2662E-03      -101.179      
                1.2675E-03      -117.02       
                1.2688E-03       -89.468      
                1.2701E-03      -114.222      
                1.2714E-03       -99.5129     
                1.2727E-03      -111.53       
                1.274E-03       -121.537      
                1.2753E-03      -113.367      
                1.2766E-03       -81.4918     
                1.2779E-03       -71.9598     
                1.2792E-03      -112.45       
                1.2805E-03      -111.317      
                1.2818E-03      -136.492      
                1.2831E-03       -57.1366     
                1.2844E-03      -121.103      
                1.2857E-03      -125.556      
                1.287E-03       -121.806      
                1.2883E-03      -136.555      
                1.2896E-03       -53.6041     
                1.2909E-03       -97.8593     
                1.2922E-03      -103.971      
                1.2935E-03       -97.607      
                1.2948E-03      -110.61       
                1.2961E-03      -121.722      
                1.2974E-03       -87.1979     
                1.2987E-03      -127.025      
                1.3E-03         -130.316      
                1.3013E-03      -122.49       
                1.3026E-03       -88.058      
                1.3039E-03      -108.774      
                1.3052E-03      -104.99       
                1.3065E-03       -90.0894     
                1.3078E-03       -86.8601     
                1.3091E-03       -93.7714     
                1.3104E-03      -100.668      
                1.3117E-03      -119.058      
                1.313E-03        -84.7183     
                1.3143E-03       -95.839      
                1.3156E-03       -98.4817     
                1.3169E-03       -98.9785     
                1.3182E-03       -85.4284     
                1.3195E-03       -83.8513     
                1.3208E-03       -99.8223     
                1.3221E-03      -129.137      
                1.3234E-03      -130.539      
                1.3247E-03       -91.7504     
                1.326E-03       -106.313      
                1.3273E-03      -116.536      
                1.3286E-03      -123.085      
                1.3299E-03       -73.4076     
                1.3312E-03       -92.6202     
                1.3325E-03       -95.3408     
                1.3338E-03      -109.58       
                1.3351E-03       -73.6085     
                1.3364E-03       -74.8025     
                1.3377E-03       -93.1073     
                1.339E-03       -108.081      
                1.3403E-03       -55.5877     
                1.3416E-03       -92.8755     
                1.3429E-03      -100.922      
                1.3442E-03      -122.808      
                1.3455E-03      -110.207      
                1.3468E-03      -110.551      
                1.3481E-03      -122.698      
                1.3494E-03       -96.377      
                1.3507E-03       -94.1658     
                1.352E-03        -82.795      
                1.3533E-03       -62.9551     
                1.3546E-03       -74.2457     
                1.3559E-03       -83.5217     
                1.3572E-03       -73.2395     
                1.3585E-03       -89.936      
                1.3598E-03      -110.273      
                1.3611E-03      -104.672      
                1.3624E-03      -103.197      
                1.3637E-03      -113.569      
                1.365E-03       -125.289      
                1.3663E-03       -94.4412     
                1.3676E-03       -91.4239     
                1.3689E-03      -103.224      
                1.3702E-03       -79.15       
                1.3715E-03       -87.5001     
                1.3728E-03      -113.108      
                1.3741E-03       -97.6499     
                1.3754E-03      -137.688      
                1.3767E-03      -107.827      
                1.378E-03        -84.8862     
                1.3793E-03      -140.398      
                1.3806E-03      -122.328      
                1.3819E-03      -105.52       
                1.3832E-03      -108.572      
                1.3845E-03      -118.715      
                1.3858E-03      -112.217      
                1.3871E-03      -137.723      
                1.3884E-03       -48.5715     
                1.3897E-03       -95.1379     
                1.391E-03        -93.2765     
                1.3923E-03       -89.1785     
                1.3936E-03       -92.2359     
                1.3949E-03       -97.5673     
                1.3962E-03      -105.954      
                1.3975E-03       -85.7916     
                1.3988E-03       -74.7597     
                1.4001E-03       -83.1932     
                1.4014E-03      -102.816      
                1.4027E-03      -113.093      
                1.404E-03        -62.6612     
                1.4053E-03       -94.6869     
                1.4066E-03      -114.376      
                1.4079E-03      -127.27       
                1.4092E-03      -127.269      
                1.4105E-03       -66.123      
                1.4118E-03      -106.117      
                1.4131E-03       -91.4274     
                1.4144E-03       -95.0479     
                1.4157E-03      -129.776      
                1.417E-03        -84.5269     
                1.4183E-03       -77.2701     
                1.4196E-03       -50.5467     
                1.4209E-03       -63.0639     
                1.4222E-03       -54.4934     
                1.4235E-03       -59.3117     
                1.4248E-03       -62.4554     
                1.4261E-03       -80.6183     
                1.4274E-03       -88.5454     
                1.4287E-03       -82.4674     
                1.43E-03         -89.2037     
                1.4313E-03      -121.454      
                1.4326E-03       -74.3543     
                1.4339E-03       -92.5295     
                1.4352E-03       -96.2828     
                1.4365E-03      -122.85       
                1.4378E-03      -118.316      
                1.4391E-03      -128.093      
                1.4404E-03      -103.44       
                1.4417E-03      -120.198      
                1.443E-03       -107.834      
                1.4443E-03      -119.642      
                1.4456E-03       -86.8976     
                1.4469E-03       -81.3523     
                1.4482E-03       -71.604      
                1.4495E-03       -64.4331     
                1.4508E-03       -84.3662     
                1.4521E-03       -91.0236     
                1.4534E-03      -107.008      
                1.4547E-03      -102.005      
                1.456E-03        -86.756      
                1.4573E-03      -117.711      
                1.4586E-03       -97.3091     
                1.4599E-03       -77.4689     
                1.4612E-03      -113.843      
                1.4625E-03       -81.6417     
                1.4638E-03       -92.6409     
                1.4651E-03      -100.525      
                1.4664E-03       -74.945      
                1.4677E-03       -96.3633     
                1.469E-03       -107.259      
                1.4703E-03      -103.11       
                1.4716E-03       -99.6706     
                1.4729E-03      -110.071      
                1.4742E-03       -92.0178     
                1.4755E-03      -126.391      
                1.4768E-03      -123.068      
                1.4781E-03      -134.963      
                1.4794E-03       -77.917      
                1.4807E-03      -103.255      
                1.482E-03       -107.273      
                1.4833E-03      -102.259      
                1.4846E-03      -118.23       
                1.4859E-03      -116.511      
                1.4872E-03      -111.988      
                1.4885E-03      -114.876      
                1.4898E-03      -118.319      
                1.4911E-03      -116.906      
                1.4924E-03       -95.6865     
                1.4937E-03      -100.743      
                1.495E-03       -112.854      
                1.4963E-03       -87.1782     
                1.4976E-03       -91.4637     
                1.4989E-03      -129.764      
                1.5002E-03      -101.591      
                1.5015E-03       -95.2495     
                1.5028E-03      -107.356      
                1.5041E-03      -104.047      
                1.5054E-03      -113.401      
                1.5067E-03      -121.049      
                1.508E-03       -112.333      
                1.5093E-03       -97.2445     
                1.5106E-03      -126.127      
                1.5119E-03      -121.196      
                1.5132E-03      -107.453      
                1.5145E-03      -110.414      
                1.5158E-03      -114.195      
                1.5171E-03      -121.238      
                1.5184E-03      -101.086      
                1.5197E-03       -88.2549     
                1.521E-03        -89.5514     
                1.5223E-03       -51.0681     
                1.5236E-03       -85.8569     
                1.5249E-03       -77.2782     
                1.5262E-03      -105.589      
                1.5275E-03      -106.654      
                1.5288E-03      -117.484      
                1.5301E-03      -113.782      
                1.5314E-03      -115.223      
                1.5327E-03       -83.9534     
                1.534E-03       -117.474      
                1.5353E-03      -116.308      
                1.5366E-03      -130.226      
                1.5379E-03      -111.687      
                1.5392E-03      -114.663      
                1.5405E-03      -106.664      
                1.5418E-03      -110.075      
                1.5431E-03      -106.456      
                1.5444E-03       -57.199      
                1.5457E-03       -78.716      
                1.547E-03        -86.1804     
                1.5483E-03       -89.4587     
                1.5496E-03      -101.036      
                1.5509E-03      -112.929      
                1.5522E-03      -101.992      
                1.5535E-03       -90.5418     
                1.5548E-03       -60.8737     
                1.5561E-03       -77.4502     
                1.5574E-03      -101.164      
                1.5587E-03       -75.3986     
                1.56E-03         -73.3256     
                1.5613E-03      -102.712      
                1.5626E-03       -90.0309     
                1.5639E-03       -93.8979     
                1.5652E-03       -84.4198     
                1.5665E-03       -99.2244     
                1.5678E-03       -80.6641     
                1.5691E-03       -98.591      
                1.5704E-03      -125.376      
                1.5717E-03      -115.225      
                1.573E-03        -88.4417     
                1.5743E-03      -103.164      
                1.5756E-03      -109.201      
                1.5769E-03      -135.417      
                1.5782E-03       -85.0888     
                1.5795E-03      -112.33       
                1.5808E-03       -88.4782     
                1.5821E-03       -77.13       
                1.5834E-03       -45.4361     
                1.5847E-03       -88.7145     
                1.586E-03        -65.1248     
                1.5873E-03       -76.6798     
                1.5886E-03       -83.7976     
                1.5899E-03       -86.482      
                1.5912E-03       -94.3201     
                1.5925E-03       -85.5697     
                1.5938E-03       -54.8953     
                1.5951E-03       -84.9707     
                1.5964E-03       -94.6197     
                1.5977E-03       -96.1326     
                1.599E-03        -92.3019     
                1.6003E-03       -95.5669     
                1.6016E-03      -114.606      
                1.6029E-03       -80.1326     
                1.6042E-03       -81.9732     
                1.6055E-03       -92.0884     
                1.6068E-03       -95.6229     
                1.6081E-03      -114.013      
                1.6094E-03      -120.371      
                1.6107E-03       -77.3415     
                1.612E-03        -70.7519     
                1.6133E-03      -104.298      
                1.6146E-03      -110.63       
                1.6159E-03      -119.001      
                1.6172E-03       -68.2441     
                1.6185E-03      -118.397      
                1.6198E-03      -103.156      
                1.6211E-03      -122.395      
                1.6224E-03      -139.398      
                1.6237E-03       -98.9164     
                1.625E-03        -93.3717     
                1.6263E-03      -114.021      
                1.6276E-03      -118.914      
                1.6289E-03      -123.336      
                1.6302E-03      -108.935      
                1.6315E-03      -106.982      
                1.6328E-03      -101.963      
                1.6341E-03      -127.909      
                1.6354E-03       -66.4745     
                1.6367E-03       -59.4389     
                1.638E-03        -84.9354     
                1.6393E-03       -74.9457     
                1.6406E-03       -81.9019     
                1.6419E-03      -117.562      
                1.6432E-03       -93.4647     
                1.6445E-03       -94.2208     
                1.6458E-03       -72.2861     
                1.6471E-03       -64.8618     
                1.6484E-03       -98.286      
                1.6497E-03       -85.727      
                1.651E-03        -90.9209     
                1.6523E-03       -70.8496     
                1.6536E-03       -99.1832     
                1.6549E-03       -86.0199     
                1.6562E-03       -91.4911     
                1.6575E-03      -101.26       
                1.6588E-03      -138.368      
                1.6601E-03       -73.1826     
                1.6614E-03      -111.269      
                1.6627E-03      -101.381      
                1.664E-03       -115.697      
                1.6653E-03      -124.835      
                1.6666E-03      -132.868      
                1.6679E-03      -106.332      
                1.6692E-03      -122.75       
                1.6705E-03      -102.806      
                1.6718E-03      -139.041      
                1.6731E-03      -133.164      
                1.6744E-03       -70.0049     
                1.6757E-03       -96.9822     
                1.677E-03        -99.5475     
                1.6783E-03       -99.0771     
                1.6796E-03      -112.059      
                1.6809E-03      -116.156      
                1.6822E-03       -84.3398     
                1.6835E-03      -122.234      
                1.6848E-03      -119.143      
                1.6861E-03      -110.573      
                1.6874E-03       -90.7745     
                1.6887E-03       -97.3543     
                1.69E-03        -111.073      
                1.6913E-03      -112.398      
                1.6926E-03       -85.994      
                1.6939E-03       -91.6411     
                1.6952E-03       -60.1832     
                1.6965E-03      -108.147      
                1.6978E-03       -78.8455     
                1.6991E-03       -93.6196     
                1.7004E-03       -90.9083     
                1.7017E-03       -65.0791     
                1.703E-03        -73.2467     
                1.7043E-03       -83.3047     
                1.7056E-03       -63.6252     
                1.7069E-03       -68.4958     
                1.7082E-03       -71.3542     
                1.7095E-03       -86.4349     
                1.7108E-03       -86.3231     
                1.7121E-03       -93.3693     
                1.7134E-03       -94.7445     
                1.7147E-03       -78.7307     
                1.716E-03        -66.5917     
                1.7173E-03       -94.8159     
                1.7186E-03       -75.1613     
                1.7199E-03       -74.2709     
                1.7212E-03      -106.339      
                1.7225E-03       -98.9605     
                1.7238E-03      -101.757      
                1.7251E-03      -109.717      
                1.7264E-03       -64.7921     
                1.7277E-03       -56.8829     
                1.729E-03        -63.499      
                1.7303E-03       -69.6992     
                1.7316E-03       -63.8097     
                1.7329E-03       -82.6717     
                1.7342E-03      -101.596      
                1.7355E-03       -96.711      
                1.7368E-03      -132.209      
                1.7381E-03      -121.954      
                1.7394E-03      -120.064      
                1.7407E-03      -153.389      
                1.742E-03       -139.394      
                1.7433E-03      -137.191      
                1.7446E-03       -75.9129     
                1.7459E-03       -75.5097     
                1.7472E-03       -98.066      
                1.7485E-03      -130.221      
                1.7498E-03      -140.867      
                1.7511E-03      -103.788      
                1.7524E-03      -137.052      
                1.7537E-03      -142.018      
                1.755E-03       -152.211      
                1.7563E-03       -86.2257     
                1.7576E-03       -84.9534     
                1.7589E-03      -108.455      
                1.7602E-03      -133.675      
                1.7615E-03      -131.171      
                1.7628E-03      -141.372      
                1.7641E-03      -127.537      
                1.7654E-03      -138.371      
                1.7667E-03      -151.645      
                1.768E-03       -131.287      
                1.7693E-03      -144.942      
                1.7706E-03      -137.469      
                1.7719E-03      -146.009      
                1.7732E-03      -133.962      
                1.7745E-03      -143.797      
                1.7758E-03       -81.1122     
                1.7771E-03      -113.888      
                1.7784E-03      -134.83       
                1.7797E-03      -140.746      
                1.781E-03       -106.551      
                1.7823E-03      -136.632      
                1.7836E-03      -142.296      
                1.7849E-03      -150.161      
                1.7862E-03      -128.544      
                1.7875E-03      -119.214      
                1.7888E-03      -161.473      
                1.7901E-03      -150.044      
                1.7914E-03       -63.5328     
                1.7927E-03       -75.1642     
                1.794E-03       -110.308      
                1.7953E-03       -98.3372     
                1.7966E-03      -131.188      
                1.7979E-03      -149.497      
                1.7992E-03       -53.4021     
                1.8005E-03      -126.814      
                1.8018E-03      -124.004      
                1.8031E-03      -140.872      
                1.8044E-03      -144.073      
                1.8057E-03       -74.0594     
                1.807E-03        -74.1727     
                1.8083E-03      -100.717      
                1.8096E-03       -59.3588     
                1.8109E-03      -105.973      
                1.8122E-03      -103.033      
                1.8135E-03      -135.458      
                1.8148E-03      -139.901      
                1.8161E-03      -161.651      
                1.8174E-03      -107.926      
                1.8187E-03       -73.3332     
                1.82E-03        -104.06       
                1.8213E-03      -127.318      
                1.8226E-03      -150.077      
                1.8239E-03       -76.3183     
                1.8252E-03       -69.2828     
                1.8265E-03       -96.8965     
                1.8278E-03      -121.992      
                1.8291E-03      -141.316      
                1.8304E-03      -140.945      
                1.8317E-03      -137.904      
                1.833E-03       -107.882      
                1.8343E-03      -128.41       
                1.8356E-03       -62.9817     
                1.8369E-03      -105.174      
                1.8382E-03      -115.018      
                1.8395E-03      -134.757      
                1.8408E-03      -108.097      
                1.8421E-03       -58.3253     
                1.8434E-03      -103.654      
                1.8447E-03       -98.7033     
                1.846E-03       -119.889      
                1.8473E-03      -122.091      
                1.8486E-03       -67.7484     
                1.8499E-03       -47.7935     
                1.8512E-03       -67.7337     
                1.8525E-03      -106.273      
                1.8538E-03      -138.113      
                1.8551E-03      -125.924      
                1.8564E-03       -93.3547     
                1.8577E-03      -126.416      
                1.859E-03       -150.355      
                1.8603E-03      -140.825      
                1.8616E-03       -66.2291     
                1.8629E-03       -63.9272     
                1.8642E-03       -68.2309     
                1.8655E-03       -98.0445     
                1.8668E-03      -127.216      
                1.8681E-03      -141.466      
                1.8694E-03      -155.984      
                1.8707E-03      -162.443      
                1.872E-03       -144.194      
                1.8733E-03      -101.952      
                1.8746E-03      -141.963      
                1.8759E-03      -149.794      
                1.8772E-03      -141.426      
                1.8785E-03       -79.4918     
                1.8798E-03      -117.152      
                1.8811E-03      -135.402      
                1.8824E-03      -149.772      
                1.8837E-03      -159.575      
                1.885E-03       -158.284      
                1.8863E-03      -119.292      
                1.8876E-03      -143.737      
                1.8889E-03      -156.969      
                1.8902E-03      -170.315      
                1.8915E-03      -171.113      
                1.8928E-03      -116.559      
                1.8941E-03      -104.685      
                1.8954E-03      -116.292      
                1.8967E-03      -121.688      
                1.898E-03        -95.4254     
                1.8993E-03      -127.484      
                1.9006E-03      -134.114      
                1.9019E-03      -133.621      
                1.9032E-03      -109.957      
                1.9045E-03      -109.559      
                1.9058E-03      -134.933      
                1.9071E-03      -145.68       
                1.9084E-03      -121.706      
                1.9097E-03      -138.483      
                1.911E-03       -112.091      
                1.9123E-03      -134.257      
                1.9136E-03       -84.7694     
                1.9149E-03       -79.9017     
                1.9162E-03      -110.728      
                1.9175E-03      -122.844      
                1.9188E-03      -130.259      
                1.9201E-03      -137.697      
                1.9214E-03       -84.7221     
                1.9227E-03      -119.996      
                1.924E-03       -136.103      
                1.9253E-03      -122.77       
                1.9266E-03      -135.29       
                1.9279E-03       -92.4886     
                1.9292E-03       -99.7331     
                1.9305E-03      -106.299      
                1.9318E-03      -123.253      
                1.9331E-03      -137.959      
                1.9344E-03       -23.8143     
                1.9357E-03       -75.5135     
                1.937E-03        -83.5941     
                1.9383E-03       -90.4215     
                1.9396E-03      -105.53       
                1.9409E-03      -138.083      
                1.9422E-03       -52.428      
                1.9435E-03       -89.2554     
                1.9448E-03      -126.148      
                1.9461E-03      -112.219      
                1.9474E-03      -124.028      
                1.9487E-03       -71.6539     
                1.95E-03         -97.2503     
                1.9513E-03      -103.52       
                1.9526E-03      -113.726      
                1.9539E-03      -136.196      
                1.9552E-03       -60.2104     
                1.9565E-03       -42.9999     
                1.9578E-03      -103.712      
                1.9591E-03       -80.9613     
                1.9604E-03      -121.284      
                1.9617E-03       -45.0983     
                1.963E-03        -49.0693     
                1.9643E-03      -103.299      
                1.9656E-03      -116.829      
                1.9669E-03      -133.073      
                1.9682E-03      -137.26       
                1.9695E-03       -51.0859     
                1.9708E-03       -39.531      
                1.9721E-03       -46.3729     
                1.9734E-03      -100.86       
                1.9747E-03      -118.549      
                1.976E-03       -109.273      
                1.9773E-03       -65.6577     
                1.9786E-03       -73.757      
                1.9799E-03       -76.1137     
                1.9812E-03       -98.307      
                1.9825E-03       -79.9936     
                1.9838E-03       -88.1905     
                1.9851E-03       -84.5531     
                1.9864E-03       -66.9305     
                1.9877E-03       -80.1612     
                1.989E-03        -94.9234     
                1.9903E-03      -103.768      
                1.9916E-03      -123.131      
                1.9929E-03       -66.2261     
                1.9942E-03       -77.0949     
                1.9955E-03      -117.535      
                1.9968E-03       -95.2024     
                1.9981E-03      -128.124      
                1.9994E-03      -138.729      
                2.0007E-03       -88.2748     
                2.002E-03       -126.521      
                2.0033E-03      -128.238      
                2.0046E-03      -126.756      
                2.0059E-03      -121.806      
                2.0072E-03      -128.061      
                2.0085E-03      -125.337      
                2.0098E-03      -130.574      
                2.0111E-03       -78.2146     
                2.0124E-03       -97.7384     
                2.0137E-03      -106.33       
                2.015E-03        -99.2525     
                2.0163E-03       -39.3775     
                2.0176E-03       -96.4868     
                2.0189E-03      -113.376      
                2.0202E-03      -118.901      
                2.0215E-03      -108.985      
                2.0228E-03      -111.296      
                2.0241E-03      -130.4        
                2.0254E-03      -114.662      
                2.0267E-03      -109.76       
                2.028E-03       -110.923      
                2.0293E-03      -117.379      
                2.0306E-03      -101.018      
                2.0319E-03      -102.27       
                2.0332E-03       -92.1319     
                2.0345E-03       -77.47       
                2.0358E-03      -106.275      
                2.0371E-03       -95.3707     
                2.0384E-03      -107.514      
                2.0397E-03      -130.635      
                2.041E-03       -107.384      
                2.0423E-03       -96.1273     
                2.0436E-03      -100.776      
                2.0449E-03      -122.17       
                2.0462E-03       -94.9016     
                2.0475E-03      -104.531      
                2.0488E-03       -99.1053     
                2.0501E-03      -105.057      
                2.0514E-03      -109.175      
                2.0527E-03      -115.742      
                2.054E-03        -89.1767     
                2.0553E-03       -94.1903     
                2.0566E-03      -109.826      
                2.0579E-03      -109.807      
                2.0592E-03      -127.685      
                2.0605E-03      -112.406      
                2.0618E-03      -150.91       
                2.0631E-03      -128.155      
                2.0644E-03      -109.85       
                2.0657E-03       -74.0337     
                2.067E-03        -76.4184     
                2.0683E-03       -61.9155     
                2.0696E-03       -89.9558     
                2.0709E-03       -97.1897     
                2.0722E-03      -113.046      
                2.0735E-03      -121.878      
                2.0748E-03       -74.0484     
                2.0761E-03      -100.925      
                2.0774E-03      -137.304      
                2.0787E-03      -121.934      
                2.08E-03        -122.341      
                2.0813E-03      -111.528      
                2.0826E-03      -119.567      
                2.0839E-03      -148.741      
                2.0852E-03      -136.728      
                2.0865E-03      -129.461      
                2.0878E-03      -125.498      
                2.0891E-03      -131.754      
                2.0904E-03      -139.873      
                2.0917E-03       -96.8031     
                2.093E-03        -78.4822     
                2.0943E-03       -85.5492     
                2.0956E-03      -100.659      
                2.0969E-03      -125.36       
                2.0982E-03      -143.927      
                2.0995E-03      -134.235      
                2.1008E-03       -95.098      
                2.1021E-03      -109.927      
                2.1034E-03      -128.867      
                2.1047E-03      -124.533      
                2.106E-03       -119.12       
                2.1073E-03      -129.244      
                2.1086E-03      -126.315      
                2.1099E-03      -134.455      
                2.1112E-03      -134.029      
                2.1125E-03      -138.281      
                2.1138E-03      -115.52       
                2.1151E-03       -70.1369     
                2.1164E-03       -68.9396     
                2.1177E-03       -84.7107     
                2.119E-03        -93.2548     
                2.1203E-03       -52.3941     
                2.1216E-03       -90.0443     
                2.1229E-03      -112.224      
                2.1242E-03      -125.562      
                2.1255E-03      -120.164      
                2.1268E-03      -120.377      
                2.1281E-03      -128.754      
                2.1294E-03      -135.177      
                2.1307E-03      -143.883      
                2.132E-03       -116.597      
                2.1333E-03      -111.415      
                2.1346E-03      -130.095      
                2.1359E-03      -136.174      
                2.1372E-03      -114.323      
                2.1385E-03      -120.534      
                2.1398E-03      -111.655      
                2.1411E-03      -126.344      
                2.1424E-03      -136.798      
                2.1437E-03      -124.634      
                2.145E-03        -87.9896     
                2.1463E-03      -103.822      
                2.1476E-03      -105.97       
                2.1489E-03      -117.842      
                2.1502E-03      -132.401      
                2.1515E-03       -74.5435     
                2.1528E-03       -56.717      
                2.1541E-03       -84.6242     
                2.1554E-03      -101.903      
                2.1567E-03       -98.1245     
                2.158E-03       -120.024      
                2.1593E-03      -103.873      
                2.1606E-03       -76.2757     
                2.1619E-03       -72.2413     
                2.1632E-03       -88.1517     
                2.1645E-03       -99.394      
                2.1658E-03       -92.7733     
                2.1671E-03      -128.119      
                2.1684E-03      -115.836      
                2.1697E-03      -114.992      
                2.171E-03        -85.451      
                2.1723E-03       -92.0886     
                2.1736E-03      -109.958      
                2.1749E-03      -117.146      
                2.1762E-03      -106.819      
                2.1775E-03       -84.2553     
                2.1788E-03       -94.2016     
                2.1801E-03      -105.119      
                2.1814E-03      -111.193      
                2.1827E-03      -121.491      
                2.184E-03        -98.7682     
                2.1853E-03       -73.5618     
                2.1866E-03      -109.192      
                2.1879E-03      -105.361      
                2.1892E-03      -109.457      
                2.1905E-03      -115.19       
                2.1918E-03      -106.81       
                2.1931E-03      -104.819      
                2.1944E-03       -80.6397     
                2.1957E-03       -84.597      
                2.197E-03       -108.027      
                2.1983E-03       -89.4674     
                2.1996E-03       -96.3109     
                2.2009E-03      -109.123      
                2.2022E-03       -75.9147     
                2.2035E-03       -96.3192     
                2.2048E-03      -105.443      
                2.2061E-03       -91.086      
                2.2074E-03       -97.2281     
                2.2087E-03      -100.857      
                2.21E-03         -92.3089     
                2.2113E-03       -91.1076     
                2.2126E-03       -51.5883     
                2.2139E-03       -68.0937     
                2.2152E-03       -60.7814     
                2.2165E-03       -44.3925     
                2.2178E-03       -68.4681     
                2.2191E-03       -58.091      
                2.2204E-03       -66.2576     
                2.2217E-03       -55.6026     
                2.223E-03        -62.9148     
                2.2243E-03       -62.1679     
                2.2256E-03       -88.1401     
                2.2269E-03       -54.6698     
                2.2282E-03       -82.1318     
                2.2295E-03       -52.0775     
                2.2308E-03       -79.4704     
                2.2321E-03       -95.9057     
                2.2334E-03       -38.6831     
                2.2347E-03       -49.8698     
                2.236E-03        -29.7327     
                2.2373E-03       -91.5788     
                2.2386E-03       -84.7763     
                2.2399E-03       -88.2708     
                2.2412E-03      -100.655      
                2.2425E-03      -102.056      
                2.2438E-03      -123.208      
                2.2451E-03       -51.0388     
                2.2464E-03       -81.8939     
                2.2477E-03       -63.6724     
                2.249E-03        -93.0578     
                2.2503E-03      -102.725      
                2.2516E-03      -111.446      
                2.2529E-03      -107.718      
                2.2542E-03      -119.529      
                2.2555E-03      -115.137      
                2.2568E-03       -45.1885     
                2.2581E-03       -62.0117     
                2.2594E-03       -66.2175     
                2.2607E-03       -87.1733     
                2.262E-03        -95.4773     
                2.2633E-03       -99.1576     
                2.2646E-03      -116.034      
                2.2659E-03      -116.907      
                2.2672E-03       -49.5        
                2.2685E-03       -83.0712     
                2.2698E-03       -68.4528     
                2.2711E-03       -72.1262     
                2.2724E-03      -108.042      
                2.2737E-03       -76.6284     
                2.275E-03       -103.829      
                2.2763E-03      -112.92       
                2.2776E-03      -125.165      
                2.2789E-03       -37.1925     
                2.2802E-03       -80.4409     
                2.2815E-03       -84.5677     
                2.2828E-03       -99.7877     
                2.2841E-03      -102.464      
                2.2854E-03       -94.9767     
                2.2867E-03      -111.012      
                2.288E-03       -105.162      
                2.2893E-03      -113.398      
                2.2906E-03      -111.869      
                2.2919E-03      -117.905      
                2.2932E-03      -119.4        
                2.2945E-03       -59.2623     
                2.2958E-03       -70.3795     
                2.2971E-03       -74.5044     
                2.2984E-03       -85.6221     
                2.2997E-03       -98.2118     
                2.301E-03        -98.2594     
                2.3023E-03       -46.8126     
                2.3036E-03       -61.2848     
                2.3049E-03       -50.2574     
                2.3062E-03       -65.8682     
                2.3075E-03       -81.0261     
                2.3088E-03       -67.8826     
                2.3101E-03       -67.8804     
                2.3114E-03       -73.3481     
                2.3127E-03       -48.8314     
                2.314E-03        -75.0349     
                2.3153E-03       -55.0037     
                2.3166E-03       -73.4648     
                2.3179E-03       -63.9305     
                2.3192E-03       -72.1845     
                2.3205E-03       -74.965      
                2.3218E-03       -77.3554     
                2.3231E-03       -53.2373     
                2.3244E-03       -61.7056     
                2.3257E-03       -71.1293     
                2.327E-03        -53.042      
                2.3283E-03       -66.1147     
                2.3296E-03       -65.3354     
                2.3309E-03       -70.0363     
                2.3322E-03       -57.2511     
                2.3335E-03       -65.2173     
                2.3348E-03       -69.2708     
                2.3361E-03       -82.3075     
                2.3374E-03       -55.9028     
                2.3387E-03       -56.2868     
                2.34E-03         -64.4209     
                2.3413E-03       -66.2281     
                2.3426E-03       -59.5679     
                2.3439E-03       -57.1506     
                2.3452E-03       -72.025      
                2.3465E-03       -55.0078     
                2.3478E-03       -70.4365     
                2.3491E-03       -57.3527     
                2.3504E-03       -64.4779     
                2.3517E-03       -61.6439     
                2.353E-03        -47.9452     
                2.3543E-03       -61.3186     
                2.3556E-03       -65.2724     
                2.3569E-03       -65.5731     
                2.3582E-03       -63.2581     
                2.3595E-03       -61.6124     
                2.3608E-03       -43.948      
                2.3621E-03       -53.6215     
                2.3634E-03       -73.6921     
                2.3647E-03       -61.301      
                2.366E-03        -50.231      
                2.3673E-03       -56.146      
                2.3686E-03       -74.9496     
                2.3699E-03       -48.2766     
                2.3712E-03       -62.8139     
                2.3725E-03       -55.5918     
                2.3738E-03       -56.1672     
                2.3751E-03       -56.014      
                2.3764E-03       -59.3673     
                2.3777E-03       -61.4593     
                2.379E-03        -30.3724     
                2.3803E-03       -51.3998     
                2.3816E-03       -53.0821     
                2.3829E-03       -54.9931     
                2.3842E-03       -42.9122     
                2.3855E-03       -43.9712     
                2.3868E-03       -56.1162     
                2.3881E-03       -38.9868     
                2.3894E-03       -57.5008     
                2.3907E-03       -50.1574     
                2.392E-03        -52.6468     
                2.3933E-03       -40.343      
                2.3946E-03       -46.6767     
                2.3959E-03       -43.3611     
                2.3972E-03       -48.5773     
                2.3985E-03       -49.1084     
                2.3998E-03       -46.5419     
                2.4011E-03       -39.0559     
                2.4024E-03       -38.7598     
                2.4037E-03       -43.134      
                2.405E-03        -45.2359     
                2.4063E-03       -37.2779     
                2.4076E-03       -36.3053     
                2.4089E-03       -38.3185     
                2.4102E-03       -26.0781     
                2.4115E-03       -33.519      
                2.4128E-03       -45.28       
                2.4141E-03       -43.4271     
                2.4154E-03       -38.1699     
                2.4167E-03       -38.2698     
                2.418E-03        -42.7905     
                2.4193E-03       -38.4418     
                2.4206E-03       -46.3216     
                2.4219E-03       -45.7164     
                2.4232E-03       -43.0831     
                2.4245E-03       -19.9684     
                2.4258E-03       -32.3644     
                2.4271E-03       -32.121      
                2.4284E-03       -42.5437     
                2.4297E-03       -45.6965     
                2.431E-03        -39.8712     
                2.4323E-03       -40.5653     
                2.4336E-03       -37.3451     
                2.4349E-03       -36.2812     
                2.4362E-03       -31.435      
                2.4375E-03       -40.6701     
                2.4388E-03       -42.7988     
                2.4401E-03       -46.4465     
                2.4414E-03       -52.8399     
                2.4427E-03       -53.1132     
                2.444E-03        -51.0505     
                2.4453E-03       -46.8348     
                2.4466E-03       -40.3058     
                2.4479E-03       -42.9826     
                2.4492E-03       -44.0027     
                2.4505E-03       -42.6157     
                2.4518E-03       -42.173      
                2.4531E-03       -38.891      
                2.4544E-03       -42.539      
                2.4557E-03       -37.3362     
                2.457E-03        -41.3482     
                2.4583E-03       -46.2236     
                2.4596E-03       -49.2058     
                2.4609E-03       -41.8506     
                2.4622E-03       -43.0834     
                2.4635E-03       -44.6023     
                2.4648E-03       -45.3093     
                2.4661E-03       -44.4824     
                2.4674E-03       -38.3801     
                2.4687E-03       -37.5355     
                2.47E-03         -34.2103     
                2.4713E-03       -44.4222     
                2.4726E-03       -47.7853     
                2.4739E-03       -47.6658     
                2.4752E-03       -43.3015     
                2.4765E-03       -26.233      
                2.4778E-03       -42.3056     
                2.4791E-03       -37.6381     
                2.4804E-03       -26.8968     
                2.4817E-03       -46.2236     
                2.483E-03        -44.5331     
                2.4843E-03       -42.1527     
                2.4856E-03       -44.2953     
                2.4869E-03       -36.4535     
                2.4882E-03       -28.5592     
                2.4895E-03       -48.2495     
                2.4908E-03       -46.8794     
                2.4921E-03       -42.406      
                2.4934E-03       -42.0616     
                2.4947E-03       -38.5442     
                2.496E-03        -38.1181     
                2.4973E-03       -40.183      
                2.4986E-03       -40.2837     
                2.4999E-03       -29.4794     
                2.5012E-03       -44.4616     
                2.5025E-03       -43.8146     
                2.5038E-03       -43.5179     
                2.5051E-03       -36.2738     
                2.5064E-03       -35.8939     
                2.5077E-03       -38.0624     
                2.509E-03        -35.0104     
                2.5103E-03       -31.037      
                2.5116E-03       -35.1947     
                2.5129E-03       -18.8438     
                2.5142E-03       -40.1881     
                2.5155E-03       -33.592      
                2.5168E-03       -29.6818     
                2.5181E-03       -28.3724     
                2.5194E-03       -24.1951     
                2.5207E-03       -26.6264     
                2.522E-03        -33.4454     
                2.5233E-03       -18.746      
                2.5246E-03       -28.0463     
                2.5259E-03       -27.3973     
                2.5272E-03       -27.1755     
                2.5285E-03       -26.9273     
                2.5298E-03       -34.4575     
                2.5311E-03       -23.1376     
                2.5324E-03       -28.4875     
                2.5337E-03       -22.9298     
                2.535E-03        -24.7514     
                2.5363E-03       -32.4265     
                2.5376E-03       -24.1723     
                2.5389E-03       -19.1232     
                2.5402E-03       -23.9741     
                2.5415E-03       -16.8664     
                2.5428E-03       -20.4676     
                2.5441E-03       -27.5345     
                2.5454E-03       -33.3494     
                2.5467E-03       -26.9831     
                2.548E-03        -20.7332     
                2.5493E-03       -27.4541     
                2.5506E-03       -30.1367     
                2.5519E-03        -5.97604    
                2.5532E-03       -36.0754     
                2.5545E-03       -27.6729     
                2.5558E-03       -28.7624     
                2.5571E-03       -28.039      
                2.5584E-03       -36.2553     
                2.5597E-03       -30.0326     
                2.561E-03        -29.1922     
                2.5623E-03       -31.8119     
                2.5636E-03       -27.8461     
                2.5649E-03         5.85049    
                2.5662E-03       -33.2206     
                2.5675E-03       -25.115      
                2.5688E-03       -32.0384     
                2.5701E-03       -11.1642     
                2.5714E-03       -20.5909     
                2.5727E-03       -22.9422     
                2.574E-03        -20.5117     
                2.5753E-03       -17.8045     
                2.5766E-03       -27.0004     
                2.5779E-03       -28.5441     
                2.5792E-03       -14.3759     
                2.5805E-03       -11.1272     
                2.5818E-03       -13.1078     
                2.5831E-03       -16.5159     
                2.5844E-03       -18.         
                2.5857E-03       -16.3812     
                2.587E-03        -11.6464     
                2.5883E-03        -2.30527    
                2.5896E-03       -23.8465     
                2.5909E-03       -23.9554     
                2.5922E-03       -20.0497     
                2.5935E-03       -11.3646     
                2.5948E-03       -17.553      
                2.5961E-03       -40.0553     
                2.5974E-03       -35.1417     
                2.5987E-03      -124.781E-03  
                2.6E-03           -3.12901    




