
                  X               _temp_2     

                0.                 0.         
                1.30114E-06      -25.3852     
                2.60056E-06      -73.3535     
                3.90174E-06       55.3316     
                5.20116E-06       78.3191     
                6.50054E-06     -175.635      
                7.80173E-06     -131.959      
                9.10132E-06      129.84       
               10.4009E-06       -27.9555     
               11.7005E-06      -286.504      
               13.0001E-06       -34.3767     
               14.3014E-06       145.25       
               15.601E-06       -172.454      
               16.9006E-06      -215.646      
               18.2002E-06       102.177      
               19.5015E-06        48.8057     
               20.8011E-06      -205.648      
               22.1007E-06       -77.9597     
               23.4003E-06        93.4528     
               24.7016E-06       -57.5313     
               26.0012E-06      -132.311      
               27.3008E-06        -6.12524    
               28.6003E-06        14.0609     
               29.9017E-06       -55.9855     
               31.2001E-06       -53.0837     
               32.5005E-06       -39.1697     
               33.8015E-06       -37.4665     
               35.1007E-06       -21.0971     
               36.4016E-06       -73.4415     
               37.7008E-06      -114.078      
               39.0017E-06       -35.4173     
               40.3009E-06       -22.4901     
               41.6001E-06      -141.641      
               42.9011E-06      -129.216      
               44.2003E-06       -14.4334     
               45.5012E-06       -82.0532     
               46.8004E-06      -195.895      
               48.1013E-06      -112.45       
               49.4005E-06       -48.9503     
               50.7015E-06      -163.306      
               52.0007E-06      -200.216      
               53.3016E-06       -99.9583     
               54.6008E-06      -105.368      
               55.9017E-06      -193.348      
               57.2009E-06      -172.082      
               58.5001E-06      -117.007      
               59.8011E-06      -148.443      
               61.1003E-06      -179.144      
               62.4012E-06      -156.564      
               63.7004E-06      -145.703      
               65.0005E-06      -152.876      
               66.3001E-06      -158.697      
               67.6014E-06      -169.729      
               68.901E-06       -157.504      
               70.2007E-06      -136.811      
               71.5003E-06      -163.627      
               72.8016E-06      -189.516      
               74.1016E-06      -153.784      
               75.4006E-06      -140.465      
               76.7014E-06      -191.793      
               78.0011E-06      -192.64       
               79.3002E-06      -146.437      
               80.6007E-06      -174.457      
               81.901E-06       -220.819      
               83.2003E-06      -198.793      
               84.5009E-06      -170.277      
               85.8008E-06      -206.842      
               87.1008E-06      -228.934      
               88.4001E-06      -201.004      
               89.7003E-06      -198.404      
               91.0001E-06      -226.741      
               92.3004E-06      -225.704      
               93.6004E-06      -210.933      
               94.9009E-06      -213.644      
               96.201E-06       -212.539      
               97.5003E-06      -211.739      
               98.8006E-06      -207.651      
              100.1E-06         -209.599      
              101.401E-06       -167.663      
              102.7E-06         -171.48       
              104.E-06          -192.352      
              105.3E-06         -194.856      
              106.6E-06         -204.671      
              107.901E-06       -221.978      
              109.201E-06       -206.061      
              110.5E-06         -141.034      
              111.8E-06         -111.728      
              113.101E-06       -197.413      
              114.4E-06         -182.796      
              115.7E-06         -187.69       
              117.001E-06         -7.6117     
              118.3E-06           -8.57883    
              119.601E-06        -17.9146     
              120.901E-06        -86.7476     
              122.201E-06       -126.681      
              123.5E-06         -146.749      
              124.801E-06       -144.232      
              126.101E-06       -165.174      
              127.401E-06       -176.963      
              128.701E-06       -180.788      
              130.E-06          -181.895      
              131.301E-06       -185.388      
              132.601E-06       -194.942      
              133.901E-06       -205.986      
              135.201E-06       -198.706      
              136.501E-06       -210.637      
              137.8E-06         -212.229      
              139.101E-06       -213.252      
              140.401E-06       -214.945      
              141.701E-06       -223.761      
              143.E-06          -226.26       
              144.3E-06         -219.907      
              145.6E-06         -219.696      
              146.901E-06       -234.214      
              148.201E-06       -239.583      
              149.5E-06         -234.652      
              150.801E-06       -241.114      
              152.1E-06         -148.597      
              153.4E-06         -163.544      
              154.701E-06       -186.556      
              156.001E-06       -212.478      
              157.301E-06       -225.714      
              158.6E-06         -208.232      
              159.901E-06       -221.319      
              161.2E-06         -204.442      
              162.501E-06       -200.672      
              163.801E-06       -216.48       
              165.1E-06         -214.153      
              166.4E-06         -183.924      
              167.7E-06          -55.5502     
              169.E-06           -68.2192     
              170.301E-06        -48.606      
              171.601E-06        -61.3727     
              172.901E-06       -544.058E-03  
              174.2E-06          -25.4636     
              175.5E-06          -48.8863     
              176.801E-06         -2.77119    
              178.101E-06         -8.85291    
              179.401E-06         -7.10605    
              180.701E-06         -6.34932    
              182.001E-06         -7.31977    
              183.301E-06         -8.70605    
              184.601E-06         -3.75225    
              185.901E-06         -4.9203     
              187.2E-06          -42.1233     
              188.501E-06        -61.9347     
              189.8E-06          -85.1195     
              191.101E-06         -2.49729    
              192.401E-06        -29.0807     
              193.701E-06        -62.4058     
              195.001E-06        -38.3081     
              196.3E-06          -39.2335     
              197.601E-06        -40.5199     
              198.901E-06        -11.0479     
              200.201E-06        -24.5352     
              201.501E-06        -58.1936     
              202.801E-06       -106.72       
              204.1E-06         -125.718      
              205.401E-06       -136.243      
              206.7E-06         -177.232      
              208.E-06          -185.615      
              209.301E-06       -182.01       
              210.601E-06       -193.375      
              211.9E-06         -199.394      
              213.2E-06         -204.222      
              214.5E-06         -213.028      
              215.801E-06       -213.733      
              217.1E-06         -192.156      
              218.4E-06         -193.749      
              219.701E-06       -192.977      
              221.001E-06       -203.333      
              222.301E-06       -197.651      
              223.601E-06       -197.742      
              224.901E-06       -202.308      
              226.201E-06       -201.849      
              227.501E-06       -194.906      
              228.801E-06       -194.686      
              230.101E-06       -193.939      
              231.401E-06       -187.703      
              232.701E-06       -166.728      
              234.E-06          -192.714      
              235.301E-06       -188.682      
              236.6E-06         -176.942      
              237.901E-06        -77.8962     
              239.2E-06          -99.4664     
              240.501E-06       -105.166      
              241.8E-06         -123.789      
              243.1E-06         -138.339      
              244.401E-06       -144.124      
              245.701E-06        -96.6275     
              247.E-06          -132.246      
              248.301E-06       -147.075      
              249.6E-06         -135.679      
              250.901E-06       -151.264      
              252.2E-06         -142.592      
              253.5E-06         -147.928      
              254.801E-06       -154.98       
              256.1E-06         -162.225      
              257.401E-06       -165.356      
              258.701E-06       -171.853      
              260.E-06          -138.634      
              261.3E-06         -161.82       
              262.601E-06       -159.387      
              263.901E-06       -166.968      
              265.201E-06       -173.232      
              266.501E-06       -172.036      
              267.801E-06       -177.781      
              269.101E-06       -179.849      
              270.401E-06       -145.709      
              271.701E-06       -175.973      
              273.001E-06       -168.592      
              274.301E-06       -177.64       
              275.601E-06       -181.026      
              276.9E-06         -185.396      
              278.2E-06         -183.09       
              279.501E-06       -192.948      
              280.801E-06       -150.426      
              282.101E-06       -175.615      
              283.401E-06       -174.059      
              284.7E-06         -182.844      
              286.E-06          -186.772      
              287.301E-06       -190.112      
              288.601E-06       -188.448      
              289.901E-06       -158.889      
              291.2E-06         -179.712      
              292.5E-06         -174.678      
              293.801E-06       -192.555      
              295.101E-06       -190.039      
              296.401E-06       -104.31E-03   
              297.7E-06         -151.4        
              299.E-06          -161.371      
              300.301E-06       -196.084      
              301.601E-06       -201.498      
              302.901E-06       -204.385      
              304.201E-06       -203.58       
              305.501E-06       -116.068      
              306.8E-06         -151.41       
              308.101E-06       -158.167      
              309.401E-06       -179.989      
              310.701E-06       -220.092      
              312.001E-06       -211.683      
              313.301E-06       -210.071      
              314.601E-06       -164.726      
              315.9E-06         -191.671      
              317.2E-06         -187.708      
              318.5E-06         -180.699      
              319.8E-06         -198.433      
              321.101E-06       -197.235      
              322.401E-06       -154.599      
              323.701E-06       -155.634      
              325.001E-06       -176.19       
              326.3E-06         -101.162      
              327.6E-06         -149.529      
              328.9E-06         -153.285      
              330.201E-06       -167.681      
              331.501E-06       -210.46       
              332.8E-06         -212.784      
              334.1E-06         -209.474      
              335.401E-06       -147.149      
              336.7E-06         -168.583      
              338.001E-06       -182.658      
              339.301E-06       -190.136      
              340.601E-06       -136.666      
              341.901E-06       -150.237      
              343.201E-06       -167.836      
              344.5E-06         -176.159      
              345.801E-06       -192.856      
              347.1E-06         -191.909      
              348.401E-06       -200.787      
              349.701E-06       -127.495      
              351.001E-06       -188.032      
              352.301E-06       -213.212      
              353.601E-06       -193.996      
              354.9E-06         -213.922      
              356.2E-06         -207.521      
              357.5E-06         -144.736      
              358.801E-06       -189.873      
              360.101E-06       -191.942      
              361.401E-06       -182.261      
              362.701E-06       -197.15       
              364.001E-06       -202.24       
              365.3E-06         -196.951      
              366.6E-06         -225.635      
              367.9E-06         -180.547      
              369.201E-06       -176.93       
              370.501E-06       -177.151      
              371.801E-06       -210.095      
              373.1E-06         -208.232      
              374.401E-06       -205.061      
              375.7E-06         -199.55       
              377.001E-06       -215.732      
              378.3E-06         -154.692      
              379.6E-06         -177.786      
              380.9E-06         -174.698      
              382.201E-06       -203.017      
              383.5E-06         -207.493      
              384.8E-06         -137.778      
              386.101E-06       -150.769      
              387.4E-06         -163.962      
              388.701E-06       -202.531      
              390.E-06          -192.644      
              391.301E-06       -222.057      
              392.601E-06       -152.487      
              393.901E-06       -180.897      
              395.201E-06       -188.001      
              396.501E-06       -189.356      
              397.801E-06       -178.123      
              399.1E-06         -154.575      
              400.401E-06       -168.557      
              401.701E-06       -169.369      
              403.001E-06       -174.546      
              404.3E-06         -183.333      
              405.601E-06       -147.154      
              406.901E-06       -170.589      
              408.2E-06         -163.564      
              409.5E-06         -182.828      
              410.8E-06         -124.423      
              412.1E-06         -176.444      
              413.401E-06       -180.428      
              414.701E-06       -183.56       
              416.E-06           -95.1243     
              417.3E-06         -139.674      
              418.601E-06       -159.395      
              419.9E-06         -191.414      
              421.2E-06         -185.098      
              422.5E-06         -192.308      
              423.801E-06       -101.94       
              425.101E-06       -138.321      
              426.4E-06         -148.421      
              427.701E-06       -175.006      
              429.001E-06       -210.152      
              430.301E-06       -187.385      
              431.6E-06         -147.604      
              432.9E-06         -159.853      
              434.2E-06         -195.215      
              435.5E-06         -202.607      
              436.8E-06         -192.181      
              438.1E-06         -189.033      
              439.401E-06       -109.401      
              440.701E-06       -150.932      
              442.E-06          -171.202      
              443.301E-06       -170.687      
              444.6E-06         -182.811      
              445.901E-06       -142.529      
              447.201E-06       -178.199      
              448.501E-06       -184.546      
              449.801E-06       -192.253      
              451.1E-06         -180.293      
              452.401E-06       -189.075      
              453.701E-06       -120.238      
              455.E-06          -152.958      
              456.3E-06         -185.322      
              457.601E-06       -196.199      
              458.901E-06       -185.841      
              460.2E-06         -198.786      
              461.501E-06       -194.377      
              462.801E-06       -134.797      
              464.101E-06       -177.589      
              465.401E-06       -187.968      
              466.7E-06         -182.277      
              468.E-06          -198.425      
              469.301E-06       -188.966      
              470.601E-06       -137.155      
              471.9E-06         -147.364      
              473.201E-06       -187.537      
              474.5E-06         -199.797      
              475.801E-06       -187.065      
              477.101E-06       -196.167      
              478.4E-06         -149.843      
              479.701E-06       -168.493      
              481.E-06          -214.111      
              482.3E-06         -203.008      
              483.601E-06       -191.297      
              484.901E-06       -151.697E-03  
              486.201E-06       -134.809      
              487.5E-06         -180.852      
              488.801E-06       -192.74       
              490.1E-06         -183.746      
              491.401E-06       -178.143      
              492.701E-06       -205.899      
              494.001E-06       -136.888      
              495.3E-06         -179.397      
              496.601E-06       -177.242      
              497.9E-06         -208.289      
              499.2E-06         -196.751      
              500.501E-06       -184.203      
              501.801E-06       -149.764      
              503.1E-06         -154.62       
              504.401E-06       -167.531      
              505.7E-06         -190.688      
              507.001E-06       -197.196      
              508.301E-06       -178.25       
              509.6E-06         -146.637      
              510.901E-06       -168.642      
              512.201E-06       -178.143      
              513.501E-06       -189.43       
              514.801E-06       -183.712      
              516.101E-06       -114.76       
              517.401E-06       -164.028      
              518.7E-06         -176.229      
              520.E-06          -176.074      
              521.301E-06       -210.001      
              522.601E-06       -194.496      
              523.901E-06       -145.898      
              525.201E-06       -158.631      
              526.5E-06         -167.768      
              527.801E-06       -189.344      
              529.101E-06       -200.942      
              530.4E-06         -199.978      
              531.701E-06       -143.394      
              533.E-06          -168.506      
              534.301E-06       -175.841      
              535.6E-06         -202.428      
              536.901E-06       -121.562      
              538.2E-06         -163.238      
              539.501E-06       -157.552      
              540.801E-06       -173.213      
              542.101E-06       -144.747      
              543.401E-06       -161.06       
              544.7E-06         -157.268      
              546.001E-06       -168.562      
              547.301E-06       -178.788      
              548.601E-06       -178.816      
              549.901E-06       -149.746      
              551.201E-06       -153.088      
              552.501E-06       -181.573      
              553.8E-06         -188.44       
              555.101E-06       -179.101      
              556.401E-06       -185.05       
              557.701E-06        -93.0031     
              559.E-06          -154.168      
              560.3E-06         -187.069      
              561.601E-06       -177.856      
              562.901E-06       -189.697      
              564.2E-06         -190.013      
              565.501E-06       -108.397      
              566.801E-06       -143.235      
              568.101E-06       -181.489      
              569.4E-06         -188.355      
              570.701E-06       -188.728      
              572.E-06          -193.524      
              573.301E-06       -135.218      
              574.601E-06       -145.003      
              575.901E-06       -187.075      
              577.201E-06       -187.982      
              578.501E-06       -193.322      
              579.8E-06         -187.765      
              581.1E-06          -91.8606     
              582.401E-06       -174.863      
              583.7E-06         -171.261      
              585.001E-06       -180.688      
              586.301E-06       -182.91       
              587.601E-06       -188.859      
              588.9E-06         -108.544      
              590.201E-06       -160.465      
              591.501E-06       -168.849      
              592.8E-06         -176.202      
              594.101E-06       -177.329      
              595.401E-06       -198.42       
              596.701E-06       -198.259      
              598.E-06          -149.646      
              599.301E-06       -169.206      
              600.601E-06       -171.77       
              601.901E-06       -174.068      
              603.2E-06         -177.614      
              604.501E-06       -119.091E-03  
              605.8E-06         -133.067      
              607.1E-06         -153.485      
              608.401E-06       -168.406      
              609.7E-06         -192.25       
              611.E-06          -159.253      
              612.301E-06       -153.138      
              613.6E-06         -158.976      
              614.901E-06       -165.075      
              616.201E-06       -194.7        
              617.5E-06         -185.29       
              618.801E-06       -124.475      
              620.101E-06       -151.366      
              621.401E-06       -161.194      
              622.7E-06         -195.369      
              624.E-06          -187.567      
              625.301E-06       -172.159      
              626.601E-06       -150.597      
              627.901E-06       -162.375      
              629.2E-06         -180.978      
              630.5E-06         -186.027      
              631.8E-06         -184.258      
              633.101E-06       -111.929      
              634.401E-06       -152.009      
              635.701E-06       -160.86       
              637.001E-06        -97.743      
              638.301E-06       -142.498      
              639.601E-06       -175.832      
              640.901E-06       -170.171      
              642.2E-06         -174.658      
              643.501E-06       -177.722      
              644.801E-06       -109.705      
              646.101E-06       -143.088      
              647.4E-06         -180.678      
              648.7E-06         -174.724      
              650.001E-06       -175.598      
              651.301E-06       -170.186      
              652.601E-06       -111.609      
              653.9E-06         -110.447      
              655.2E-06         -178.516      
              656.5E-06         -182.699      
              657.8E-06         -170.09       
              659.101E-06       -170.396      
              660.401E-06       -131.103      
              661.701E-06       -135.526      
              663.001E-06       -183.012      
              664.301E-06       -170.548      
              665.601E-06       -181.101      
              666.9E-06         -165.671      
              668.201E-06        -93.6032     
              669.501E-06       -125.667      
              670.801E-06       -166.136      
              672.101E-06       -162.983      
              673.401E-06       -170.346      
              674.701E-06       -122.927      
              676.001E-06       -164.291      
              677.3E-06         -176.193      
              678.6E-06         -168.518      
              679.901E-06       -166.404      
              681.201E-06       -187.025      
              682.501E-06       -179.793      
              683.8E-06         -147.408      
              685.101E-06       -145.145      
              686.4E-06         -158.268      
              687.7E-06         -156.427      
              689.001E-06       -159.467      
              690.301E-06       -104.778      
              691.601E-06       -171.161      
              692.901E-06       -150.685      
              694.201E-06       -160.206      
              695.501E-06       -157.135      
              696.801E-06       -181.22       
              698.101E-06       -159.142      
              699.401E-06       -136.799      
              700.701E-06       -148.642      
              702.001E-06       -161.792      
              703.301E-06       -173.669      
              704.601E-06       -169.831      
              705.9E-06         -132.288      
              707.201E-06       -135.813      
              708.5E-06         -142.884      
              709.8E-06         -154.729      
              711.101E-06        -82.8499     
              712.401E-06       -148.947      
              713.7E-06         -138.055      
              715.001E-06       -156.252      
              716.301E-06       -157.077      
              717.601E-06       -125.523      
              718.9E-06         -132.864      
              720.2E-06         -168.379      
              721.501E-06       -166.211      
              722.8E-06         -159.143      
              724.1E-06         -105.928E-03  
              725.401E-06       -111.278      
              726.7E-06         -160.372      
              728.E-06          -160.72       
              729.3E-06         -158.624      
              730.602E-06       -149.961      
              731.9E-06         -120.963      
              733.201E-06       -141.13       
              734.501E-06       -170.477      
              735.8E-06         -150.731      
              737.1E-06         -158.616      
              738.4E-06          -97.5973     
              739.7E-06         -121.937      
              741.001E-06       -140.488      
              742.3E-06         -158.303      
              743.6E-06         -168.311      
              744.901E-06       -154.283      
              746.201E-06        -86.156      
              747.501E-06       -118.426      
              748.801E-06       -135.035      
              750.101E-06       -158.419      
              751.401E-06       -154.085      
              752.701E-06       -155.565      
              754.001E-06        -87.6112     
              755.3E-06         -112.883      
              756.602E-06       -145.06       
              757.901E-06       -141.353      
              759.2E-06         -139.04       
              760.501E-06       -145.372      
              761.801E-06       -122.478      
              763.1E-06         -138.253      
              764.4E-06         -138.027      
              765.701E-06       -155.414      
              767.001E-06       -149.054      
              768.3E-06         -123.406E-03  
              769.601E-06        -90.5486     
              770.9E-06         -125.614      
              772.2E-06         -132.811      
              773.5E-06         -143.053      
              774.801E-06        -92.7678     
              776.101E-06       -120.029      
              777.401E-06       -117.597      
              778.701E-06       -125.006      
              780.E-06          -131.022      
              781.301E-06       -102.576      
              782.601E-06       -138.79       
              783.9E-06         -127.317      
              785.2E-06         -126.881      
              786.5E-06         -138.645      
              787.8E-06          -62.5233     
              789.102E-06       -122.652      
              790.401E-06       -122.526      
              791.7E-06         -119.187      
              793.E-06          -129.166      
              794.301E-06        -78.4685     
              795.601E-06        -99.9368     
              796.9E-06         -117.253      
              798.201E-06       -146.044      
              799.501E-06       -127.387      
              800.802E-06       -112.583      
              802.101E-06        -85.1152     
              803.401E-06       -102.919      
              804.7E-06         -129.635      
              806.001E-06       -125.253      
              807.301E-06        -77.6292     
              808.6E-06          -91.506      
              809.9E-06         -104.162      
              811.202E-06       -117.796      
              812.501E-06       -132.454      
              813.801E-06        -81.7154     
              815.101E-06        -98.185      
              816.401E-06       -102.2        
              817.7E-06         -112.287      
              819.001E-06       -127.394      
              820.3E-06         -126.316      
              821.601E-06        -51.6279     
              822.9E-06          -87.323      
              824.2E-06          -94.8641     
              825.502E-06       -102.264      
              826.801E-06       -116.815      
              828.101E-06        -70.7899     
              829.401E-06        -86.3837     
              830.701E-06        -98.0014     
              832.E-06           -96.9713     
              833.3E-06         -108.105      
              834.6E-06         -111.686      
              835.902E-06        -85.2449     
              837.201E-06        -65.631      
              838.501E-06        -76.9977     
              839.801E-06        -79.1815     
              841.101E-06        -41.3432     
              842.401E-06        -53.8839     
              843.701E-06        -72.8192     
              845.001E-06        -87.4741     
              846.3E-06          -87.4003     
              847.6E-06          -38.834      
              848.9E-06          -51.2709     
              850.202E-06        -65.2137     
              851.501E-06        -86.3709     
              852.801E-06        -80.6047     
              854.101E-06        -19.3853     
              855.401E-06        -58.0672     
              856.701E-06        -52.0639     
              858.001E-06        -65.6171     
              859.3E-06          -75.9599     
              860.601E-06        -34.53       
              861.901E-06        -60.4055     
              863.201E-06        -55.8124     
              864.5E-06          -72.5247     
              865.8E-06          -72.4567     
              867.101E-06        -16.8743     
              868.4E-06          -44.8087     
              869.701E-06        -56.9149     
              871.001E-06        -53.8284     
              872.301E-06        -67.0733     
              873.6E-06          -23.0846     
              874.901E-06        -31.6966     
              876.201E-06        -38.3836     
              877.5E-06          -46.3949     
              878.801E-06        -55.3817     
              880.102E-06         -1.64398    
              881.4E-06          -17.1895     
              882.701E-06        -29.8071     
              884.001E-06       -236.052E-03  
              885.301E-06       -242.301E-03  
              886.601E-06         -7.33762    
              887.901E-06        -16.4672     
              889.2E-06          -25.1267     
              890.5E-06           -1.71652    
              891.801E-06         -1.12903    
              893.1E-06           -6.5824     
              894.4E-06           -5.48896    
              895.701E-06        -17.3807     
              897.E-06           -95.0805E-03 
              898.301E-06        -92.0989E-03 
              899.601E-06         -2.84936    
              900.9E-06           -9.83504    
              902.201E-06        -17.4158     
              903.501E-06         -1.47892    
              904.8E-06           -1.03283    
              906.101E-06       -635.466E-03  
              907.4E-06         -546.E-03     
              908.701E-06         -7.23157    
              910.E-06           -13.7172     
              911.301E-06       -291.039E-03  
              912.6E-06          -22.2763E-03 
              913.901E-06        -42.8867E-03 
              915.2E-06           -3.95795    
              916.501E-06         -8.79245    
              917.8E-06          -14.7005     
              919.101E-06        -23.0171E-03 
              920.401E-06       -725.815E-03  
              921.701E-06         -4.81385    
              923.001E-06         -6.89775    
              924.301E-06         -7.95238    
              925.601E-06         -9.01497    
              926.9E-06          -12.5522     
              928.2E-06          -13.617      
              929.501E-06        -14.2325     
              930.801E-06        -14.5852     
              932.101E-06         -5.4341     
              933.4E-06          -27.0967     
              934.7E-06          -35.859      
              936.E-06           -35.9523     
              937.3E-06          -37.6317     
              938.6E-06          -36.9718     
              939.901E-06        -36.1989     
              941.2E-06          -38.5037     
              942.501E-06        -38.0022     
              943.8E-06          -36.1831     
              945.101E-06        -34.4557     
              946.401E-06        -35.9687     
              947.7E-06          -33.8579     
              949.E-06           -34.3811     
              950.3E-06          -32.1804     
              951.601E-06        -29.6938     
              952.9E-06          -29.9201     
              954.201E-06        -30.6084     
              955.5E-06          -26.5106     
              956.8E-06          -27.3636     
              958.101E-06        -28.0157     
              959.401E-06        -27.713      
              960.7E-06          -24.4695     
              962.E-06           -25.7218     
              963.3E-06          -23.9031     
              964.601E-06        -10.5504     
              965.901E-06        -15.0403     
              967.2E-06          -16.4812     
              968.502E-06         -6.84604    
              969.801E-06        -37.2228     
              971.1E-06          -64.9106     
              972.401E-06        -77.451      
              973.7E-06          -70.9337     
              975.001E-06        -69.9973     
              976.3E-06          -67.481      
              977.601E-06        -68.1981     
              978.901E-06        -67.5498     
              980.201E-06        -50.5321     
              981.501E-06        -60.4023     
              982.802E-06        -55.3595     
              984.101E-06        -60.249      
              985.402E-06        -60.6072     
              986.701E-06        -52.048      
              988.E-06           -48.858      
              989.301E-06        -49.8842     
              990.6E-06          -46.543      
              991.901E-06        -42.164      
              993.2E-06          -45.9667     
              994.501E-06        -40.7892     
              995.8E-06          -39.836      
              997.101E-06        -17.6786     
              998.401E-06        -31.9506     
              999.702E-06        -34.0853     
                1.001E-03        -35.3624     
                1.0023E-03       -32.9478     
                1.0036E-03       -28.951      
                1.0049E-03       -27.3871     
                1.0062E-03       -27.7228     
                1.0075E-03       -30.2251     
                1.0088E-03       -31.5038     
                1.0101E-03       -25.0695     
                1.0114E-03       -23.2792     
                1.0127E-03       -26.9272     
                1.014E-03        -30.4623     
                1.0153E-03       -26.419      
                1.0166E-03       -26.3058     
                1.0179E-03       -16.784      
                1.0192E-03       -28.7857     
                1.0205E-03       -26.5219     
                1.0218E-03       -26.7238     
                1.0231E-03       -22.5334     
                1.0244E-03       -22.3926     
                1.0257E-03       -25.7338     
                1.027E-03        -27.1163     
                1.0283E-03       -23.9064     
                1.0296E-03       -23.534      
                1.0309E-03       -22.0688     
                1.0322E-03       -28.3767E-03 
                1.0335E-03       -23.1444     
                1.0348E-03       -21.9614     
                1.0361E-03       -22.2904     
                1.0374E-03       -22.5694     
                1.0387E-03       -21.3022     
                1.04E-03         -18.9644     
                1.0413E-03       -18.1556     
                1.0426E-03       -17.7224     
                1.0439E-03       -15.9929     
                1.0452E-03       -16.3618     
                1.0465E-03       -15.1756     
                1.0478E-03       -41.6595E-03 
                1.0491E-03       -25.6196     
                1.0504E-03       -16.0764     
                1.0517E-03       -18.3827     
                1.053E-03        -17.4912     
                1.0543E-03       -13.8046     
                1.0556E-03       -14.5537     
                1.0569E-03       -13.7242     
                1.0582E-03       978.372E-03  
                1.0595E-03       -21.8106     
                1.0608E-03        -1.40274    
                1.0621E-03       -31.3935     
                1.0634E-03       -31.131      
                1.0647E-03       -31.5998     
                1.066E-03        -28.0032     
                1.0673E-03       -27.2256     
                1.0686E-03       -27.6262     
                1.0699E-03       -25.8219     
                1.0712E-03       -25.7481     
                1.0725E-03       -26.3602     
                1.0738E-03       -21.9967     
                1.0751E-03       -23.3891     
                1.0764E-03       -21.2762     
                1.0777E-03       -20.3608     
                1.079E-03        -26.768      
                1.0803E-03       -24.0662     
                1.0816E-03       -24.8229     
                1.0829E-03       -23.4292     
                1.0842E-03       -22.9356     
                1.0855E-03       -23.2486     
                1.0868E-03       -19.6248     
                1.0881E-03       -21.0237     
                1.0894E-03       -20.3927     
                1.0907E-03       -19.5714     
                1.092E-03        -19.66       
                1.0933E-03       -17.4975     
                1.0946E-03       -16.8145     
                1.0959E-03       -16.3686     
                1.0972E-03       -21.5643     
                1.0985E-03       -20.5011     
                1.0998E-03       -19.3112     
                1.1011E-03       -18.9796     
                1.1024E-03       -18.1427     
                1.1037E-03       -17.7611     
                1.105E-03        -17.6381     
                1.1063E-03       -16.8821     
                1.1076E-03       -15.7112     
                1.1089E-03       -15.1491     
                1.1102E-03       -14.5981     
                1.1115E-03       -14.4946     
                1.1128E-03       -14.2582     
                1.1141E-03      -239.664E-03  
                1.1154E-03        32.3944E-03 
                1.1167E-03       -20.3297     
                1.118E-03        -48.182      
                1.1193E-03       -49.6784     
                1.1206E-03       -51.0602     
                1.1219E-03       -52.8329     
                1.1232E-03       -51.8635     
                1.1245E-03       -56.1827     
                1.1258E-03       -56.5467     
                1.1271E-03       -57.8803     
                1.1284E-03       -54.1487     
                1.1297E-03       -53.7689     
                1.131E-03        -54.3738     
                1.1323E-03       -54.2942     
                1.1336E-03       -53.9547     
                1.1349E-03       -49.6155     
                1.1362E-03       -49.8749     
                1.1375E-03       -48.7049     
                1.1388E-03       -48.5976     
                1.1401E-03       -41.3431     
                1.1414E-03       -42.6436     
                1.1427E-03       -41.125      
                1.144E-03        -41.372      
                1.1453E-03        -9.20361    
                1.1466E-03       -10.3382     
                1.1479E-03       -42.9627     
                1.1492E-03       -55.5711     
                1.1505E-03       -52.5296     
                1.1518E-03       -50.3934     
                1.1531E-03       -45.8894     
                1.1544E-03       -33.5351     
                1.1557E-03       -47.9181     
                1.157E-03        -51.1137     
                1.1583E-03       -44.4179     
                1.1596E-03       -46.0557     
                1.1609E-03       -40.3865     
                1.1622E-03       -43.5006     
                1.1635E-03       -40.9789     
                1.1648E-03       -41.0513     
                1.1661E-03       -33.3908     
                1.1674E-03       -34.3696     
                1.1687E-03       -30.9833     
                1.17E-03         -34.2897     
                1.1713E-03       -33.666      
                1.1726E-03       -15.3902     
                1.1739E-03       -29.5186     
                1.1752E-03       -30.1845     
                1.1765E-03       -28.8936     
                1.1778E-03       -28.3663     
                1.1791E-03       -23.2839     
                1.1804E-03       -26.2844     
                1.1817E-03       -22.5383     
                1.183E-03        -20.872      
                1.1843E-03       -20.1496     
                1.1856E-03       -16.3885     
                1.1869E-03       -17.3776     
                1.1882E-03       -21.0575     
                1.1895E-03       -22.9116     
                1.1908E-03       -20.4769     
                1.1921E-03       -26.4882     
                1.1934E-03         5.27662E-03
                1.1947E-03       -30.5446     
                1.196E-03        -23.6725     
                1.1973E-03       -24.1061     
                1.1986E-03       -29.1825     
                1.1999E-03       -32.0714     
                1.2012E-03       -28.5988     
                1.2025E-03       -28.0868     
                1.2038E-03      -554.74E-06   
                1.2051E-03       -32.622      
                1.2064E-03       -28.0254     
                1.2077E-03       -30.4244     
                1.209E-03        -30.1739     
                1.2103E-03       -28.2995     
                1.2116E-03       -27.5185     
                1.2129E-03       -25.598      
                1.2142E-03       -25.7866     
                1.2155E-03       -24.5624     
                1.2168E-03       -25.056      
                1.2181E-03       -23.5439     
                1.2194E-03       -18.3003     
                1.2207E-03       -26.0507     
                1.222E-03        -27.8975     
                1.2233E-03       -26.2702     
                1.2246E-03       -25.0991     
                1.2259E-03       -23.4208     
                1.2272E-03       -23.3323     
                1.2285E-03       -22.154      
                1.2298E-03       -19.2466     
                1.2311E-03       -23.0619     
                1.2324E-03       -25.0983     
                1.2337E-03       -21.9133     
                1.235E-03        -21.8611     
                1.2363E-03       -23.2066     
                1.2376E-03       -22.3488     
                1.2389E-03       -22.4915     
                1.2402E-03       -19.7401     
                1.2415E-03       -18.7371     
                1.2428E-03       -22.27       
                1.2441E-03       -23.0537     
                1.2454E-03       -23.5846     
                1.2467E-03       -23.0075     
                1.248E-03        -20.7528     
                1.2493E-03       -20.4653     
                1.2506E-03       -20.3029     
                1.2519E-03       -20.2111     
                1.2532E-03       -19.6047     
                1.2545E-03       -16.8596     
                1.2558E-03       -17.2052     
                1.2571E-03       -16.3646     
                1.2584E-03       -16.6185     
                1.2597E-03        -8.89318    
                1.261E-03         -8.6482     
                1.2623E-03        -9.46055    
                1.2636E-03       -33.5057     
                1.2649E-03       -63.141      
                1.2662E-03       -67.6099     
                1.2675E-03       -73.3028     
                1.2688E-03       -64.099      
                1.2701E-03       -64.9677     
                1.2714E-03       -62.11       
                1.2727E-03       -60.096      
                1.274E-03        -61.7072     
                1.2753E-03       -60.7089     
                1.2766E-03       -57.112      
                1.2779E-03       -53.3363     
                1.2792E-03       -52.7        
                1.2805E-03       -51.5764     
                1.2818E-03       -43.4191     
                1.2831E-03       -47.1952     
                1.2844E-03       -44.6185     
                1.2857E-03       -46.0739     
                1.287E-03        -39.7801     
                1.2883E-03       -39.2101     
                1.2896E-03       -38.5562     
                1.2909E-03       -38.0533     
                1.2922E-03       -31.6504     
                1.2935E-03       -37.229      
                1.2948E-03       -38.7891     
                1.2961E-03       -36.1746     
                1.2974E-03       -28.7661     
                1.2987E-03       -30.3484     
                1.3E-03          -30.5072     
                1.3013E-03        30.6351E-03 
                1.3026E-03       -35.0753     
                1.3039E-03       -33.6541     
                1.3052E-03       -32.6257     
                1.3065E-03       -29.1781     
                1.3078E-03       -26.3611     
                1.3091E-03       -27.0961     
                1.3104E-03       -21.9192     
                1.3117E-03       -22.8427     
                1.313E-03        -21.1877     
                1.3143E-03       -24.3393     
                1.3156E-03       -25.0653     
                1.3169E-03       -22.8417     
                1.3182E-03       -18.6523     
                1.3195E-03       -18.7445     
                1.3208E-03       -18.5602     
                1.3221E-03       -17.0593     
                1.3234E-03       -11.0916     
                1.3247E-03        -6.91664    
                1.326E-03        -29.8716E-03 
                1.3273E-03      -802.084E-03  
                1.3286E-03        -1.44043    
                1.3299E-03       -54.3465     
                1.3312E-03       -56.338      
                1.3325E-03       -49.7309     
                1.3338E-03       -50.0458     
                1.3351E-03       -47.7284     
                1.3364E-03       -48.4147     
                1.3377E-03       -47.318      
                1.339E-03        -40.0514     
                1.3403E-03       -39.3742     
                1.3416E-03       -38.7238     
                1.3429E-03       -37.1422     
                1.3442E-03       -37.0694     
                1.3455E-03       -32.627      
                1.3468E-03       -31.9569     
                1.3481E-03       -32.0946     
                1.3494E-03       -30.7151     
                1.3507E-03       -29.8925     
                1.352E-03        -26.4011     
                1.3533E-03       -25.8279     
                1.3546E-03       -26.0453     
                1.3559E-03       -24.9045     
                1.3572E-03       -24.3712     
                1.3585E-03       -17.2372     
                1.3598E-03       -25.5778     
                1.3611E-03       -25.5072     
                1.3624E-03       -23.8555     
                1.3637E-03       -24.284      
                1.365E-03        -26.5884     
                1.3663E-03       -23.2429     
                1.3676E-03       -26.1012     
                1.3689E-03       -25.3158     
                1.3702E-03       -24.5749     
                1.3715E-03       -19.8473     
                1.3728E-03       -23.3407     
                1.3741E-03       -22.3217     
                1.3754E-03       -21.7405     
                1.3767E-03       -20.7588     
                1.378E-03        -22.251      
                1.3793E-03       -19.6246     
                1.3806E-03       -24.1741     
                1.3819E-03       -24.9662     
                1.3832E-03       -23.0505     
                1.3845E-03       -22.2396     
                1.3858E-03       -18.654      
                1.3871E-03       -19.7193     
                1.3884E-03       -19.4475     
                1.3897E-03       -19.6364     
                1.391E-03        -18.5494     
                1.3923E-03       -18.2579     
                1.3936E-03       -16.5212     
                1.3949E-03       -16.14       
                1.3962E-03       -15.7797     
                1.3975E-03       -15.444      
                1.3988E-03       -15.166      
                1.4001E-03       -13.3563     
                1.4014E-03       -13.0395     
                1.4027E-03       -13.4709     
                1.404E-03         -6.97979    
                1.4053E-03        -3.29561    
                1.4066E-03      -556.213E-03  
                1.4079E-03       -29.3628     
                1.4092E-03       -40.6589     
                1.4105E-03       -42.9783     
                1.4118E-03       -44.9082     
                1.4131E-03       -43.1308     
                1.4144E-03       -34.421      
                1.4157E-03       -64.8027     
                1.417E-03        -60.546      
                1.4183E-03       -65.8616     
                1.4196E-03       -64.0537     
                1.4209E-03       -56.5075     
                1.4222E-03       -51.3838     
                1.4235E-03       -52.2647     
                1.4248E-03       -53.3076     
                1.4261E-03       -51.6285     
                1.4274E-03       -50.8302     
                1.4287E-03       -49.0263     
                1.43E-03         -46.458      
                1.4313E-03       -46.4634     
                1.4326E-03       -43.9758     
                1.4339E-03       -40.2213     
                1.4352E-03       -40.3127     
                1.4365E-03       -41.4048     
                1.4378E-03       -36.3821     
                1.4391E-03       -35.7519     
                1.4404E-03       -30.8629     
                1.4417E-03       -36.576      
                1.443E-03        -39.7941     
                1.4443E-03       -34.6357     
                1.4456E-03       -24.321      
                1.4469E-03       -35.184      
                1.4482E-03       -35.1814     
                1.4495E-03       -35.3499     
                1.4508E-03        36.5264E-03 
                1.4521E-03       -32.0037     
                1.4534E-03       -30.2252     
                1.4547E-03       -33.718      
                1.456E-03        -31.4751     
                1.4573E-03       -28.5731     
                1.4586E-03       -25.3575     
                1.4599E-03       -27.2736     
                1.4612E-03       -20.5227     
                1.4625E-03       -28.0594     
                1.4638E-03       -27.8193     
                1.4651E-03       -31.9078     
                1.4664E-03       -25.9476     
                1.4677E-03       -23.4348     
                1.469E-03        -21.5188     
                1.4703E-03       -21.6317     
                1.4716E-03       -26.1278     
                1.4729E-03       -22.6289     
                1.4742E-03       -21.0664     
                1.4755E-03       -20.7743     
                1.4768E-03       -17.8416     
                1.4781E-03        -9.4737     
                1.4794E-03       -19.06       
                1.4807E-03       -18.278      
                1.482E-03        -18.0707     
                1.4833E-03       -16.7637     
                1.4846E-03       -16.7273     
                1.4859E-03       -15.7817     
                1.4872E-03       -14.7769     
                1.4885E-03       -13.3695     
                1.4898E-03       -18.1018     
                1.4911E-03       -17.99       
                1.4924E-03       -18.8835     
                1.4937E-03       -21.1565     
                1.495E-03        -18.0309     
                1.4963E-03       -23.345      
                1.4976E-03       -28.6933     
                1.4989E-03       -28.975      
                1.5002E-03       -31.3595     
                1.5015E-03       -29.0767     
                1.5028E-03       -31.0814     
                1.5041E-03       -31.8899     
                1.5054E-03       -32.5522     
                1.5067E-03       -36.2456     
                1.508E-03        -29.7026     
                1.5093E-03       -30.7959     
                1.5106E-03       -28.3993     
                1.5119E-03       -34.352      
                1.5132E-03       -34.7615     
                1.5145E-03       -35.3765     
                1.5158E-03       -32.6806     
                1.5171E-03       -32.6999     
                1.5184E-03       -30.1714     
                1.5197E-03       -29.7046     
                1.521E-03        -26.0432     
                1.5223E-03       -27.9408     
                1.5236E-03       -27.0793     
                1.5249E-03       -27.3201     
                1.5262E-03       -26.411      
                1.5275E-03       -22.5147     
                1.5288E-03       -22.9265     
                1.5301E-03       -23.6177     
                1.5314E-03       -22.4902     
                1.5327E-03       -20.5087     
                1.534E-03        -19.8085     
                1.5353E-03       -20.4272     
                1.5366E-03       -21.6345     
                1.5379E-03       -22.6232     
                1.5392E-03       -23.9148     
                1.5405E-03       -20.2891     
                1.5418E-03       -20.5955     
                1.5431E-03       -20.989      
                1.5444E-03       -19.0098     
                1.5457E-03       -20.1939     
                1.547E-03        -19.0025     
                1.5483E-03       -17.3808     
                1.5496E-03       -17.3279     
                1.5509E-03       -17.0441     
                1.5522E-03        -6.34109    
                1.5535E-03        -8.54528    
                1.5548E-03        -2.30463    
                1.5561E-03        -2.0627     
                1.5574E-03       -59.4312     
                1.5587E-03       -71.0664     
                1.56E-03         -75.2431     
                1.5613E-03       -77.4938     
                1.5626E-03       -65.2207     
                1.5639E-03       -68.8903     
                1.5652E-03       -66.6047     
                1.5665E-03       -67.2505     
                1.5678E-03       -64.2109     
                1.5691E-03       -64.7224     
                1.5704E-03       -61.0293     
                1.5717E-03       -60.6718     
                1.573E-03        -56.6902     
                1.5743E-03       -56.5903     
                1.5756E-03       -48.0912     
                1.5769E-03       -52.7304     
                1.5782E-03       -51.7282     
                1.5795E-03       -50.356      
                1.5808E-03       -42.7509     
                1.5821E-03       -43.6173     
                1.5834E-03       -41.197      
                1.5847E-03       -35.633      
                1.586E-03        -36.5745     
                1.5873E-03       -35.773      
                1.5886E-03       -34.4163     
                1.5899E-03       -32.025      
                1.5912E-03       -18.1185     
                1.5925E-03       -36.6829     
                1.5938E-03       -37.7016     
                1.5951E-03       -36.4839     
                1.5964E-03       -37.169      
                1.5977E-03       -35.0859     
                1.599E-03        -27.9785     
                1.6003E-03       -27.2293     
                1.6016E-03       -26.2        
                1.6029E-03       -28.3091     
                1.6042E-03       -14.6159     
                1.6055E-03       -23.7856     
                1.6068E-03       -24.8463     
                1.6081E-03       -23.5931     
                1.6094E-03       -23.5576     
                1.6107E-03       -23.2631     
                1.612E-03        -19.3253     
                1.6133E-03       -18.7804     
                1.6146E-03       -17.8716     
                1.6159E-03       -16.3526     
                1.6172E-03       -14.4496     
                1.6185E-03       -11.2524     
                1.6198E-03       -11.9276     
                1.6211E-03       -10.8382     
                1.6224E-03       -10.3924     
                1.6237E-03       -10.5262     
                1.625E-03         -6.48339    
                1.6263E-03        -1.06743    
                1.6276E-03       -29.9137     
                1.6289E-03       -43.6127     
                1.6302E-03       -50.3703     
                1.6315E-03       -41.6072     
                1.6328E-03       -43.5014     
                1.6341E-03       -37.6003     
                1.6354E-03       -39.7523     
                1.6367E-03       -36.6454     
                1.638E-03        -38.5892     
                1.6393E-03       -35.3585     
                1.6406E-03       -32.4999     
                1.6419E-03       -31.3462     
                1.6432E-03       -30.9261     
                1.6445E-03       -28.4559     
                1.6458E-03       -29.477      
                1.6471E-03       -25.9986     
                1.6484E-03       -26.9271     
                1.6497E-03       -22.5815     
                1.651E-03        -31.0968     
                1.6523E-03       -29.7949     
                1.6536E-03       -26.3509     
                1.6549E-03       -28.2301     
                1.6562E-03       -25.7822     
                1.6575E-03       -26.7907     
                1.6588E-03        -9.28164    
                1.6601E-03       -28.6046     
                1.6614E-03       -26.3005     
                1.6627E-03       -27.3455     
                1.664E-03        -26.626      
                1.6653E-03       -26.3026     
                1.6666E-03       -23.3513     
                1.6679E-03       -23.1266     
                1.6692E-03       -22.8585     
                1.6705E-03       -16.9957     
                1.6718E-03       -21.6212     
                1.6731E-03       -23.0411     
                1.6744E-03       -21.7808     
                1.6757E-03       -22.8021     
                1.677E-03        -22.6946     
                1.6783E-03       -21.5671     
                1.6796E-03       -21.0093     
                1.6809E-03       -17.2357     
                1.6822E-03       -19.7414     
                1.6835E-03       -18.5025     
                1.6848E-03       -18.4386     
                1.6861E-03       -21.4267     
                1.6874E-03       -21.7984     
                1.6887E-03       -21.146      
                1.69E-03         -20.2579     
                1.6913E-03       -19.1604     
                1.6926E-03       -19.0809     
                1.6939E-03       -19.8391     
                1.6952E-03        -7.05378    
                1.6965E-03        -9.37305    
                1.6978E-03      -623.564E-03  
                1.6991E-03       -24.0211     
                1.7004E-03       -62.3633     
                1.7017E-03       -62.4074     
                1.703E-03        -66.0681     
                1.7043E-03       -62.6846     
                1.7056E-03       -60.9648     
                1.7069E-03       -59.5859     
                1.7082E-03       -59.0334     
                1.7095E-03       -52.8777     
                1.7108E-03       -50.7425     
                1.7121E-03       -50.6862     
                1.7134E-03       -51.3841     
                1.7147E-03       -41.478      
                1.716E-03        -48.0467     
                1.7173E-03       -44.3864     
                1.7186E-03       -43.1008     
                1.7199E-03       -41.1295     
                1.7212E-03       -39.1823     
                1.7225E-03       -38.2386     
                1.7238E-03       -37.6272     
                1.7251E-03       -33.5783     
                1.7264E-03       -31.5905     
                1.7277E-03       -30.9632     
                1.729E-03        -30.7248     
                1.7303E-03       -24.9166     
                1.7316E-03       -25.8494     
                1.7329E-03       -25.3571     
                1.7342E-03       -25.5711     
                1.7355E-03       -24.44       
                1.7368E-03       -19.438      
                1.7381E-03       -19.8119     
                1.7394E-03       -19.811      
                1.7407E-03       -19.3334     
                1.742E-03        -12.0055     
                1.7433E-03        -6.94088    
                1.7446E-03        -4.14156    
                1.7459E-03        -1.37228E-03
                1.7472E-03        -4.6879     
                1.7485E-03       -46.6084     
                1.7498E-03       -74.7512     
                1.7511E-03       -80.7658     
                1.7524E-03       -78.0772     
                1.7537E-03       -61.3792     
                1.755E-03        -71.5445     
                1.7563E-03       -67.8946     
                1.7576E-03       -65.9475     
                1.7589E-03       -67.927      
                1.7602E-03       -49.2453     
                1.7615E-03       -57.9942     
                1.7628E-03       -57.9182     
                1.7641E-03       -53.1208     
                1.7654E-03       -38.8894     
                1.7667E-03       -45.7863     
                1.768E-03        -44.5491     
                1.7693E-03       -42.5074     
                1.7706E-03       -42.6416     
                1.7719E-03       -36.1784     
                1.7732E-03       -33.6672     
                1.7745E-03       -33.532      
                1.7758E-03       -30.7228     
                1.7771E-03       -26.8428     
                1.7784E-03       -12.5237     
                1.7797E-03       -28.5404     
                1.781E-03        -27.9989     
                1.7823E-03       -27.0234     
                1.7836E-03       -28.7005     
                1.7849E-03       -25.1961     
                1.7862E-03       -26.8541     
                1.7875E-03       -16.3544     
                1.7888E-03       -29.9856     
                1.7901E-03       -28.9606     
                1.7914E-03       -22.8732     
                1.7927E-03       -27.6409     
                1.794E-03        -25.8539     
                1.7953E-03       -25.2656     
                1.7966E-03       -24.1939     
                1.7979E-03       -23.1915     
                1.7992E-03       -17.6949     
                1.8005E-03       -26.0152     
                1.8018E-03       -25.9414     
                1.8031E-03       -25.9401     
                1.8044E-03       -26.1544     
                1.8057E-03       -22.5088     
                1.807E-03        -21.2899     
                1.8083E-03       -20.3255     
                1.8096E-03       -20.6578     
                1.8109E-03       -19.7876     
                1.8122E-03       -19.9981     
                1.8135E-03       -17.6659     
                1.8148E-03       -20.9074     
                1.8161E-03       -22.0397     
                1.8174E-03       -21.4096     
                1.8187E-03       -20.5811     
                1.82E-03         -18.8784     
                1.8213E-03       -16.699      
                1.8226E-03       -15.3368     
                1.8239E-03       -16.3848     
                1.8252E-03       -16.0215     
                1.8265E-03       -19.8395     
                1.8278E-03       -23.4226     
                1.8291E-03       -22.9312     
                1.8304E-03       -17.7777     
                1.8317E-03       -14.6117     
                1.833E-03        -13.1919     
                1.8343E-03       -12.4258     
                1.8356E-03       -20.5973     
                1.8369E-03       -24.7591     
                1.8382E-03       -20.9047     
                1.8395E-03       -21.0442     
                1.8408E-03       -18.9147     
                1.8421E-03       -20.2208     
                1.8434E-03       -18.3447     
                1.8447E-03       -18.2079     
                1.846E-03        -16.1148     
                1.8473E-03       -16.1311     
                1.8486E-03       -19.1939     
                1.8499E-03       -21.4703     
                1.8512E-03        -6.24589E-03
                1.8525E-03       -25.6309     
                1.8538E-03       -23.1362     
                1.8551E-03       -22.3025     
                1.8564E-03       -22.141      
                1.8577E-03       -22.6076     
                1.859E-03        -27.0534     
                1.8603E-03       -24.3712     
                1.8616E-03       -23.7608     
                1.8629E-03       -23.5772     
                1.8642E-03       -23.207      
                1.8655E-03       -23.002      
                1.8668E-03       -19.9164     
                1.8681E-03       -19.3681     
                1.8694E-03       -19.7878     
                1.8707E-03       -18.8337     
                1.872E-03        -18.9021     
                1.8733E-03       -16.1971     
                1.8746E-03       -16.7159     
                1.8759E-03       -15.8714     
                1.8772E-03        21.8339E-03 
                1.8785E-03        -1.15953E-03
                1.8798E-03       -14.8083     
                1.8811E-03       -48.8228     
                1.8824E-03       -56.8117     
                1.8837E-03       -51.8363     
                1.885E-03        -50.3658     
                1.8863E-03       -45.239      
                1.8876E-03       -46.8443     
                1.8889E-03       -44.0425     
                1.8902E-03       -53.0446     
                1.8915E-03       -54.2887     
                1.8928E-03       -46.8923     
                1.8941E-03       -47.7457     
                1.8954E-03       -45.3873     
                1.8967E-03       -46.8918     
                1.898E-03        -45.336      
                1.8993E-03       -40.6502     
                1.9006E-03       -39.0028     
                1.9019E-03       -37.8705     
                1.9032E-03       -38.1733     
                1.9045E-03       -34.58       
                1.9058E-03       -34.6007     
                1.9071E-03       -31.9864     
                1.9084E-03       -27.1394     
                1.9097E-03       -21.7781     
                1.911E-03        -30.7984     
                1.9123E-03       -30.6364     
                1.9136E-03       -29.8995     
                1.9149E-03       -25.8129     
                1.9162E-03       -26.0159     
                1.9175E-03       -27.5002     
                1.9188E-03       -29.9145     
                1.9201E-03       -29.0523     
                1.9214E-03       -26.9679     
                1.9227E-03       -21.8465     
                1.924E-03          2.65724E-03
                1.9253E-03       -26.2387     
                1.9266E-03       -25.598      
                1.9279E-03       -26.2551     
                1.9292E-03       -25.8439     
                1.9305E-03       -20.6296     
                1.9318E-03       -20.5308     
                1.9331E-03       -21.5987     
                1.9344E-03       -19.9268     
                1.9357E-03       -20.211      
                1.937E-03        -15.7733     
                1.9383E-03       -19.7895     
                1.9396E-03       -20.6064     
                1.9409E-03       -19.6062     
                1.9422E-03       -21.6702     
                1.9435E-03       -18.4132     
                1.9448E-03       -15.4682     
                1.9461E-03        -8.56852    
                1.9474E-03        -8.33756E-03
                1.9487E-03        16.3781E-03 
                1.95E-03          -6.1454E-03 
                1.9513E-03       -34.1464     
                1.9526E-03       -43.6199     
                1.9539E-03       -43.6552     
                1.9552E-03       -44.5237     
                1.9565E-03       -35.1658     
                1.9578E-03       -36.8197     
                1.9591E-03       -33.7233     
                1.9604E-03       -34.9663     
                1.9617E-03       -35.248      
                1.963E-03        -30.7489     
                1.9643E-03       -31.4125     
                1.9656E-03       -29.5367     
                1.9669E-03       -29.4745     
                1.9682E-03       -27.9992     
                1.9695E-03       -24.5791     
                1.9708E-03       -24.4057     
                1.9721E-03       -23.1411     
                1.9734E-03       -24.6342     
                1.9747E-03       -29.6792     
                1.976E-03        -27.0107     
                1.9773E-03       -27.0485     
                1.9786E-03       -25.4827     
                1.9799E-03       -22.6147     
                1.9812E-03       -20.741      
                1.9825E-03       -26.5183     
                1.9838E-03       -29.2876     
                1.9851E-03       -29.7791     
                1.9864E-03       -30.4344     
                1.9877E-03       -27.6504     
                1.989E-03        -27.0923     
                1.9903E-03       -22.6549     
                1.9916E-03       -34.4508     
                1.9929E-03       -29.5908     
                1.9942E-03       -21.3986     
                1.9955E-03       -22.1381     
                1.9968E-03       -21.9796     
                1.9981E-03       -19.9728     
                1.9994E-03       -20.577      
                2.0007E-03       -19.2982     
                2.002E-03        -18.4166     
                2.0033E-03       -17.3609     
                2.0046E-03       -16.8566     
                2.0059E-03       -16.6242     
                2.0072E-03       -15.9937     
                2.0085E-03       -15.7973     
                2.0098E-03       -13.5254     
                2.0111E-03       -20.498      
                2.0124E-03       -23.1472     
                2.0137E-03       -21.7692     
                2.015E-03        -27.3419     
                2.0163E-03       -26.3464     
                2.0176E-03       -22.8867     
                2.0189E-03       -24.1269     
                2.0202E-03       -22.4601     
                2.0215E-03       -23.328      
                2.0228E-03       -22.2288     
                2.0241E-03       -19.7528     
                2.0254E-03       -20.0611     
                2.0267E-03       -17.612      
                2.028E-03        -19.0485     
                2.0293E-03       -17.6158     
                2.0306E-03       -17.4026     
                2.0319E-03       -15.6781     
                2.0332E-03       -14.8709     
                2.0345E-03        -4.58598    
                2.0358E-03        -4.83228    
                2.0371E-03        -3.04054    
                2.0384E-03       -16.7641     
                2.0397E-03       -58.0388     
                2.041E-03        -64.5638     
                2.0423E-03       -67.1266     
                2.0436E-03       -66.8306     
                2.0449E-03       -65.3006     
                2.0462E-03       -60.9367     
                2.0475E-03       -61.4009     
                2.0488E-03       -60.7384     
                2.0501E-03       -57.5604     
                2.0514E-03       -54.6895     
                2.0527E-03       -52.6034     
                2.054E-03        -52.9721     
                2.0553E-03       -52.0069     
                2.0566E-03       -42.0615     
                2.0579E-03       -45.0855     
                2.0592E-03       -43.7598     
                2.0605E-03       -43.7647     
                2.0618E-03       -38.9807     
                2.0631E-03       -42.0708     
                2.0644E-03       -38.175      
                2.0657E-03       -38.3824     
                2.067E-03        -33.9573     
                2.0683E-03       -15.9416     
                2.0696E-03       -33.7288     
                2.0709E-03       -35.4784     
                2.0722E-03       -33.6271     
                2.0735E-03       -31.4233     
                2.0748E-03       -29.8513     
                2.0761E-03       -28.5357     
                2.0774E-03       -29.8326     
                2.0787E-03       -23.4363     
                2.08E-03         -26.735      
                2.0813E-03       -27.8118     
                2.0826E-03       -25.3781     
                2.0839E-03       -25.3741     
                2.0852E-03       -19.9112     
                2.0865E-03       -24.031      
                2.0878E-03       -26.124      
                2.0891E-03       -25.4736     
                2.0904E-03       -23.1119     
                2.0917E-03       -22.7832     
                2.093E-03        -23.5181     
                2.0943E-03       -24.9734     
                2.0956E-03       -25.3226     
                2.0969E-03       -25.1073     
                2.0982E-03       -29.2226     
                2.0995E-03       -28.6971     
                2.1008E-03       -23.8908     
                2.1021E-03       -23.7693     
                2.1034E-03       -25.5362     
                2.1047E-03       -26.011      
                2.106E-03        -24.1292     
                2.1073E-03       -24.6792     
                2.1086E-03       -23.1555     
                2.1099E-03       -24.4987     
                2.1112E-03       -24.4986     
                2.1125E-03       -16.0222     
                2.1138E-03       -28.5948     
                2.1151E-03       -27.0221     
                2.1164E-03       -25.2766     
                2.1177E-03       -26.1267     
                2.119E-03        -23.8758     
                2.1203E-03       -24.438      
                2.1216E-03       -29.5833     
                2.1229E-03       -25.7814     
                2.1242E-03       -29.0567     
                2.1255E-03       -28.5112     
                2.1268E-03       -27.968      
                2.1281E-03       -26.4375     
                2.1294E-03       -27.8197     
                2.1307E-03       -27.0786     
                2.132E-03        -25.6169     
                2.1333E-03       -25.3062     
                2.1346E-03       -18.5204     
                2.1359E-03       -27.9231     
                2.1372E-03       -28.2164     
                2.1385E-03       -28.4663     
                2.1398E-03       -27.4897     
                2.1411E-03       -25.8466     
                2.1424E-03       -25.6251     
                2.1437E-03       -23.2061     
                2.145E-03        -24.5437     
                2.1463E-03       -22.7851     
                2.1476E-03       -23.0783     
                2.1489E-03       -24.464      
                2.1502E-03       -23.7691     
                2.1515E-03       -25.1514     
                2.1528E-03       -24.5121     
                2.1541E-03       -24.9988     
                2.1554E-03       -23.9925     
                2.1567E-03       -21.3647     
                2.158E-03        -20.9235     
                2.1593E-03       -20.451      
                2.1606E-03       -20.7361     
                2.1619E-03       -20.7061     
                2.1632E-03       -20.1452     
                2.1645E-03       -17.7203     
                2.1658E-03       -17.6073     
                2.1671E-03       -17.6825     
                2.1684E-03       -17.3477     
                2.1697E-03        -7.02873    
                2.171E-03         -8.62543    
                2.1723E-03        -2.92612    
                2.1736E-03       -34.2712     
                2.1749E-03       -59.3478     
                2.1762E-03       -62.032      
                2.1775E-03       -67.0478     
                2.1788E-03       -58.7745     
                2.1801E-03       -58.3495     
                2.1814E-03       -59.9553     
                2.1827E-03       -59.2206     
                2.184E-03        -65.1557     
                2.1853E-03       -56.8694     
                2.1866E-03       -54.3545     
                2.1879E-03       -52.6558     
                2.1892E-03       -51.4038     
                2.1905E-03       -44.2043     
                2.1918E-03       -47.7706     
                2.1931E-03       -45.275      
                2.1944E-03       -43.6251     
                2.1957E-03       -39.4182     
                2.197E-03        -36.4801     
                2.1983E-03       -35.4111     
                2.1996E-03       -31.8655     
                2.2009E-03       -30.446      
                2.2022E-03       -23.1285     
                2.2035E-03       -36.3457     
                2.2048E-03       -23.4789     
                2.2061E-03       -29.9127     
                2.2074E-03       -28.4323     
                2.2087E-03       -19.2512     
                2.21E-03         -33.1618     
                2.2113E-03       -28.9969     
                2.2126E-03       -27.9375     
                2.2139E-03       -25.1616     
                2.2152E-03       -24.8922     
                2.2165E-03       -12.9988     
                2.2178E-03       -26.9121     
                2.2191E-03       -23.6727     
                2.2204E-03       -23.8833     
                2.2217E-03       -24.2239     
                2.223E-03        -23.1367     
                2.2243E-03       -15.0438     
                2.2256E-03       -17.5994     
                2.2269E-03       -16.1297     
                2.2282E-03       -15.3033     
                2.2295E-03       -14.9978     
                2.2308E-03       -41.2471     
                2.2321E-03       -14.6131     
                2.2334E-03        -6.70226    
                2.2347E-03       -10.2032     
                2.236E-03         -4.25175E-03
                2.2373E-03       195.757E-06  
                2.2386E-03       -20.7578     
                2.2399E-03       -41.1771     
                2.2412E-03       -45.7079     
                2.2425E-03       -43.7418     
                2.2438E-03       -43.8146     
                2.2451E-03       -34.6549     
                2.2464E-03       -37.3176     
                2.2477E-03       -34.6648     
                2.249E-03        -36.8308     
                2.2503E-03       -37.5181     
                2.2516E-03       -28.8678     
                2.2529E-03       -29.8285     
                2.2542E-03       -11.618      
                2.2555E-03       -32.2799     
                2.2568E-03       -30.385      
                2.2581E-03       -32.5574     
                2.2594E-03       -30.0294     
                2.2607E-03       -29.8251     
                2.262E-03        -26.8867     
                2.2633E-03       -27.3026     
                2.2646E-03       -25.2174     
                2.2659E-03       -23.8371     
                2.2672E-03       -23.5791     
                2.2685E-03       -23.0196     
                2.2698E-03       -25.1936     
                2.2711E-03       -23.0266     
                2.2724E-03       -23.4424     
                2.2737E-03       -23.2125     
                2.275E-03        -23.4696     
                2.2763E-03       -20.2169     
                2.2776E-03       -19.6142     
                2.2789E-03       -18.6963     
                2.2802E-03       -18.6226     
                2.2815E-03       -17.9516     
                2.2828E-03       -17.4673     
                2.2841E-03       -19.0969     
                2.2854E-03       -19.7175     
                2.2867E-03       -18.8373     
                2.288E-03        -18.0145     
                2.2893E-03       -13.4348     
                2.2906E-03       -15.5152     
                2.2919E-03       -14.9069     
                2.2932E-03       -14.0457     
                2.2945E-03       -14.1744     
                2.2958E-03       -12.3856     
                2.2971E-03       -11.5082     
                2.2984E-03       -10.9906     
                2.2997E-03       -10.7707     
                2.301E-03         -9.94579    
                2.3023E-03        -9.4949     
                2.3036E-03        -8.1128     
                2.3049E-03        -8.26551    
                2.3062E-03        -7.7423     
                2.3075E-03        -7.00881    
                2.3088E-03        -7.16775    
                2.3101E-03        -2.27132    
                2.3114E-03        -2.97968    
                2.3127E-03        -1.83621    
                2.314E-03         -3.29262E-03
                2.3153E-03       -16.4142     
                2.3166E-03       -33.5232     
                2.3179E-03       -44.4822     
                2.3192E-03       -48.0185     
                2.3205E-03       -46.6252     
                2.3218E-03       -46.9319     
                2.3231E-03       -49.0889     
                2.3244E-03       -49.4236     
                2.3257E-03       -50.1134     
                2.327E-03        -52.9163     
                2.3283E-03       -53.9768     
                2.3296E-03       -54.5441     
                2.3309E-03       -54.4822     
                2.3322E-03       -57.2914     
                2.3335E-03       -55.6917     
                2.3348E-03       -56.4662     
                2.3361E-03       -58.7042     
                2.3374E-03       -57.7542     
                2.3387E-03       -58.9701     
                2.34E-03         -61.2537     
                2.3413E-03       -64.8184     
                2.3426E-03       -62.0689     
                2.3439E-03       -65.6142     
                2.3452E-03       -69.2089     
                2.3465E-03       -70.4259     
                2.3478E-03       -63.2994     
                2.3491E-03       -69.1188     
                2.3504E-03       -68.9495     
                2.3517E-03       -70.2438     
                2.353E-03        -71.495      
                2.3543E-03       -73.0563     
                2.3556E-03       -73.2789     
                2.3569E-03       -76.0637     
                2.3582E-03       -74.6513     
                2.3595E-03       -76.4206     
                2.3608E-03       -77.5993     
                2.3621E-03       -78.5305     
                2.3634E-03       -80.3265     
                2.3647E-03       -76.8936     
                2.366E-03        -77.5568     
                2.3673E-03       -78.0987     
                2.3686E-03       -39.8597     
                2.3699E-03       -66.7295     
                2.3712E-03       -74.3414     
                2.3725E-03       -83.1039     
                2.3738E-03       -86.0063     
                2.3751E-03       -81.3284     
                2.3764E-03       -61.2501     
                2.3777E-03       -69.4021     
                2.379E-03        -67.4353     
                2.3803E-03       -65.2093     
                2.3816E-03       -24.7658     
                2.3829E-03       -32.996      
                2.3842E-03       -31.3739     
                2.3855E-03       -32.1185     
                2.3868E-03       -28.688      
                2.3881E-03       -30.577      
                2.3894E-03       -29.9483     
                2.3907E-03       -30.3562     
                2.392E-03        -30.5076     
                2.3933E-03       -35.3103     
                2.3946E-03       -33.9971     
                2.3959E-03       -39.1124     
                2.3972E-03       -35.2617     
                2.3985E-03       -35.6697     
                2.3998E-03       -38.0696     
                2.4011E-03       -35.1262     
                2.4024E-03       -37.0152     
                2.4037E-03       -36.1272     
                2.405E-03        -34.9375     
                2.4063E-03       -34.6973     
                2.4076E-03       -32.2046     
                2.4089E-03       -33.6088     
                2.4102E-03       -32.6597     
                2.4115E-03       -31.5251     
                2.4128E-03       -30.4731     
                2.4141E-03       -31.0602     
                2.4154E-03       -31.5252     
                2.4167E-03       -30.991      
                2.418E-03        -29.618      
                2.4193E-03       -27.1726     
                2.4206E-03       -28.5727     
                2.4219E-03       -27.7469     
                2.4232E-03       -28.0455     
                2.4245E-03       -27.4284     
                2.4258E-03       -27.5678     
                2.4271E-03       -22.6064     
                2.4284E-03       -25.332      
                2.4297E-03       -26.5257     
                2.431E-03        -24.9312     
                2.4323E-03       -24.6136     
                2.4336E-03       -15.5179     
                2.4349E-03       -26.9666     
                2.4362E-03       -30.169      
                2.4375E-03       -24.9787     
                2.4388E-03       -22.7257     
                2.4401E-03       -22.1866     
                2.4414E-03       -21.5115     
                2.4427E-03       -21.4983     
                2.444E-03        -22.365      
                2.4453E-03       -17.8457     
                2.4466E-03       -16.1193     
                2.4479E-03       -16.3325     
                2.4492E-03       -15.8874     
                2.4505E-03       -15.6779     
                2.4518E-03       -15.9538     
                2.4531E-03       -10.8391     
                2.4544E-03       -11.0598     
                2.4557E-03       210.643E-06  
                2.457E-03        -10.1329     
                2.4583E-03       -11.2769     
                2.4596E-03       -11.9959     
                2.4609E-03       -12.526      
                2.4622E-03       -12.0167     
                2.4635E-03       -10.5604     
                2.4648E-03        -8.74913    
                2.4661E-03        -8.6716     
                2.4674E-03        -7.28117    
                2.4687E-03        -8.30778    
                2.47E-03          -8.26616    
                2.4713E-03        -8.1347     
                2.4726E-03        -7.554      
                2.4739E-03        -6.60545    
                2.4752E-03        -5.80892    
                2.4765E-03        -3.36778    
                2.4778E-03        -2.82003    
                2.4791E-03        -1.68053    
                2.4804E-03        -1.7185     
                2.4817E-03      -706.3E-03    
                2.483E-03       -764.798E-03  
                2.4843E-03      -320.307E-03  
                2.4856E-03       -28.1495     
                2.4869E-03       -42.4938     
                2.4882E-03       -51.6207     
                2.4895E-03       -49.9238     
                2.4908E-03       -53.6552     
                2.4921E-03       -39.3785     
                2.4934E-03       -45.3689     
                2.4947E-03       -43.2976     
                2.496E-03        -50.4487     
                2.4973E-03       -52.9208     
                2.4986E-03       -50.8368     
                2.4999E-03       -55.5431     
                2.5012E-03       -60.6893     
                2.5025E-03       -56.9405     
                2.5038E-03       -60.7317     
                2.5051E-03       -57.9555     
                2.5064E-03       -58.4135     
                2.5077E-03       -74.9494     
                2.509E-03        -82.85       
                2.5103E-03       -78.2745     
                2.5116E-03       -55.314      
                2.5129E-03       -73.0394     
                2.5142E-03       -68.0784     
                2.5155E-03        -2.73263E-03
                2.5168E-03       -36.7523     
                2.5181E-03       -39.4192     
                2.5194E-03       -40.4449     
                2.5207E-03       -46.1997     
                2.522E-03        -51.9528     
                2.5233E-03       -49.5962     
                2.5246E-03       -48.9032     
                2.5259E-03       -35.339      
                2.5272E-03       -35.2964     
                2.5285E-03       -31.4523     
                2.5298E-03       -23.763      
                2.5311E-03       -20.0128     
                2.5324E-03       -17.0166     
                2.5337E-03        -3.32616    
                2.535E-03         -4.64802    
                2.5363E-03        -5.55194    
                2.5376E-03        -6.19781    
                2.5389E-03        -7.54865    
                2.5402E-03        -8.36362    
                2.5415E-03        -9.3849     
                2.5428E-03        -8.62792    
                2.5441E-03        -9.33478    
                2.5454E-03       -10.784      
                2.5467E-03        -8.0764     
                2.548E-03        -10.3719     
                2.5493E-03       -10.8752     
                2.5506E-03       -10.9438     
                2.5519E-03       -11.9605     
                2.5532E-03       -12.9536     
                2.5545E-03        -9.84536    
                2.5558E-03       -13.6308     
                2.5571E-03       -13.957      
                2.5584E-03       -15.0692     
                2.5597E-03        -4.05136    
                2.561E-03        -13.9746E-03 
                2.5623E-03       -24.4924     
                2.5636E-03       -27.6429     
                2.5649E-03       -29.7538     
                2.5662E-03       -28.0508     
                2.5675E-03       -33.5785     
                2.5688E-03       -16.194      
                2.5701E-03       -21.0536     
                2.5714E-03       -33.6863     
                2.5727E-03       -12.6692     
                2.574E-03        -28.9492     
                2.5753E-03       -33.9237     
                2.5766E-03       -40.7961     
                2.5779E-03       -34.2063     
                2.5792E-03       -35.4456     
                2.5805E-03       -36.1791     
                2.5818E-03       -19.8784     
                2.5831E-03       -31.9188     
                2.5844E-03       -31.186      
                2.5857E-03       -28.4023     
                2.587E-03        -24.6462     
                2.5883E-03       -33.1782     
                2.5896E-03       -29.3983     
                2.5909E-03       -25.4805     
                2.5922E-03       -28.14       
                2.5935E-03       -25.4847     
                2.5948E-03       -24.3023     
                2.5961E-03       -23.4549     
                2.5974E-03       192.642E-06  
                2.5987E-03         9.16301E-03
                2.6E-03           -8.96211    




