
                  X               _temp_3     

                0.              -505.149E-06  
                1.30114E-06     -480.13       
                2.60056E-06      254.431      
                3.90174E-06      276.753      
                5.20116E-06     -394.66       
                6.50054E-06     -195.481      
                7.80173E-06      228.696      
                9.10132E-06     -203.803      
               10.4009E-06      -331.363      
               11.7005E-06       104.86       
               13.0001E-06       -48.8698     
               14.3014E-06      -329.782      
               15.601E-06        -46.2492     
               16.9006E-06        -4.30408    
               18.2002E-06      -324.896      
               19.5015E-06      -178.906      
               20.8011E-06         5.80598    
               22.1007E-06      -298.012      
               23.4003E-06      -327.714      
               24.7016E-06       -35.9145     
               26.0012E-06      -203.519      
               27.3008E-06      -423.566      
               28.6003E-06      -152.869      
               29.9017E-06       -95.6437     
               31.2017E-06      -395.055      
               32.5002E-06      -310.434      
               33.8012E-06       -81.5084     
               35.1004E-06      -272.924      
               36.4013E-06      -395.276      
               37.7005E-06      -164.583      
               39.0014E-06      -166.419      
               40.3006E-06      -351.873      
               41.6016E-06      -247.25       
               42.9008E-06      -133.306      
               44.2017E-06      -268.542      
               45.5009E-06      -277.939      
               46.8001E-06      -149.83       
               48.101E-06       -217.776      
               49.4002E-06      -285.293      
               50.7012E-06      -179.134      
               52.0004E-06      -186.092      
               53.3013E-06      -289.563      
               54.6005E-06      -218.32       
               55.9015E-06      -164.355      
               57.2006E-06      -275.512      
               58.5016E-06      -277.993      
               59.8008E-06      -166.164      
               61.1017E-06      -238.012      
               62.4009E-06      -317.027      
               63.7001E-06      -229.713      
               65.0011E-06      -216.066      
               66.3002E-06      -322.218      
               67.6E-06         -250.933      
               68.9009E-06      -172.375      
               70.2001E-06      -267.766      
               71.5011E-06      -310.755      
               72.8003E-06      -259.12       
               74.1012E-06      -259.577      
               75.4004E-06      -324.249      
               76.7014E-06      -293.427      
               78.0006E-06      -265.988      
               79.3015E-06      -309.836      
               80.6007E-06      -308.419      
               81.9016E-06      -271.391      
               83.2006E-06      -279.253      
               84.5004E-06      -306.135      
               85.801E-06       -262.469      
               87.1006E-06      -257.707      
               88.4E-06         -309.294      
               89.7001E-06      -274.927      
               91.0004E-06      -263.043      
               92.3003E-06      -296.897      
               93.6015E-06      -235.713      
               94.9005E-06      -207.351      
               96.2016E-06      -268.226      
               97.5014E-06      -292.538      
               98.8001E-06      -254.769      
              100.101E-06       -255.828      
              101.401E-06       -241.009      
              102.702E-06       -241.516      
              104.001E-06       -258.242      
              105.301E-06       -219.687      
              106.601E-06       -260.889      
              107.902E-06       -269.808      
              109.201E-06       -268.004      
              110.502E-06       -295.997      
              111.8E-06         -271.923      
              113.101E-06       -283.316      
              114.4E-06         -292.35       
              115.701E-06       -304.643      
              117.E-06          -308.287      
              118.301E-06       -313.998      
              119.6E-06         -261.224      
              120.901E-06       -267.367      
              122.201E-06       -297.924      
              123.501E-06       -318.312      
              124.8E-06         -280.497      
              126.101E-06       -285.054      
              127.401E-06       -313.206      
              128.7E-06         -303.118      
              130.001E-06       -193.001      
              131.301E-06       -297.1        
              132.601E-06       -298.922      
              133.902E-06       -298.441      
              135.201E-06       -296.808      
              136.5E-06         -309.435      
              137.801E-06       -305.63       
              139.1E-06         -301.517      
              140.401E-06       -315.721      
              141.7E-06         -317.126      
              143.001E-06       -253.903      
              144.3E-06         -292.831      
              145.601E-06       -308.977      
              146.901E-06       -321.734      
              148.202E-06       -322.378      
              149.501E-06       -319.21       
              150.802E-06       -251.114      
              152.101E-06       -290.218      
              153.4E-06         -309.473      
              154.701E-06       -311.115      
              156.E-06          -279.238      
              157.301E-06       -320.644      
              158.602E-06       -306.991      
              159.901E-06       -310.868      
              161.2E-06         -297.521      
              162.501E-06       -313.735      
              163.8E-06         -312.117      
              165.101E-06       -285.052      
              166.4E-06         -276.675      
              167.701E-06       -274.731      
              169.001E-06       -306.609      
              170.3E-06         -302.604      
              171.601E-06       -315.852      
              172.9E-06         -272.262      
              174.201E-06       -305.367      
              175.5E-06         -308.445      
              176.801E-06       -303.245      
              178.1E-06         -270.722      
              179.4E-06         -237.648      
              180.701E-06       -268.143      
              182.E-06          -299.556      
              183.3E-06         -301.769      
              184.601E-06       -303.384      
              185.901E-06       -228.776      
              187.201E-06       -274.03       
              188.5E-06         -290.29       
              189.801E-06       -276.639      
              191.1E-06         -295.144      
              192.401E-06       -320.752      
              193.701E-06       -327.838      
              195.001E-06       -308.704      
              196.3E-06         -267.827      
              197.6E-06         -307.175      
              198.901E-06       -282.465      
              200.201E-06       -317.915      
              201.501E-06       -335.739      
              202.801E-06       -328.681      
              204.101E-06       -266.934      
              205.401E-06       -293.899      
              206.701E-06       -321.368      
              208.001E-06       -329.744      
              209.3E-06         -331.634      
              210.601E-06       -317.204      
              211.9E-06         -281.815      
              213.2E-06         -286.398      
              214.5E-06         -300.371      
              215.801E-06       -329.074      
              217.1E-06         -322.352      
              218.401E-06       -324.969      
              219.7E-06         -269.315      
              221.E-06          -227.443      
              222.301E-06       -261.114      
              223.6E-06         -284.684      
              224.9E-06         -313.459      
              226.201E-06       -319.907      
              227.501E-06       -294.843      
              228.801E-06       -332.69       
              230.101E-06       -315.807      
              231.4E-06         -256.162      
              232.7E-06         -284.829      
              234.001E-06       -306.801      
              235.301E-06       -320.54       
              236.6E-06         -323.756      
              237.901E-06       -318.659      
              239.201E-06       -327.789      
              240.5E-06         -193.052      
              241.801E-06       -244.573      
              243.101E-06       -247.923      
              244.4E-06         -256.217      
              245.701E-06       -243.93       
              247.001E-06       -292.075      
              248.3E-06         -299.815      
              249.601E-06       -301.775      
              250.901E-06       -313.901      
              252.201E-06       -306.65       
              253.501E-06       -261.455      
              254.801E-06       -319.359      
              256.1E-06         -313.919      
              257.401E-06       -291.249      
              258.7E-06         -304.806      
              260.001E-06       -301.586      
              261.3E-06         -298.477      
              262.601E-06       -277.167      
              263.901E-06       -295.524      
              265.201E-06       -295.352      
              266.5E-06         -298.626      
              267.8E-06         -291.253      
              269.1E-06         -296.171      
              270.401E-06       -302.438      
              271.701E-06       -301.242      
              273.001E-06       -295.592      
              274.301E-06       -298.717      
              275.601E-06       -251.266      
              276.901E-06       -279.667      
              278.202E-06       -168.204      
              279.5E-06         -316.858      
              280.801E-06       -259.548      
              282.101E-06       -300.973      
              283.4E-06         -293.134      
              284.701E-06       -297.967      
              286.001E-06       -294.594      
              287.301E-06       -294.51       
              288.6E-06         -252.248      
              289.9E-06         -292.096      
              291.202E-06       -253.789      
              292.501E-06       -211.663      
              293.8E-06         -253.639      
              295.102E-06       -163.387      
              296.4E-06         -211.308      
              297.701E-06       -211.325      
              299.E-06          -255.297      
              300.301E-06       -281.44       
              301.601E-06       -291.208      
              302.901E-06       -295.467      
              304.2E-06         -267.516      
              305.501E-06       -275.228      
              306.8E-06         -273.383      
              308.101E-06       -173.825      
              309.402E-06       -262.242      
              310.701E-06       -295.1        
              312.001E-06       -286.167      
              313.301E-06       -281.114      
              314.6E-06         -296.941      
              315.901E-06       -269.069      
              317.202E-06       -285.903      
              318.501E-06       -250.681      
              319.801E-06       -270.178      
              321.101E-06       -230.824      
              322.4E-06         -256.919      
              323.701E-06       -309.554      
              325.001E-06       -289.197      
              326.3E-06         -295.663      
              327.601E-06       -293.98       
              328.9E-06         -311.753      
              330.201E-06       -298.027      
              331.502E-06       -159.625      
              332.801E-06       -282.229      
              334.101E-06       -222.069      
              335.4E-06         -225.334      
              336.701E-06       -261.285      
              338.E-06          -280.887      
              339.301E-06       -319.743      
              340.6E-06         -300.267      
              341.901E-06       -299.543      
              343.201E-06       -288.401      
              344.502E-06       -283.144      
              345.801E-06       -280.827      
              347.102E-06       -287.164      
              348.401E-06       -290.704      
              349.7E-06         -308.872      
              351.001E-06       -265.532      
              352.3E-06         -276.842      
              353.601E-06       -289.465      
              354.9E-06         -209.475      
              356.201E-06       -282.718      
              357.501E-06       -296.372      
              358.801E-06       -262.707      
              360.101E-06       -252.161      
              361.402E-06       -294.23       
              362.701E-06       -238.599      
              364.001E-06       -292.86       
              365.301E-06       -213.843      
              366.6E-06         -307.933      
              367.901E-06       -287.705      
              369.2E-06         -292.445      
              370.501E-06       -328.387      
              371.801E-06       -277.274      
              373.102E-06       -253.311      
              374.401E-06       -197.779      
              375.7E-06         -265.448      
              377.001E-06       -256.819      
              378.3E-06         -287.107      
              379.601E-06       -281.932      
              380.9E-06         -255.409      
              382.201E-06       -243.724      
              383.5E-06         -209.215      
              384.801E-06       -262.381      
              386.101E-06       -279.567      
              387.402E-06       -286.625      
              388.701E-06       -242.092      
              390.001E-06       -262.056      
              391.302E-06       -246.076      
              392.601E-06       -267.327      
              393.901E-06       -249.271      
              395.202E-06       -263.988      
              396.501E-06       -271.475      
              397.8E-06         -318.823      
              399.101E-06       -218.197      
              400.4E-06         -283.495      
              401.7E-06         -276.273      
              403.001E-06       -301.636      
              404.3E-06         -281.739      
              405.601E-06       -238.241      
              406.9E-06         -208.747      
              408.201E-06       -239.17       
              409.501E-06       -238.956      
              410.801E-06       -310.108      
              412.101E-06       -258.545      
              413.402E-06       -304.207      
              414.701E-06       -293.749      
              416.002E-06       -289.465      
              417.301E-06       -274.841      
              418.6E-06         -248.022      
              419.901E-06       -238.792      
              421.2E-06         -297.018      
              422.501E-06       -220.553      
              423.8E-06         -233.327      
              425.101E-06       -273.389      
              426.401E-06       -279.168      
              427.701E-06       -214.754      
              429.001E-06       -242.126      
              430.302E-06       -227.62       
              431.601E-06       -306.796      
              432.902E-06       -287.537      
              434.201E-06       -287.638      
              435.5E-06         -300.7        
              436.801E-06       -303.393      
              438.1E-06         -285.463      
              439.401E-06       -288.973      
              440.7E-06         -278.728      
              442.001E-06       -275.489      
              443.301E-06       -294.336      
              444.601E-06       -301.058      
              445.901E-06       -243.448      
              447.202E-06       -252.913      
              448.501E-06       -274.387      
              449.8E-06         -276.634      
              451.101E-06       -279.585      
              452.4E-06         -284.746      
              453.701E-06       -259.726      
              455.E-06          -277.066      
              456.301E-06       -263.246      
              457.6E-06         -267.129      
              458.901E-06       -274.642      
              460.201E-06       -282.531      
              461.501E-06       -326.377      
              462.801E-06       -296.033      
              464.102E-06       -297.666      
              465.401E-06       -291.595      
              466.7E-06         -283.369      
              468.001E-06       -275.625      
              469.3E-06         -298.299      
              470.601E-06       -299.049      
              471.9E-06         -283.58       
              473.201E-06       -266.809      
              474.5E-06         -197.836      
              475.801E-06       -315.005      
              477.101E-06       -198.161      
              478.402E-06       -288.216      
              479.701E-06       -255.395      
              481.E-06          -287.962      
              482.301E-06       -276.52       
              483.6E-06         -290.962      
              484.901E-06       -290.164      
              486.2E-06         -260.356      
              487.501E-06       -286.462      
              488.8E-06         -279.873      
              490.101E-06       -281.977      
              491.401E-06       -277.841      
              492.702E-06       -275.83       
              494.001E-06       -269.232      
              495.302E-06       -292.618      
              496.601E-06       -290.347      
              497.9E-06         -293.307      
              499.201E-06       -283.97       
              500.5E-06         -240.695      
              501.801E-06       -265.596      
              503.1E-06         -297.231      
              504.401E-06       -310.774      
              505.7E-06         -306.169      
              507.001E-06       -290.013      
              508.301E-06       -296.205      
              509.602E-06       -294.261      
              510.901E-06       -305.932      
              512.202E-06       -279.971      
              513.501E-06       -301.446      
              514.8E-06         -305.741      
              516.101E-06       -318.491      
              517.4E-06         -296.253      
              518.701E-06       -283.787      
              520.E-06          -286.528      
              521.301E-06       -314.505      
              522.6E-06         -313.197      
              523.901E-06       -315.217      
              525.201E-06       -310.953      
              526.502E-06       -302.571      
              527.801E-06       -321.86       
              529.102E-06       -252.921      
              530.401E-06       -307.734      
              531.7E-06         -285.766      
              533.001E-06       -325.075      
              534.3E-06         -280.537      
              535.601E-06       -251.722      
              536.9E-06         -286.49       
              538.201E-06       -235.65       
              539.5E-06         -206.759      
              540.801E-06       -294.565      
              542.101E-06       -274.337      
              543.402E-06       -316.345      
              544.701E-06       -254.564      
              546.002E-06       -305.016      
              547.301E-06       -293.713      
              548.6E-06         -307.646      
              549.901E-06       -301.678      
              551.2E-06         -173.708      
              552.501E-06       -159.196      
              553.8E-06         -167.255      
              555.101E-06       -247.789      
              556.4E-06         -269.202      
              557.701E-06       -276.757      
              559.E-06          -304.417      
              560.301E-06       -298.739      
              561.601E-06       -305.303      
              562.902E-06       -271.421      
              564.201E-06       -307.81       
              565.502E-06       -222.742      
              566.801E-06       -276.289      
              568.1E-06         -269.505      
              569.401E-06       -315.912      
              570.7E-06         -278.833      
              572.001E-06       -316.615      
              573.3E-06         -296.185      
              574.601E-06       -314.078      
              575.901E-06       -256.892      
              577.201E-06       -275.429      
              578.501E-06       -257.256      
              579.802E-06       -292.359      
              581.101E-06       -309.13       
              582.402E-06       -196.591      
              583.701E-06       -292.077      
              585.E-06          -279.794      
              586.301E-06       -313.054      
              587.6E-06         -247.738      
              588.901E-06       -259.626      
              590.2E-06         -244.487      
              591.501E-06       -293.872      
              592.8E-06         -285.221      
              594.101E-06       -300.763      
              595.401E-06       -299.16       
              596.702E-06       -303.258      
              598.001E-06       -284.162      
              599.302E-06       -268.451      
              600.601E-06       -295.038      
              601.9E-06         -278.46       
              603.201E-06       -290.284      
              604.5E-06         -297.215      
              605.801E-06       -286.11       
              607.1E-06         -298.196      
              608.401E-06       -287.621      
              609.701E-06       -298.018      
              611.001E-06       -285.669      
              612.301E-06       -283.016      
              613.602E-06       -314.193      
              614.901E-06       -277.116      
              616.2E-06         -305.194      
              617.501E-06       -273.264      
              618.8E-06         -109.509      
              620.101E-06       -233.467      
              621.402E-06       -269.828      
              622.701E-06       -289.958      
              624.E-06          -269.742      
              625.301E-06       -282.103      
              626.601E-06       -299.161      
              627.901E-06       -297.068      
              629.201E-06       -262.376      
              630.502E-06       -286.346      
              631.801E-06       -296.805      
              633.1E-06         -288.063      
              634.401E-06       -315.308      
              635.7E-06         -258.178      
              637.001E-06       -300.335      
              638.3E-06         -289.49       
              639.601E-06       -276.028      
              640.9E-06         -273.87       
              642.201E-06       -139.229      
              643.501E-06       -214.985      
              644.8E-06         -229.237      
              646.101E-06       -262.145      
              647.4E-06         -261.47       
              648.701E-06       -280.33       
              650.E-06          -292.841      
              651.301E-06       -293.186      
              652.6E-06         -281.745      
              653.901E-06       -302.562      
              655.201E-06       -304.738      
              656.502E-06       -254.257      
              657.801E-06       -285.301      
              659.102E-06       -222.613      
              660.401E-06       -308.733      
              661.7E-06         -312.928      
              663.001E-06       -253.559      
              664.3E-06         -315.421      
              665.601E-06       -280.885      
              666.9E-06         -315.072      
              668.201E-06       -250.453      
              669.5E-06         -292.276      
              670.801E-06       -257.403      
              672.101E-06       -308.648      
              673.402E-06       -296.179      
              674.701E-06       -256.425      
              676.002E-06       -291.254      
              677.301E-06       -297.669      
              678.6E-06         -309.377      
              679.901E-06       -295.161      
              681.2E-06         -208.636      
              682.501E-06       -222.284      
              683.8E-06         -283.729      
              685.101E-06       -286.645      
              686.401E-06       -229.442      
              687.701E-06       -287.168      
              689.001E-06       -286.803      
              690.302E-06       -296.99       
              691.601E-06       -269.857      
              692.9E-06         -296.772      
              694.201E-06       -297.767      
              695.5E-06         -315.944      
              696.801E-06       -187.581      
              698.1E-06         -198.163      
              699.401E-06       -219.891      
              700.701E-06       -264.954      
              702.E-06          -277.375      
              703.301E-06       -269.54       
              704.6E-06         -255.886      
              705.901E-06       -297.274      
              707.2E-06         -308.677      
              708.501E-06       -288.621      
              709.8E-06         -267.346      
              711.101E-06       -242.586      
              712.401E-06       -283.172      
              713.702E-06       -274.484      
              715.001E-06       -313.385      
              716.302E-06       -281.932      
              717.601E-06       -255.892      
              718.9E-06         -253.141      
              720.201E-06       -282.383      
              721.5E-06         -341.124      
              722.801E-06       -219.904      
              724.1E-06         -259.636      
              725.401E-06       -232.678      
              726.701E-06       -310.561      
              728.001E-06       -265.453      
              729.301E-06       -270.777      
              730.602E-06       -276.539      
              731.901E-06       -279.739      
              733.202E-06       -299.613      
              734.501E-06       -264.923      
              735.8E-06         -268.601      
              737.101E-06       -294.029      
              738.4E-06         -260.082      
              739.701E-06       -287.993      
              741.E-06          -262.428      
              742.301E-06       -264.279      
              743.6E-06         -309.574      
              744.901E-06       -285.097      
              746.201E-06       -259.739      
              747.502E-06       -232.167      
              748.8E-06         -254.423      
              750.101E-06       -263.979      
              751.4E-06         -243.178      
              752.701E-06       -264.952      
              754.E-06          -272.068      
              755.301E-06       -246.423      
              756.6E-06         -291.841      
              757.901E-06       -176.723      
              759.201E-06       -253.739      
              760.502E-06       -194.569      
              761.801E-06       -278.731      
              763.102E-06       -265.367      
              764.401E-06       -176.732      
              765.7E-06         -244.157      
              767.001E-06       -307.867      
              768.3E-06         -200.062      
              769.601E-06       -254.031      
              770.9E-06         -236.271      
              772.201E-06       -238.928      
              773.5E-06         -296.973      
              774.801E-06       -294.152      
              776.101E-06       -260.813      
              777.402E-06       -263.861      
              778.701E-06       -267.22       
              780.002E-06       -280.139      
              781.301E-06       -256.297      
              782.6E-06         -209.519      
              783.901E-06       -270.201      
              785.2E-06         -279.823      
              786.501E-06       -270.7        
              787.8E-06         -281.825      
              789.101E-06       -293.934      
              790.401E-06       -277.852      
              791.701E-06       -285.521      
              793.001E-06       -295.789      
              794.302E-06       -280.062      
              795.601E-06       -295.626      
              796.902E-06       -290.267      
              798.201E-06       -284.235      
              799.501E-06       -283.8        
              800.8E-06         -232.644      
              802.101E-06       -289.922      
              803.401E-06       -278.189      
              804.701E-06       -282.338      
              806.001E-06       -300.727      
              807.302E-06       -282.876      
              808.601E-06       -294.958      
              809.9E-06         -286.668      
              811.201E-06       -270.299      
              812.5E-06         -276.123      
              813.801E-06       -264.43       
              815.1E-06         -245.98       
              816.401E-06       -237.36       
              817.7E-06         -290.633      
              819.001E-06       -287.584      
              820.3E-06         -301.346      
              821.601E-06       -215.622      
              822.901E-06       -282.44       
              824.201E-06       -301.093      
              825.502E-06       -279.169      
              826.8E-06         -300.926      
              828.101E-06       -177.481      
              829.402E-06       -227.814      
              830.701E-06       -279.581      
              832.002E-06       -282.79       
              833.301E-06       -264.545      
              834.6E-06         -309.071      
              835.901E-06       -315.326      
              837.201E-06       -244.848      
              838.501E-06       -286.56       
              839.801E-06       -272.791      
              841.102E-06       -237.374      
              842.401E-06       -343.402      
              843.702E-06       -270.339      
              845.001E-06       -236.82       
              846.3E-06         -278.746      
              847.601E-06       -220.146      
              848.9E-06         -300.558      
              850.201E-06       -281.405      
              851.5E-06         -289.975      
              852.801E-06       -237.9        
              854.101E-06       -283.819      
              855.401E-06       -279.615      
              856.701E-06       -291.871      
              858.002E-06       -302.154      
              859.3E-06         -210.83       
              860.601E-06       -260.066      
              861.9E-06         -235.71       
              863.201E-06       -288.411      
              864.5E-06         -273.452      
              865.801E-06       -270.957      
              867.1E-06         -281.741      
              868.401E-06       -295.17       
              869.7E-06         -297.688      
              871.001E-06       -284.483      
              872.301E-06       -283.876      
              873.602E-06       -295.076      
              874.901E-06       -292.992      
              876.202E-06       -302.342      
              877.501E-06       -259.544      
              878.8E-06         -263.063      
              880.101E-06       -252.667      
              881.4E-06         -294.586      
              882.701E-06       -275.029      
              884.E-06          -299.397      
              885.301E-06       -309.218      
              886.6E-06         -177.234      
              887.901E-06       -311.245      
              889.201E-06       -230.454      
              890.502E-06       -303.715      
              891.801E-06       -272.194      
              893.102E-06       -210.591      
              894.401E-06       -222.155      
              895.7E-06         -257.363      
              897.001E-06       -267.201      
              898.3E-06         -272.033      
              899.601E-06       -279.433      
              900.9E-06         -271.312      
              902.201E-06       -275.094      
              903.5E-06         -242.488      
              904.801E-06       -302.26       
              906.101E-06       -265.016      
              907.401E-06       -287.445      
              908.701E-06       -276.318      
              910.E-06          -268.349      
              911.301E-06       -258.239      
              912.601E-06       -298.296      
              913.9E-06         -286.957      
              915.201E-06       -290.819      
              916.5E-06         -247.706      
              917.801E-06       -285.605      
              919.101E-06       -151.769      
              920.402E-06       -282.977      
              921.701E-06       -268.061      
              923.E-06          -286.221      
              924.301E-06       -300.107      
              925.6E-06         -269.799      
              926.901E-06       -297.467      
              928.2E-06         -274.784      
              929.501E-06       -265.283      
              930.8E-06         -288.246      
              932.101E-06       -221.321      
              933.4E-06         -273.185      
              934.701E-06       -255.265      
              936.001E-06       -286.98       
              937.302E-06       -281.705      
              938.601E-06       -250.685      
              939.902E-06       -271.739      
              941.201E-06       -290.864      
              942.502E-06       -269.241      
              943.801E-06       -285.209      
              945.1E-06         -276.575      
              946.401E-06       -216.284      
              947.7E-06         -263.131      
              949.001E-06       -292.797      
              950.3E-06         -315.523      
              951.601E-06       -191.166      
              952.9E-06         -301.436      
              954.201E-06       -266.667      
              955.501E-06       -277.814      
              956.801E-06       -243.846      
              958.101E-06       -321.286      
              959.402E-06       -248.075      
              960.701E-06       -239.259      
              962.E-06          -259.217      
              963.301E-06       -276.606      
              964.6E-06         -270.405      
              965.901E-06       -297.401      
              967.2E-06         -304.976      
              968.501E-06       -284.61       
              969.8E-06         -255.371      
              971.101E-06       -287.028      
              972.401E-06       -267.078      
              973.701E-06       -294.053      
              975.001E-06       -280.26       
              976.302E-06       -215.034      
              977.601E-06       -266.166      
              978.9E-06         -251.767      
              980.201E-06       -276.007      
              981.5E-06         -257.168      
              982.801E-06       -293.298      
              984.1E-06         -323.451      
              985.401E-06       -246.051      
              986.7E-06         -286.762      
              988.001E-06       -282.78       
              989.301E-06       -288.036      
              990.602E-06       -259.132      
              991.901E-06       -280.502      
              993.202E-06       -132.993      
              994.501E-06       -163.82       
              995.801E-06       -168.178      
              997.1E-06         -139.67       
              998.401E-06       -168.448      
              999.7E-06         -205.752      
                1.001E-03       -203.895      
                1.0023E-03      -253.664      
                1.0036E-03      -102.868      
                1.0049E-03      -216.321      
                1.0062E-03      -177.274      
                1.0075E-03      -277.624      
                1.0088E-03      -230.723      
                1.0101E-03      -296.735      
                1.0114E-03      -267.152      
                1.0127E-03      -165.005      
                1.014E-03       -233.724      
                1.0153E-03      -282.026      
                1.0166E-03      -203.397      
                1.0179E-03      -274.288      
                1.0192E-03      -256.097      
                1.0205E-03      -250.846      
                1.0218E-03      -249.1        
                1.0231E-03      -263.387      
                1.0244E-03      -288.022      
                1.0257E-03      -275.271      
                1.027E-03       -267.555      
                1.0283E-03      -281.715      
                1.0296E-03      -278.422      
                1.0309E-03      -287.919      
                1.0322E-03      -267.758      
                1.0335E-03      -300.793      
                1.0348E-03      -261.102      
                1.0361E-03      -244.437      
                1.0374E-03      -224.522      
                1.0387E-03      -267.049      
                1.04E-03        -284.32       
                1.0413E-03      -311.832      
                1.0426E-03      -278.834      
                1.0439E-03      -157.649      
                1.0452E-03      -266.471      
                1.0465E-03      -243.667      
                1.0478E-03      -264.917      
                1.0491E-03      -262.985      
                1.0504E-03      -275.263      
                1.0517E-03      -270.155      
                1.053E-03       -211.946      
                1.0543E-03      -265.372      
                1.0556E-03      -254.976      
                1.0569E-03      -219.129      
                1.0582E-03      -279.872      
                1.0595E-03      -241.576      
                1.0608E-03      -324.307      
                1.0621E-03      -249.109      
                1.0634E-03      -294.827      
                1.0647E-03      -306.56       
                1.066E-03       -242.008      
                1.0673E-03      -254.701      
                1.0686E-03      -283.704      
                1.0699E-03      -272.991      
                1.0712E-03      -304.981      
                1.0725E-03      -265.028      
                1.0738E-03      -274.771      
                1.0751E-03      -302.022      
                1.0764E-03      -294.842      
                1.0777E-03      -287.118      
                1.079E-03       -279.155      
                1.0803E-03      -265.368      
                1.0816E-03      -265.362      
                1.0829E-03      -249.373      
                1.0842E-03      -291.595      
                1.0855E-03      -310.386      
                1.0868E-03      -229.583      
                1.0881E-03      -264.691      
                1.0894E-03      -258.404      
                1.0907E-03      -306.415      
                1.092E-03       -293.988      
                1.0933E-03      -228.153      
                1.0946E-03      -282.667      
                1.0959E-03      -239.026      
                1.0972E-03      -186.045      
                1.0985E-03      -267.023      
                1.0998E-03      -260.982      
                1.1011E-03      -266.206      
                1.1024E-03      -298.777      
                1.1037E-03      -256.271      
                1.105E-03       -293.024      
                1.1063E-03      -263.016      
                1.1076E-03      -274.743      
                1.1089E-03      -281.079      
                1.1102E-03      -298.294      
                1.1115E-03      -286.469      
                1.1128E-03      -240.169      
                1.1141E-03      -276.117      
                1.1154E-03      -305.522      
                1.1167E-03      -132.446      
                1.118E-03       -209.32       
                1.1193E-03      -212.733      
                1.1206E-03      -278.209      
                1.1219E-03      -225.573      
                1.1232E-03      -245.76       
                1.1245E-03      -248.129      
                1.1258E-03      -260.413      
                1.1271E-03       -80.1643     
                1.1284E-03      -189.51       
                1.1297E-03      -166.021      
                1.131E-03       -264.662      
                1.1323E-03      -189.068      
                1.1336E-03      -274.007      
                1.1349E-03      -265.576      
                1.1362E-03      -246.92       
                1.1375E-03      -249.418      
                1.1388E-03      -219.565      
                1.1401E-03      -287.724      
                1.1414E-03      -249.282      
                1.1427E-03      -223.749      
                1.144E-03       -254.37       
                1.1453E-03      -233.835      
                1.1466E-03      -307.819      
                1.1479E-03      -278.392      
                1.1492E-03      -233.795      
                1.1505E-03      -282.972      
                1.1518E-03      -248.145      
                1.1531E-03      -316.457      
                1.1544E-03      -258.094      
                1.1557E-03      -278.645      
                1.157E-03       -278.305      
                1.1583E-03      -272.145      
                1.1596E-03      -255.508      
                1.1609E-03      -305.18       
                1.1622E-03      -277.409      
                1.1635E-03      -301.129      
                1.1648E-03      -290.782      
                1.1661E-03      -240.435      
                1.1674E-03      -312.198      
                1.1687E-03      -303.31       
                1.17E-03        -282.186      
                1.1713E-03      -266.536      
                1.1726E-03      -270.584      
                1.1739E-03      -286.59       
                1.1752E-03      -299.134      
                1.1765E-03      -196.451      
                1.1778E-03      -279.273      
                1.1791E-03      -280.877      
                1.1804E-03      -305.913      
                1.1817E-03      -275.792      
                1.183E-03       -301.965      
                1.1843E-03      -126.031      
                1.1856E-03      -259.92       
                1.1869E-03      -261.092      
                1.1882E-03      -279.046      
                1.1895E-03      -275.272      
                1.1908E-03      -267.998      
                1.1921E-03      -270.313      
                1.1934E-03      -294.561      
                1.1947E-03      -271.783      
                1.196E-03       -301.389      
                1.1973E-03      -267.938      
                1.1986E-03      -286.121      
                1.1999E-03      -224.712      
                1.2012E-03      -280.219      
                1.2025E-03      -272.485      
                1.2038E-03      -296.655      
                1.2051E-03      -255.478      
                1.2064E-03      -236.189      
                1.2077E-03      -273.393      
                1.209E-03       -266.61       
                1.2103E-03      -291.001      
                1.2116E-03      -261.865      
                1.2129E-03      -281.073      
                1.2142E-03      -246.551      
                1.2155E-03      -262.774      
                1.2168E-03      -287.252      
                1.2181E-03      -256.652      
                1.2194E-03      -364.915      
                1.2207E-03      -267.551      
                1.222E-03       -269.324      
                1.2233E-03      -288.888      
                1.2246E-03      -289.323      
                1.2259E-03      -245.237      
                1.2272E-03      -251.471      
                1.2285E-03      -281.768      
                1.2298E-03      -294.351      
                1.2311E-03      -306.341      
                1.2324E-03      -236.136      
                1.2337E-03      -223.361      
                1.235E-03       -312.285      
                1.2363E-03      -283.993      
                1.2376E-03      -271.677      
                1.2389E-03      -266.313      
                1.2402E-03      -305.589      
                1.2415E-03      -286.883      
                1.2428E-03      -316.664      
                1.2441E-03      -320.602      
                1.2454E-03      -238.558      
                1.2467E-03      -282.418      
                1.248E-03       -237.008      
                1.2493E-03      -331.455      
                1.2506E-03      -275.389      
                1.2519E-03      -173.575      
                1.2532E-03      -238.725      
                1.2545E-03      -224.959      
                1.2558E-03      -289.771      
                1.2571E-03      -278.455      
                1.2584E-03      -261.113      
                1.2597E-03      -163.514      
                1.261E-03       -199.284      
                1.2623E-03      -220.764      
                1.2636E-03      -202.907      
                1.2649E-03      -286.795      
                1.2662E-03      -242.225      
                1.2675E-03      -308.2        
                1.2688E-03      -261.233      
                1.2701E-03      -273.947      
                1.2714E-03      -256.488      
                1.2727E-03      -281.906      
                1.274E-03       -264.685      
                1.2753E-03      -293.828      
                1.2766E-03      -224.831      
                1.2779E-03      -268.526      
                1.2792E-03      -271.707      
                1.2805E-03      -239.307      
                1.2818E-03      -285.059      
                1.2831E-03      -193.586      
                1.2844E-03      -305.93       
                1.2857E-03      -276.699      
                1.287E-03       -253.529      
                1.2883E-03      -299.932      
                1.2896E-03      -237.165      
                1.2909E-03      -250.125      
                1.2922E-03      -387.826      
                1.2935E-03      -272.695      
                1.2948E-03      -272.066      
                1.2961E-03      -290.32       
                1.2974E-03      -211.574      
                1.2987E-03      -322.91       
                1.3E-03         -288.662      
                1.3013E-03      -284.883      
                1.3026E-03      -235.256      
                1.3039E-03      -343.941      
                1.3052E-03      -331.05       
                1.3065E-03      -244.993      
                1.3078E-03      -292.511      
                1.3091E-03      -259.297      
                1.3104E-03      -245.299      
                1.3117E-03      -311.881      
                1.313E-03       -275.368      
                1.3143E-03      -250.653      
                1.3156E-03      -265.907      
                1.3169E-03      -299.37       
                1.3182E-03      -238.422      
                1.3195E-03      -259.63       
                1.3208E-03      -257.904      
                1.3221E-03      -297.778      
                1.3234E-03      -283.012      
                1.3247E-03      -265.554      
                1.326E-03       -245.648      
                1.3273E-03      -293.932      
                1.3286E-03      -281.446      
                1.3299E-03      -223.227      
                1.3312E-03      -293.067      
                1.3325E-03      -229.793      
                1.3338E-03      -245.31       
                1.3351E-03      -189.064      
                1.3364E-03      -268.797      
                1.3377E-03      -230.844      
                1.339E-03       -286.104      
                1.3403E-03      -177.518      
                1.3416E-03      -267.543      
                1.3429E-03      -274.043      
                1.3442E-03      -255.792      
                1.3455E-03      -295.467      
                1.3468E-03      -280.008      
                1.3481E-03      -305.334      
                1.3494E-03      -231.902      
                1.3507E-03      -270.975      
                1.352E-03       -255.919      
                1.3533E-03      -183.662      
                1.3546E-03      -310.552      
                1.3559E-03      -198.735      
                1.3572E-03      -243.073      
                1.3585E-03      -287.837      
                1.3598E-03      -252.995      
                1.3611E-03      -274.997      
                1.3624E-03      -265.781      
                1.3637E-03      -291.17       
                1.365E-03       -285.541      
                1.3663E-03      -278.795      
                1.3676E-03      -248.609      
                1.3689E-03      -264.936      
                1.3702E-03      -225.824      
                1.3715E-03      -230.425      
                1.3728E-03      -381.87       
                1.3741E-03      -202.564      
                1.3754E-03      -297.961      
                1.3767E-03      -280.51       
                1.378E-03       -247.054      
                1.3793E-03      -316.514      
                1.3806E-03      -275.109      
                1.3819E-03      -284.395      
                1.3832E-03      -327.275      
                1.3845E-03      -269.199      
                1.3858E-03      -257.568      
                1.3871E-03      -344.599      
                1.3884E-03      -191.882      
                1.3897E-03      -280.856      
                1.391E-03       -241.934      
                1.3923E-03      -260.186      
                1.3936E-03      -245.575      
                1.3949E-03      -304.044      
                1.3962E-03      -209.672      
                1.3975E-03      -277.244      
                1.3988E-03      -253.838      
                1.4001E-03      -285.893      
                1.4014E-03      -284.575      
                1.4027E-03      -278.918      
                1.404E-03       -177.612      
                1.4053E-03      -265.614      
                1.4066E-03      -277.208      
                1.4079E-03      -290.673      
                1.4092E-03      -267.475      
                1.4105E-03      -227.385      
                1.4118E-03      -295.253      
                1.4131E-03      -273.237      
                1.4144E-03      -259.874      
                1.4157E-03      -286.035      
                1.417E-03       -196.826      
                1.4183E-03      -242.199      
                1.4196E-03      -208.536      
                1.4209E-03      -250.578      
                1.4222E-03      -153.451      
                1.4235E-03      -192.684      
                1.4248E-03      -197.393      
                1.4261E-03      -286.341      
                1.4274E-03      -289.61       
                1.4287E-03      -228.924      
                1.43E-03        -247.824      
                1.4313E-03      -304.523      
                1.4326E-03      -263.235      
                1.4339E-03      -244.832      
                1.4352E-03      -261.386      
                1.4365E-03      -282.742      
                1.4378E-03      -271.392      
                1.4391E-03      -280.346      
                1.4404E-03      -249.495      
                1.4417E-03      -276.305      
                1.443E-03       -259.378      
                1.4443E-03      -264.792      
                1.4456E-03      -246.735      
                1.4469E-03      -221.957      
                1.4482E-03      -164.942      
                1.4495E-03      -224.801      
                1.4508E-03      -234.21       
                1.4521E-03      -267.314      
                1.4534E-03      -299.035      
                1.4547E-03      -251.262      
                1.456E-03       -283.866      
                1.4573E-03      -265.266      
                1.4586E-03      -276.142      
                1.4599E-03      -219.528      
                1.4612E-03      -274.744      
                1.4625E-03      -264.926      
                1.4638E-03      -267.694      
                1.4651E-03      -263.172      
                1.4664E-03      -247.814      
                1.4677E-03      -271.947      
                1.469E-03       -288.036      
                1.4703E-03      -257.902      
                1.4716E-03      -291.609      
                1.4729E-03      -247.993      
                1.4742E-03      -233.113      
                1.4755E-03      -290.346      
                1.4768E-03      -281.156      
                1.4781E-03      -295.203      
                1.4794E-03      -261.173      
                1.4807E-03      -269.837      
                1.482E-03       -292.233      
                1.4833E-03      -274.507      
                1.4846E-03      -254.309      
                1.4859E-03      -284.44       
                1.4872E-03      -252.449      
                1.4885E-03      -280.77       
                1.4898E-03      -275.457      
                1.4911E-03      -280.515      
                1.4924E-03      -248.486      
                1.4937E-03      -277.976      
                1.495E-03       -265.432      
                1.4963E-03      -265.674      
                1.4976E-03      -257.985      
                1.4989E-03      -330.909      
                1.5002E-03      -255.287      
                1.5015E-03      -239.315      
                1.5028E-03      -290.381      
                1.5041E-03      -219.675      
                1.5054E-03      -287.894      
                1.5067E-03      -276.739      
                1.508E-03       -255.263      
                1.5093E-03      -280.173      
                1.5106E-03      -298.96       
                1.5119E-03      -318.838      
                1.5132E-03      -258.397      
                1.5145E-03      -295.94       
                1.5158E-03      -271.234      
                1.5171E-03      -283.58       
                1.5184E-03      -266.576      
                1.5197E-03      -240.487      
                1.521E-03       -259.86       
                1.5223E-03      -153.971      
                1.5236E-03      -287.52       
                1.5249E-03      -243.028      
                1.5262E-03      -294.333      
                1.5275E-03      -266.789      
                1.5288E-03      -276.912      
                1.5301E-03      -285.436      
                1.5314E-03      -270.         
                1.5327E-03      -244.311      
                1.534E-03       -295.117      
                1.5353E-03      -295.914      
                1.5366E-03      -279.057      
                1.5379E-03      -276.367      
                1.5392E-03      -311.001      
                1.5405E-03      -278.526      
                1.5418E-03      -292.599      
                1.5431E-03      -219.928      
                1.5444E-03      -222.24       
                1.5457E-03      -239.238      
                1.547E-03       -231.856      
                1.5483E-03      -272.445      
                1.5496E-03      -248.922      
                1.5509E-03      -291.641      
                1.5522E-03      -260.988      
                1.5535E-03      -277.246      
                1.5548E-03      -230.664      
                1.5561E-03      -272.178      
                1.5574E-03      -256.643      
                1.5587E-03      -263.495      
                1.56E-03        -264.5        
                1.5613E-03      -254.94       
                1.5626E-03      -261.027      
                1.5639E-03      -265.878      
                1.5652E-03      -246.733      
                1.5665E-03      -297.822      
                1.5678E-03      -304.487      
                1.5691E-03      -239.02       
                1.5704E-03      -333.095      
                1.5717E-03      -281.705      
                1.573E-03       -265.582      
                1.5743E-03      -285.464      
                1.5756E-03      -270.836      
                1.5769E-03      -304.471      
                1.5782E-03      -260.051      
                1.5795E-03      -292.391      
                1.5808E-03      -279.073      
                1.5821E-03      -185.826      
                1.5834E-03      -257.418      
                1.5847E-03      -246.767      
                1.586E-03       -201.19       
                1.5873E-03      -226.275      
                1.5886E-03      -248.837      
                1.5899E-03      -290.208      
                1.5912E-03      -230.891      
                1.5925E-03      -206.886      
                1.5938E-03      -217.271      
                1.5951E-03      -231.347      
                1.5964E-03      -272.087      
                1.5977E-03      -306.935      
                1.599E-03       -267.878      
                1.6003E-03      -265.099      
                1.6016E-03      -281.88       
                1.6029E-03      -223.455      
                1.6042E-03      -321.514      
                1.6055E-03      -266.922      
                1.6068E-03      -288.872      
                1.6081E-03      -243.724      
                1.6094E-03      -285.463      
                1.6107E-03      -213.47       
                1.612E-03       -257.866      
                1.6133E-03      -254.535      
                1.6146E-03      -317.879      
                1.6159E-03      -261.596      
                1.6172E-03      -226.152      
                1.6185E-03      -335.466      
                1.6198E-03      -247.196      
                1.6211E-03      -282.19       
                1.6224E-03      -301.771      
                1.6237E-03      -250.929      
                1.625E-03       -289.714      
                1.6263E-03      -251.101      
                1.6276E-03      -291.446      
                1.6289E-03      -269.895      
                1.6302E-03      -290.416      
                1.6315E-03      -273.387      
                1.6328E-03      -304.396      
                1.6341E-03      -262.03       
                1.6354E-03      -159.654      
                1.6367E-03      -222.862      
                1.638E-03       -219.992      
                1.6393E-03      -230.427      
                1.6406E-03      -263.089      
                1.6419E-03      -303.12       
                1.6432E-03      -249.169      
                1.6445E-03      -309.161      
                1.6458E-03      -179.096      
                1.6471E-03      -220.208      
                1.6484E-03      -292.106      
                1.6497E-03      -273.397      
                1.651E-03       -231.796      
                1.6523E-03      -248.183      
                1.6536E-03      -250.613      
                1.6549E-03      -294.953      
                1.6562E-03      -211.085      
                1.6575E-03      -286.         
                1.6588E-03      -278.387      
                1.6601E-03      -241.41       
                1.6614E-03      -275.967      
                1.6627E-03      -256.42       
                1.664E-03       -269.004      
                1.6653E-03      -292.368      
                1.6666E-03      -264.938      
                1.6679E-03      -321.925      
                1.6692E-03      -264.615      
                1.6705E-03      -281.521      
                1.6718E-03      -276.975      
                1.6731E-03      -293.588      
                1.6744E-03      -243.87       
                1.6757E-03      -316.589      
                1.677E-03       -249.734      
                1.6783E-03      -262.168      
                1.6796E-03      -306.445      
                1.6809E-03      -297.301      
                1.6822E-03      -223.943      
                1.6835E-03      -300.747      
                1.6848E-03      -281.991      
                1.6861E-03      -275.497      
                1.6874E-03      -219.963      
                1.6887E-03      -275.156      
                1.69E-03        -263.333      
                1.6913E-03      -288.913      
                1.6926E-03      -277.959      
                1.6939E-03      -263.21       
                1.6952E-03      -229.28       
                1.6965E-03      -279.271      
                1.6978E-03      -262.341      
                1.6991E-03      -248.177      
                1.7004E-03      -244.621      
                1.7017E-03      -240.864      
                1.703E-03       -278.855      
                1.7043E-03      -288.843      
                1.7056E-03      -199.326      
                1.7069E-03      -261.891      
                1.7082E-03      -193.546      
                1.7095E-03      -280.894      
                1.7108E-03      -259.914      
                1.7121E-03      -284.083      
                1.7134E-03      -291.815      
                1.7147E-03      -187.151      
                1.716E-03       -255.91       
                1.7173E-03      -273.235      
                1.7186E-03      -213.532      
                1.7199E-03      -260.055      
                1.7212E-03      -251.087      
                1.7225E-03      -259.717      
                1.7238E-03      -285.15       
                1.7251E-03      -255.101      
                1.7264E-03      -191.494      
                1.7277E-03      -138.287      
                1.729E-03       -197.361      
                1.7303E-03      -198.546      
                1.7316E-03      -264.463      
                1.7329E-03      -173.461      
                1.7342E-03      -274.243      
                1.7355E-03      -313.497      
                1.7368E-03      -309.912      
                1.7381E-03      -263.535      
                1.7394E-03      -273.249      
                1.7407E-03      -301.144      
                1.742E-03       -303.502      
                1.7433E-03      -270.089      
                1.7446E-03      -169.394      
                1.7459E-03      -207.697      
                1.7472E-03      -204.352      
                1.7485E-03      -295.967      
                1.7498E-03      -288.134      
                1.7511E-03      -222.777      
                1.7524E-03      -277.549      
                1.7537E-03      -278.865      
                1.755E-03       -314.91       
                1.7563E-03      -199.216      
                1.7576E-03      -281.956      
                1.7589E-03      -262.583      
                1.7602E-03      -304.368      
                1.7615E-03      -273.061      
                1.7628E-03      -260.773      
                1.7641E-03      -289.23       
                1.7654E-03      -316.129      
                1.7667E-03      -304.275      
                1.768E-03       -311.211      
                1.7693E-03      -303.402      
                1.7706E-03      -313.332      
                1.7719E-03      -281.156      
                1.7732E-03      -291.764      
                1.7745E-03      -284.681      
                1.7758E-03      -186.755      
                1.7771E-03      -298.853      
                1.7784E-03      -282.28       
                1.7797E-03      -306.457      
                1.781E-03       -319.45       
                1.7823E-03      -297.224      
                1.7836E-03      -296.232      
                1.7849E-03      -307.193      
                1.7862E-03      -291.125      
                1.7875E-03      -288.719      
                1.7888E-03      -307.037      
                1.7901E-03      -304.529      
                1.7914E-03      -181.399      
                1.7927E-03      -256.648      
                1.794E-03       -276.272      
                1.7953E-03      -276.619      
                1.7966E-03      -291.581      
                1.7979E-03      -296.98       
                1.7992E-03      -160.819      
                1.8005E-03      -290.89       
                1.8018E-03      -253.424      
                1.8031E-03      -316.283      
                1.8044E-03      -274.519      
                1.8057E-03      -223.329      
                1.807E-03       -247.034      
                1.8083E-03      -277.845      
                1.8096E-03      -182.235      
                1.8109E-03      -329.264      
                1.8122E-03      -226.871      
                1.8135E-03      -278.538      
                1.8148E-03      -310.588      
                1.8161E-03      -320.087      
                1.8174E-03      -300.391      
                1.8187E-03      -226.244      
                1.82E-03        -252.15       
                1.8213E-03      -370.817      
                1.8226E-03      -281.787      
                1.8239E-03      -223.095      
                1.8252E-03      -259.264      
                1.8265E-03      -276.122      
                1.8278E-03      -277.291      
                1.8291E-03      -317.723      
                1.8304E-03      -272.655      
                1.8317E-03      -312.442      
                1.833E-03       -269.341      
                1.8343E-03      -292.102      
                1.8356E-03      -241.994      
                1.8369E-03      -300.676      
                1.8382E-03      -271.37       
                1.8395E-03      -309.131      
                1.8408E-03      -263.487      
                1.8421E-03      -215.102      
                1.8434E-03      -273.199      
                1.8447E-03      -287.706      
                1.846E-03       -258.745      
                1.8473E-03      -251.659      
                1.8486E-03      -179.823      
                1.8499E-03      -195.376      
                1.8512E-03      -316.223      
                1.8525E-03      -238.983      
                1.8538E-03      -311.712      
                1.8551E-03      -230.979      
                1.8564E-03      -270.735      
                1.8577E-03      -264.146      
                1.859E-03       -330.277      
                1.8603E-03      -254.342      
                1.8616E-03      -155.799      
                1.8629E-03      -299.455      
                1.8642E-03      -231.398      
                1.8655E-03      -249.5        
                1.8668E-03      -299.152      
                1.8681E-03      -282.499      
                1.8694E-03      -302.186      
                1.8707E-03      -279.202      
                1.872E-03       -290.609      
                1.8733E-03      -265.303      
                1.8746E-03      -288.175      
                1.8759E-03      -279.224      
                1.8772E-03      -292.936      
                1.8785E-03      -353.558      
                1.8798E-03      -266.407      
                1.8811E-03      -305.189      
                1.8824E-03      -309.977      
                1.8837E-03      -319.945      
                1.885E-03       -287.004      
                1.8863E-03      -274.434      
                1.8876E-03      -306.43       
                1.8889E-03      -298.273      
                1.8902E-03      -316.676      
                1.8915E-03      -322.738      
                1.8928E-03      -256.822      
                1.8941E-03      -223.452      
                1.8954E-03      -281.662      
                1.8967E-03      -287.472      
                1.898E-03       -276.521      
                1.8993E-03      -292.222      
                1.9006E-03      -279.41       
                1.9019E-03      -305.377      
                1.9032E-03      -304.828      
                1.9045E-03      -243.163      
                1.9058E-03      -337.055      
                1.9071E-03      -274.735      
                1.9084E-03      -295.417      
                1.9097E-03      -318.888      
                1.911E-03       -275.544      
                1.9123E-03      -265.541      
                1.9136E-03      -265.637      
                1.9149E-03      -242.976      
                1.9162E-03      -298.163      
                1.9175E-03      -298.013      
                1.9188E-03      -291.56       
                1.9201E-03      -304.982      
                1.9214E-03      -194.198      
                1.9227E-03      -333.471      
                1.924E-03       -301.298      
                1.9253E-03      -280.978      
                1.9266E-03      -319.577      
                1.9279E-03      -258.184      
                1.9292E-03      -238.755      
                1.9305E-03      -279.501      
                1.9318E-03      -326.311      
                1.9331E-03      -307.803      
                1.9344E-03      -106.085      
                1.9357E-03      -322.686      
                1.937E-03       -225.903      
                1.9383E-03      -286.224      
                1.9396E-03      -288.756      
                1.9409E-03      -283.097      
                1.9422E-03      -168.005      
                1.9435E-03      -251.202      
                1.9448E-03      -271.015      
                1.9461E-03      -286.367      
                1.9474E-03      -283.05       
                1.9487E-03      -225.944      
                1.95E-03        -250.723      
                1.9513E-03      -265.005      
                1.9526E-03      -277.746      
                1.9539E-03      -303.325      
                1.9552E-03      -220.618      
                1.9565E-03      -267.707      
                1.9578E-03      -268.094      
                1.9591E-03      -318.839      
                1.9604E-03      -283.829      
                1.9617E-03      -192.521      
                1.963E-03       -280.614      
                1.9643E-03      -262.165      
                1.9656E-03      -293.266      
                1.9669E-03      -315.819      
                1.9682E-03      -289.258      
                1.9695E-03      -106.01       
                1.9708E-03      -192.285      
                1.9721E-03      -266.462      
                1.9734E-03      -248.461      
                1.9747E-03      -298.023      
                1.976E-03       -236.116      
                1.9773E-03      -139.461      
                1.9786E-03      -203.733      
                1.9799E-03      -213.327      
                1.9812E-03      -273.172      
                1.9825E-03      -202.227      
                1.9838E-03      -253.488      
                1.9851E-03      -257.573      
                1.9864E-03      -236.334      
                1.9877E-03      -288.783      
                1.989E-03       -273.062      
                1.9903E-03      -268.733      
                1.9916E-03      -303.177      
                1.9929E-03      -227.249      
                1.9942E-03      -228.574      
                1.9955E-03      -284.364      
                1.9968E-03      -218.645      
                1.9981E-03      -295.368      
                1.9994E-03      -314.47       
                2.0007E-03      -282.431      
                2.002E-03       -290.104      
                2.0033E-03      -285.351      
                2.0046E-03      -333.845      
                2.0059E-03      -290.315      
                2.0072E-03      -295.065      
                2.0085E-03      -276.033      
                2.0098E-03      -257.387      
                2.0111E-03      -165.644      
                2.0124E-03      -275.894      
                2.0137E-03      -250.927      
                2.015E-03       -210.237      
                2.0163E-03      -310.211      
                2.0176E-03      -251.252      
                2.0189E-03      -292.69       
                2.0202E-03      -295.752      
                2.0215E-03      -267.315      
                2.0228E-03      -275.436      
                2.0241E-03      -296.216      
                2.0254E-03      -336.312      
                2.0267E-03      -273.53       
                2.028E-03       -252.193      
                2.0293E-03      -289.68       
                2.0306E-03      -255.061      
                2.0319E-03      -260.622      
                2.0332E-03      -251.886      
                2.0345E-03      -220.059      
                2.0358E-03      -248.932      
                2.0371E-03      -269.815      
                2.0384E-03      -272.306      
                2.0397E-03      -298.318      
                2.041E-03       -286.888      
                2.0423E-03      -251.252      
                2.0436E-03      -269.108      
                2.0449E-03      -273.272      
                2.0462E-03      -286.057      
                2.0475E-03      -282.526      
                2.0488E-03      -264.948      
                2.0501E-03      -309.979      
                2.0514E-03      -268.941      
                2.0527E-03      -272.104      
                2.054E-03       -270.935      
                2.0553E-03      -252.709      
                2.0566E-03      -278.416      
                2.0579E-03      -269.256      
                2.0592E-03      -288.043      
                2.0605E-03      -263.912      
                2.0618E-03      -319.031      
                2.0631E-03      -320.327      
                2.0644E-03      -274.455      
                2.0657E-03      -171.619      
                2.067E-03       -222.045      
                2.0683E-03      -195.439      
                2.0696E-03      -251.375      
                2.0709E-03      -286.824      
                2.0722E-03      -292.671      
                2.0735E-03      -278.463      
                2.0748E-03      -194.728      
                2.0761E-03      -292.469      
                2.0774E-03      -286.055      
                2.0787E-03      -291.186      
                2.08E-03        -276.904      
                2.0813E-03      -225.042      
                2.0826E-03      -269.866      
                2.0839E-03      -327.314      
                2.0852E-03      -313.955      
                2.0865E-03      -284.841      
                2.0878E-03      -324.206      
                2.0891E-03      -283.885      
                2.0904E-03      -306.751      
                2.0917E-03      -256.094      
                2.093E-03       -201.666      
                2.0943E-03      -216.047      
                2.0956E-03      -277.95       
                2.0969E-03      -296.884      
                2.0982E-03      -305.158      
                2.0995E-03      -278.034      
                2.1008E-03      -281.761      
                2.1021E-03      -274.268      
                2.1034E-03      -314.878      
                2.1047E-03      -289.861      
                2.106E-03       -275.516      
                2.1073E-03      -288.514      
                2.1086E-03      -286.419      
                2.1099E-03      -327.362      
                2.1112E-03      -299.753      
                2.1125E-03      -301.156      
                2.1138E-03      -312.069      
                2.1151E-03      -156.362      
                2.1164E-03      -235.003      
                2.1177E-03      -228.19       
                2.119E-03       -227.605      
                2.1203E-03      -239.942      
                2.1216E-03      -266.221      
                2.1229E-03      -291.183      
                2.1242E-03      -297.406      
                2.1255E-03      -279.841      
                2.1268E-03      -270.616      
                2.1281E-03      -300.671      
                2.1294E-03      -272.859      
                2.1307E-03      -309.486      
                2.132E-03       -317.662      
                2.1333E-03      -306.765      
                2.1346E-03      -278.576      
                2.1359E-03      -300.924      
                2.1372E-03      -286.169      
                2.1385E-03      -279.118      
                2.1398E-03      -281.625      
                2.1411E-03      -294.29       
                2.1424E-03      -289.019      
                2.1437E-03      -289.536      
                2.145E-03       -237.998      
                2.1463E-03      -277.706      
                2.1476E-03      -279.657      
                2.1489E-03      -286.253      
                2.1502E-03      -303.178      
                2.1515E-03      -186.165      
                2.1528E-03      -250.198      
                2.1541E-03      -241.024      
                2.1554E-03      -291.102      
                2.1567E-03      -273.921      
                2.158E-03       -295.828      
                2.1593E-03      -253.889      
                2.1606E-03      -183.05       
                2.1619E-03      -254.954      
                2.1632E-03      -252.286      
                2.1645E-03      -284.817      
                2.1658E-03      -291.438      
                2.1671E-03      -287.823      
                2.1684E-03      -276.88       
                2.1697E-03      -293.529      
                2.171E-03       -229.344      
                2.1723E-03      -282.973      
                2.1736E-03      -284.835      
                2.1749E-03      -286.939      
                2.1762E-03      -287.219      
                2.1775E-03      -243.021      
                2.1788E-03      -276.914      
                2.1801E-03      -270.73       
                2.1814E-03      -281.11       
                2.1827E-03      -293.057      
                2.184E-03       -266.366      
                2.1853E-03      -257.364      
                2.1866E-03      -268.34       
                2.1879E-03      -264.538      
                2.1892E-03      -293.953      
                2.1905E-03      -284.604      
                2.1918E-03      -280.999      
                2.1931E-03      -270.504      
                2.1944E-03      -214.872      
                2.1957E-03      -275.734      
                2.197E-03       -243.815      
                2.1983E-03      -275.371      
                2.1996E-03      -277.824      
                2.2009E-03      -273.957      
                2.2022E-03      -217.173      
                2.2035E-03      -293.93       
                2.2048E-03      -270.306      
                2.2061E-03      -292.966      
                2.2074E-03      -281.653      
                2.2087E-03      -261.282      
                2.21E-03        -273.99       
                2.2113E-03      -267.324      
                2.2126E-03      -177.408      
                2.2139E-03      -290.261      
                2.2152E-03      -169.327      
                2.2165E-03      -258.54       
                2.2178E-03      -245.624      
                2.2191E-03      -211.71       
                2.2204E-03      -257.626      
                2.2217E-03      -191.58       
                2.223E-03       -238.573      
                2.2243E-03      -207.169      
                2.2256E-03      -272.782      
                2.2269E-03      -217.547      
                2.2282E-03      -253.417      
                2.2295E-03      -191.206      
                2.2308E-03      -258.992      
                2.2321E-03      -257.947      
                2.2334E-03      -114.166      
                2.2347E-03      -192.124      
                2.236E-03       -159.867      
                2.2373E-03      -248.743      
                2.2386E-03      -284.393      
                2.2399E-03      -246.004      
                2.2412E-03      -258.511      
                2.2425E-03      -285.305      
                2.2438E-03      -311.05       
                2.2451E-03      -179.397      
                2.2464E-03      -240.734      
                2.2477E-03      -265.873      
                2.249E-03       -258.078      
                2.2503E-03      -282.544      
                2.2516E-03      -295.529      
                2.2529E-03      -268.998      
                2.2542E-03      -291.191      
                2.2555E-03      -272.863      
                2.2568E-03      -173.04       
                2.2581E-03      -227.297      
                2.2594E-03      -234.351      
                2.2607E-03      -282.518      
                2.262E-03       -261.427      
                2.2633E-03      -262.329      
                2.2646E-03      -287.406      
                2.2659E-03      -265.363      
                2.2672E-03      -178.705      
                2.2685E-03      -274.433      
                2.2698E-03      -153.65       
                2.2711E-03      -256.808      
                2.2724E-03      -301.224      
                2.2737E-03      -245.167      
                2.275E-03       -260.507      
                2.2763E-03      -272.613      
                2.2776E-03      -301.003      
                2.2789E-03      -222.967      
                2.2802E-03      -216.579      
                2.2815E-03      -281.179      
                2.2828E-03      -205.268      
                2.2841E-03      -284.064      
                2.2854E-03      -255.228      
                2.2867E-03      -289.033      
                2.288E-03       -258.267      
                2.2893E-03      -285.103      
                2.2906E-03      -275.138      
                2.2919E-03      -257.829      
                2.2932E-03      -265.672      
                2.2945E-03      -194.904      
                2.2958E-03      -238.584      
                2.2971E-03      -190.346      
                2.2984E-03      -222.127      
                2.2997E-03      -250.977      
                2.301E-03       -232.036      
                2.3023E-03      -218.395      
                2.3036E-03      -229.469      
                2.3049E-03      -150.555      
                2.3062E-03      -249.81       
                2.3075E-03      -222.672      
                2.3088E-03      -233.044      
                2.3101E-03      -238.785      
                2.3114E-03      -218.842      
                2.3127E-03      -212.589      
                2.314E-03       -289.484      
                2.3153E-03      -219.047      
                2.3166E-03      -246.452      
                2.3179E-03      -224.201      
                2.3192E-03      -229.371      
                2.3205E-03      -251.467      
                2.3218E-03      -221.176      
                2.3231E-03      -163.078      
                2.3244E-03      -248.877      
                2.3257E-03      -225.207      
                2.327E-03       -207.212      
                2.3283E-03      -215.721      
                2.3296E-03      -249.208      
                2.3309E-03      -251.532      
                2.3322E-03      -230.586      
                2.3335E-03      -229.979      
                2.3348E-03      -228.061      
                2.3361E-03      -263.503      
                2.3374E-03      -212.15       
                2.3387E-03      -219.189      
                2.34E-03        -221.814      
                2.3413E-03      -216.207      
                2.3426E-03      -223.375      
                2.3439E-03      -197.965      
                2.3452E-03      -252.767      
                2.3465E-03      -221.778      
                2.3478E-03      -232.486      
                2.3491E-03      -220.064      
                2.3504E-03      -230.364      
                2.3517E-03      -196.881      
                2.353E-03       -183.558      
                2.3543E-03      -213.973      
                2.3556E-03      -218.843      
                2.3569E-03      -217.017      
                2.3582E-03      -234.84       
                2.3595E-03      -218.706      
                2.3608E-03      -180.622      
                2.3621E-03      -218.881      
                2.3634E-03      -244.193      
                2.3647E-03      -240.528      
                2.366E-03       -177.101      
                2.3673E-03      -229.268      
                2.3686E-03      -333.059      
                2.3699E-03      -195.974      
                2.3712E-03      -216.97       
                2.3725E-03      -196.444      
                2.3738E-03      -208.694      
                2.3751E-03      -214.675      
                2.3764E-03      -211.633      
                2.3777E-03      -211.792      
                2.379E-03       -174.685      
                2.3803E-03      -222.113      
                2.3816E-03      -207.393      
                2.3829E-03      -213.106      
                2.3842E-03      -214.188      
                2.3855E-03      -204.35       
                2.3868E-03      -220.038      
                2.3881E-03      -129.624      
                2.3894E-03      -244.484      
                2.3907E-03      -197.555      
                2.392E-03       -196.961      
                2.3933E-03      -176.975      
                2.3946E-03      -210.689      
                2.3959E-03      -194.636      
                2.3972E-03      -209.948      
                2.3985E-03      -199.205      
                2.3998E-03      -206.731      
                2.4011E-03      -178.705      
                2.4024E-03      -204.508      
                2.4037E-03      -198.006      
                2.405E-03       -199.516      
                2.4063E-03      -196.137      
                2.4076E-03      -181.163      
                2.4089E-03      -193.269      
                2.4102E-03      -178.424      
                2.4115E-03      -188.7        
                2.4128E-03      -191.664      
                2.4141E-03      -194.683      
                2.4154E-03      -174.143      
                2.4167E-03      -189.34       
                2.418E-03       -182.964      
                2.4193E-03      -192.603      
                2.4206E-03      -176.902      
                2.4219E-03      -184.072      
                2.4232E-03      -184.985      
                2.4245E-03      -138.675      
                2.4258E-03      -193.951      
                2.4271E-03      -110.611      
                2.4284E-03      -190.769      
                2.4297E-03      -177.072      
                2.431E-03       -173.833      
                2.4323E-03      -157.67       
                2.4336E-03      -180.624      
                2.4349E-03      -163.999      
                2.4362E-03      -100.472      
                2.4375E-03      -142.759      
                2.4388E-03      -124.052      
                2.4401E-03      -138.15       
                2.4414E-03      -170.062      
                2.4427E-03      -161.31       
                2.444E-03       -177.852      
                2.4453E-03      -168.52       
                2.4466E-03      -174.875      
                2.4479E-03      -173.24       
                2.4492E-03      -160.994      
                2.4505E-03      -154.905      
                2.4518E-03      -161.736      
                2.4531E-03      -176.02       
                2.4544E-03      -166.86       
                2.4557E-03      -180.458      
                2.457E-03       -172.238      
                2.4583E-03      -159.796      
                2.4596E-03      -177.059      
                2.4609E-03      -166.228      
                2.4622E-03      -181.554      
                2.4635E-03      -167.304      
                2.4648E-03      -166.657      
                2.4661E-03      -170.865      
                2.4674E-03      -163.713      
                2.4687E-03      -163.289      
                2.47E-03        -150.439      
                2.4713E-03      -165.61       
                2.4726E-03      -168.649      
                2.4739E-03      -169.003      
                2.4752E-03      -173.926      
                2.4765E-03      -143.217      
                2.4778E-03      -179.639      
                2.4791E-03      -150.844      
                2.4804E-03      -117.974      
                2.4817E-03      -171.002      
                2.483E-03       -163.006      
                2.4843E-03      -163.551      
                2.4856E-03      -167.484      
                2.4869E-03      -151.293      
                2.4882E-03      -148.09       
                2.4895E-03      -154.661      
                2.4908E-03      -165.706      
                2.4921E-03      -156.756      
                2.4934E-03      -160.221      
                2.4947E-03      -138.058      
                2.496E-03       -151.463      
                2.4973E-03      -158.825      
                2.4986E-03      -146.506      
                2.4999E-03      -135.877      
                2.5012E-03      -158.146      
                2.5025E-03      -156.436      
                2.5038E-03      -155.218      
                2.5051E-03      -116.685      
                2.5064E-03      -139.517      
                2.5077E-03      -131.524      
                2.509E-03       -136.904      
                2.5103E-03      -142.135      
                2.5116E-03      -131.06       
                2.5129E-03       -82.8124     
                2.5142E-03      -152.181      
                2.5155E-03      -130.492      
                2.5168E-03      -118.25       
                2.5181E-03      -152.06       
                2.5194E-03      -125.89       
                2.5207E-03      -133.466      
                2.522E-03       -154.009      
                2.5233E-03       -88.3236     
                2.5246E-03      -111.068      
                2.5259E-03      -122.139      
                2.5272E-03      -135.3        
                2.5285E-03      -124.827      
                2.5298E-03      -143.29       
                2.5311E-03      -110.747      
                2.5324E-03      -137.279      
                2.5337E-03      -110.285      
                2.535E-03       -127.194      
                2.5363E-03      -129.764      
                2.5376E-03      -124.157      
                2.5389E-03      -116.93       
                2.5402E-03      -139.511      
                2.5415E-03      -117.608      
                2.5428E-03      -132.279      
                2.5441E-03      -136.747      
                2.5454E-03      -131.971      
                2.5467E-03      -138.346      
                2.548E-03       -118.507      
                2.5493E-03      -129.282      
                2.5506E-03      -132.555      
                2.5519E-03       -67.8454     
                2.5532E-03      -134.427      
                2.5545E-03      -132.313      
                2.5558E-03      -119.59       
                2.5571E-03      -129.102      
                2.5584E-03      -137.387      
                2.5597E-03      -122.331      
                2.561E-03       -128.082      
                2.5623E-03      -123.73       
                2.5636E-03      -117.682      
                2.5649E-03       -53.0017     
                2.5662E-03      -120.429      
                2.5675E-03      -104.557      
                2.5688E-03      -132.892      
                2.5701E-03       -94.7302     
                2.5714E-03       -94.4486     
                2.5727E-03      -108.541      
                2.574E-03        -89.5536     
                2.5753E-03      -106.821      
                2.5766E-03      -110.306      
                2.5779E-03      -110.392      
                2.5792E-03       -79.5485     
                2.5805E-03       -84.2319     
                2.5818E-03      -105.262      
                2.5831E-03       -81.5889     
                2.5844E-03       -46.4245     
                2.5857E-03       -54.6452     
                2.587E-03       -100.471      
                2.5883E-03       -65.9545     
                2.5896E-03      -115.83       
                2.5909E-03       -81.6135     
                2.5922E-03      -130.516      
                2.5935E-03      -120.81       
                2.5948E-03      -107.31       
                2.5961E-03       -92.797      
                2.5974E-03       -99.5755     
                2.5987E-03      -117.363      
                2.6E-03          -90.5226     




