
                  X               _temp_2     

                0.                 0.         
                5.00059E-06       28.87       
               10.0015E-06        34.1122     
               15.0009E-06        -9.06445    
               20.0004E-06       -22.4691     
               25.0016E-06       -31.8738     
               30.0011E-06       -11.1987     
               35.0012E-06         5.87592    
               40.0007E-06         1.16667    
               45.0002E-06      -713.684E-03  
               50.0014E-06       -31.1923     
               55.0009E-06       -34.3269     
               60.0004E-06       -34.5297     
               65.0012E-06       -32.334      
               70.0006E-06       -28.9379     
               75.0001E-06       -38.9068     
               80.0013E-06       -41.5216     
               85.0007E-06       -50.0307     
               90.0002E-06       -47.9724     
               95.0014E-06       -47.6176     
              100.001E-06        -48.8486     
              105.E-06           -50.4816     
              110.002E-06        -57.9581     
              115.001E-06        -58.2864     
              120.E-06           -61.3547     
              125.002E-06        -60.815      
              130.001E-06        -64.5701     
              135.001E-06        -69.814      
              140.E-06           -74.6218     
              145.001E-06        -81.9029     
              150.001E-06        -84.2246     
              155.E-06           -88.7029     
              160.001E-06        -90.6816     
              165.001E-06        -93.8748     
              170.E-06           -96.9674     
              175.001E-06        -98.809      
              180.001E-06       -101.603      
              185.E-06          -102.551      
              190.002E-06       -106.044      
              195.001E-06       -110.277      
              200.E-06          -114.313      
              205.002E-06       -117.446      
              210.001E-06       -119.45       
              215.001E-06       -122.248      
              220.E-06          -124.046      
              225.001E-06       -126.779      
              230.001E-06       -129.9        
              235.E-06          -133.32       
              240.001E-06       -136.945      
              245.001E-06       -139.71       
              250.E-06          -142.613      
              255.001E-06       -144.535      
              260.001E-06       -147.683      
              265.E-06          -150.65       
              270.E-06          -153.727      
              275.E-06          -156.627      
              280.E-06          -159.269      
              285.E-06          -161.962      
              290.001E-06       -164.27       
              295.E-06          -167.955      
              300.001E-06       -170.848      
              305.001E-06       -173.067      
              310.001E-06       -174.915      
              315.001E-06       -176.344      
              320.E-06          -178.576      
              325.001E-06       -181.335      
              330.001E-06       -183.914      
              335.001E-06       -185.821      
              340.001E-06       -181.82       
              345.001E-06       -191.811      
              350.E-06          -195.529      
              355.001E-06       -197.398      
              360.001E-06       -199.905      
              365.001E-06       -200.408      
              370.001E-06       -202.614      
              375.001E-06       -181.048      
              380.001E-06       -187.208      
              385.E-06          -190.231      
              390.E-06          -191.999      
              395.E-06          -194.407      
              400.E-06          -197.035      
              405.001E-06       -199.856      
              410.001E-06       -201.889      
              415.E-06          -204.851      
              420.E-06          -207.285      
              425.001E-06       -209.871      
              430.001E-06       -212.444      
              435.001E-06       -214.596      
              440.E-06           -65.4104     
              445.E-06          -118.962      
              450.E-06          -170.96       
              455.001E-06       -186.119      
              460.001E-06       -200.862      
              465.001E-06       -196.181      
              470.E-06          -207.754      
              475.E-06          -211.954      
              480.001E-06       -214.526      
              485.001E-06        -50.7985     
              490.001E-06        -56.2335     
              495.E-06           -61.9679     
              500.001E-06        -80.2245     
              505.001E-06        -72.3751     
              510.E-06           -85.1174     
              515.001E-06        -91.2693     
              520.001E-06       -117.583      
              525.E-06          -143.073      
              530.001E-06       -161.222      
              535.E-06          -164.026      
              540.001E-06       -180.323      
              545.E-06          -178.841      
              550.E-06          -181.255      
              555.E-06          -186.306      
              560.E-06          -185.802      
              565.E-06          -190.134      
              570.E-06          -195.357      
              575.E-06          -195.289      
              580.E-06          -177.98       
              585.E-06          -167.833      
              590.E-06          -169.992      
              595.E-06           -48.9214     
              600.001E-06        -76.1719     
              605.001E-06        -68.0753     
              610.001E-06        -77.3845     
              615.E-06           -42.3197     
              620.001E-06        -53.5512     
              625.001E-06        -71.9881     
              630.E-06           -87.2062     
              635.E-06          -106.261      
              640.E-06           -20.4247     
              645.001E-06       -950.068E-03  
              650.E-06           -11.6297     
              655.001E-06         -7.7337     
              660.E-06           -14.8187     
              665.001E-06         -2.6487     
              670.E-06           -48.9909     
              675.001E-06        -88.6199     
              680.E-06           -62.5473     
              685.E-06           -67.2422     
              690.001E-06        -34.0731     
              695.001E-06        -43.2379     
              700.E-06           -42.8524     
              705.001E-06         -8.24716    
              710.001E-06        -18.2434     
              715.E-06           -25.4674     
              720.001E-06        -27.981      
              725.001E-06        -29.6578     
              730.E-06           -85.5473     
              735.E-06          -108.248      
              740.E-06          -127.641      
              745.001E-06       -142.943      
              750.E-06           -78.6963     
              755.001E-06       -105.976      
              760.001E-06       -136.543      
              765.001E-06       -145.205      
              770.E-06          -155.676      
              775.001E-06       -162.642      
              780.E-06           -78.1948     
              785.002E-06       -115.453      
              790.001E-06       -131.239      
              795.001E-06       -164.081      
              800.001E-06       -171.921      
              805.001E-06       -167.379      
              810.E-06          -174.307      
              815.001E-06       -181.597      
              820.E-06          -191.155      
              825.E-06          -187.049      
              830.001E-06       -192.375      
              835.001E-06       -192.49       
              840.E-06          -179.259      
              845.E-06          -134.03       
              850.E-06          -149.02       
              855.E-06          -172.064      
              860.001E-06       -164.122      
              865.001E-06       -155.66       
              870.E-06          -156.568      
              875.001E-06       -152.328      
              880.E-06           -96.5654     
              885.E-06          -116.227      
              890.001E-06       -144.304      
              895.001E-06       -147.19       
              900.E-06          -146.385      
              905.001E-06       -141.728      
              910.001E-06       -123.126      
              915.001E-06       -143.653      
              920.E-06          -138.055      
              925.E-06          -140.619      
              930.E-06          -139.163      
              935.E-06          -108.441      
              940.E-06          -117.51       
              945.E-06          -126.907      
              950.001E-06       -100.143      
              955.001E-06       -117.01       
              960.E-06          -117.545      
              965.001E-06       -148.723      
              970.001E-06        -69.1154     
              975.001E-06       -105.352      
              980.001E-06       -118.527      
              985.001E-06        -61.3725     
              990.001E-06        -90.6775     
              995.E-06          -121.372      
                1.E-03          -126.861      
                1.005E-03       -153.999      
                1.01E-03        -100.698      
                1.015E-03       -117.759      
                1.02E-03        -133.943      
                1.025E-03       -141.15       
                1.03E-03        -157.167      
                1.035E-03       -163.057      
                1.04E-03        -157.131      
                1.045E-03        -76.9615     
                1.05E-03        -107.128      
                1.055E-03       -126.947      
                1.06E-03        -134.378      
                1.065E-03       -156.483      
                1.07E-03        -151.934      
                1.075E-03       -104.196      
                1.08E-03        -117.746      
                1.085E-03       -131.044      
                1.09E-03        -137.231      
                1.095E-03       -144.671      
                1.1E-03          -80.6867     
                1.105E-03       -116.906      
                1.11E-03        -132.239      
                1.115E-03       -135.728      
                1.12E-03        -135.358      
                1.125E-03       -139.874      
                1.13E-03        -158.853      
                1.135E-03       -149.367      
                1.14E-03         -86.7428     
                1.145E-03       -104.207      
                1.15E-03        -120.417      
                1.155E-03       -127.425      
                1.16E-03        -153.55       
                1.165E-03       -142.743      
                1.17E-03         -97.4168     
                1.175E-03       -100.143      
                1.18E-03        -129.8        
                1.185E-03       -131.27       
                1.19E-03        -127.384      
                1.195E-03       -137.968      
                1.2E-03         -131.115      
                1.205E-03        -86.3947     
                1.21E-03        -101.389      
                1.215E-03       -109.633      
                1.22E-03        -114.795      
                1.225E-03        -81.4503     
                1.23E-03         -99.4427     
                1.235E-03       -104.538      
                1.24E-03        -110.393      
                1.245E-03        -67.3623     
                1.25E-03         -76.1202     
                1.255E-03       -101.661      
                1.26E-03        -103.569      
                1.265E-03       -104.985      
                1.27E-03         -66.4038     
                1.275E-03        -78.5899     
                1.28E-03         -91.523      
                1.285E-03        -49.7049     
                1.29E-03         -66.6015     
                1.295E-03        -94.4479     
                1.3E-03          -96.2841     
                1.305E-03        -98.9806     
                1.31E-03         -46.6805     
                1.315E-03        -68.0228     
                1.32E-03         -80.6174     
                1.325E-03        -97.456      
                1.33E-03        -104.422      
                1.335E-03        -58.8658     
                1.34E-03         -66.2774     
                1.345E-03        -79.9068     
                1.35E-03         -88.0234     
                1.355E-03       -100.363      
                1.36E-03         -41.274      
                1.365E-03        -61.0762     
                1.37E-03         -67.012      
                1.375E-03        -76.7809     
                1.38E-03         -84.4911     
                1.385E-03        -36.1069     
                1.39E-03         -56.4134     
                1.395E-03        -57.0741     
                1.4E-03          -65.1749     
                1.405E-03        -70.5101     
                1.41E-03          -5.36888    
                1.415E-03        -33.2332     
                1.42E-03         -48.4435     
                1.425E-03        -56.6372     
                1.43E-03         -59.409      
                1.435E-03       -363.554E-03  
                1.44E-03         -16.8742     
                1.445E-03        -31.1909     
                1.45E-03         -37.7986     
                1.455E-03        -52.5665     
                1.46E-03        -913.122E-03  
                1.465E-03         -8.40022    
                1.47E-03         -16.4199     
                1.475E-03        -22.2104     
                1.48E-03        -140.02E-03   
                1.485E-03       -133.655E-03  
                1.49E-03          -2.85052    
                1.495E-03         -2.71813    
                1.5E-03           -8.772      
                1.505E-03         -1.86706    
                1.51E-03          -1.54142    
                1.515E-03         -1.23097    
                1.52E-03        -698.056E-03  
                1.525E-03       -532.144E-03  
                1.53E-03        -330.794E-03  
                1.535E-03         -2.86223    
                1.54E-03          -3.08898    
                1.545E-03         -2.4918     
                1.55E-03          -2.27259    
                1.555E-03         -2.04929    
                1.56E-03          -1.71467    
                1.565E-03         -1.38535    
                1.57E-03          -1.01036    
                1.575E-03       -716.973E-03  
                1.58E-03        -402.204E-03  
                1.585E-03       -292.897E-03  
                1.59E-03        -250.75E-03   
                1.595E-03       -108.617E-03  
                1.6E-03           -1.01428    
                1.605E-03        -27.0388E-03 
                1.61E-03         -23.6663E-03 
                1.615E-03       -180.887E-03  
                1.62E-03           3.40142E-03
                1.625E-03         -1.42735E-03
                1.63E-03           3.71477E-03
                1.635E-03       -940.874E-06  
                1.64E-03        -729.922E-03  
                1.645E-03         -2.8404     
                1.65E-03          -4.43801    
                1.655E-03         -6.49023    
                1.66E-03          -9.42997    
                1.665E-03        -11.223      
                1.67E-03         -12.1554     
                1.675E-03        -12.9429     
                1.68E-03         -13.8495     
                1.685E-03        -13.6313     
                1.69E-03         -15.0108     
                1.695E-03        -15.2353     
                1.7E-03          -18.2752     
                1.705E-03        -17.8412     
                1.71E-03         -18.2851     
                1.715E-03        -16.8859     
                1.72E-03         -17.8195     
                1.725E-03        -19.899      
                1.73E-03          -1.97877    
                1.735E-03       -505.923E-03  
                1.74E-03         -15.3242     
                1.745E-03        -43.3306     
                1.75E-03         -47.6319     
                1.755E-03        -44.9815     
                1.76E-03         -46.1817     
                1.765E-03        -46.6289     
                1.77E-03         -49.6201     
                1.775E-03        -49.9394     
                1.78E-03         -45.5945     
                1.785E-03        -45.8787     
                1.79E-03         -46.046      
                1.795E-03        -45.8108     
                1.8E-03          -41.8999     
                1.805E-03        -42.4343     
                1.81E-03         -42.4462     
                1.815E-03        -42.4441     
                1.82E-03         -37.7083     
                1.825E-03        -38.1535     
                1.83E-03         -37.0885     
                1.835E-03        -37.1871     
                1.84E-03         -31.9474     
                1.845E-03        -30.4458     
                1.85E-03         -36.0222     
                1.855E-03        -36.7533     
                1.86E-03         -36.3275     
                1.865E-03        -27.4438     
                1.87E-03         -32.5667     
                1.875E-03        -32.6378     
                1.88E-03         -32.4161     
                1.885E-03        -32.4056     
                1.89E-03         -28.0279     
                1.895E-03        -30.342      
                1.9E-03          -33.1918     
                1.905E-03        -34.7706     
                1.91E-03         -32.4995     
                1.915E-03        -31.6573     
                1.92E-03         -25.8321     
                1.925E-03        -26.6406     
                1.93E-03         -19.0273     
                1.935E-03        -25.8614     
                1.94E-03         -28.1907     
                1.945E-03        -24.2034     
                1.95E-03         -24.9705     
                1.955E-03        -23.9151     
                1.96E-03         -24.2583     
                1.965E-03        -23.5659     
                1.97E-03         -27.713      
                1.975E-03        -23.3987     
                1.98E-03         -25.6812     
                1.985E-03        -26.6481     
                1.99E-03         -14.7544E-03 
                1.995E-03         -4.90821    
                2.E-03           -29.3025     
                2.005E-03        -33.8342     
                2.01E-03         -28.0123     
                2.015E-03        -29.7149     
                2.02E-03         -28.0458     
                2.025E-03        -28.1342     
                2.03E-03         -15.4002     
                2.035E-03        -30.6543     
                2.04E-03         -27.4518     
                2.045E-03        -13.3073     
                2.05E-03         -31.7369     
                2.055E-03        -31.9435     
                2.06E-03         -32.0235     
                2.065E-03        -26.7874     
                2.07E-03         -27.6611     
                2.075E-03        -26.4473     
                2.08E-03         -26.4896     
                2.085E-03        -29.0704     
                2.09E-03         -29.6846     
                2.095E-03        -26.4019     
                2.1E-03          -25.2917     
                2.105E-03        -24.7792     
                2.11E-03         -23.6633     
                2.115E-03        -10.174      
                2.12E-03         -23.3168     
                2.125E-03        -25.8677     
                2.13E-03         -25.704      
                2.135E-03        -25.3767     
                2.14E-03         -20.8484     
                2.145E-03        -20.8984     
                2.15E-03         -10.2312     
                2.155E-03        -22.8349     
                2.16E-03         -22.759      
                2.165E-03        -18.3513     
                2.17E-03         -20.2219     
                2.175E-03        -19.1994     
                2.18E-03         -19.1387     
                2.185E-03        -20.5475     
                2.19E-03         -23.5539     
                2.195E-03        -20.7138     
                2.2E-03          -20.6126     
                2.205E-03        -19.8601     
                2.21E-03         -19.0443     
                2.215E-03        -17.4074     
                2.22E-03         -16.6674     
                2.225E-03        -16.3763     
                2.23E-03         -13.2419     
                2.235E-03        -20.1482     
                2.24E-03         -20.1163     
                2.245E-03        -17.8571     
                2.25E-03         -16.7525     
                2.255E-03        -16.739      
                2.26E-03         -15.7427     
                2.265E-03        -15.4058     
                2.27E-03         -13.5922     
                2.275E-03        -13.0623     
                2.28E-03         -12.5565     
                2.285E-03        -16.0262     
                2.29E-03          -4.93551    
                2.295E-03        -15.4264     
                2.3E-03          -17.5605     
                2.305E-03        -16.8248     
                2.31E-03         -15.795      
                2.315E-03        -14.8435     
                2.32E-03         -21.1807     
                2.325E-03        -17.7008     
                2.33E-03         -17.342      
                2.335E-03        -16.7809     
                2.34E-03         -16.2165     
                2.345E-03        -15.8992     
                2.35E-03          -2.83121    
                2.355E-03        -10.5221E-03 
                2.36E-03          -8.77275E-03
                2.365E-03        -18.0197     
                2.37E-03         -53.4293     
                2.375E-03        -59.0617     
                2.38E-03         -51.8356     
                2.385E-03        -51.3037     
                2.39E-03         -51.1343     
                2.395E-03        -49.5244     
                2.4E-03          -48.7032     
                2.405E-03        -43.5866     
                2.41E-03         -42.6025     
                2.415E-03        -41.3481     
                2.42E-03         -40.3863     
                2.425E-03        -34.6993     
                2.43E-03         -34.1133     
                2.435E-03        -34.4848     
                2.44E-03         -33.4808     
                2.445E-03        -29.0297     
                2.45E-03         -28.0485     
                2.455E-03        -27.3321     
                2.46E-03         -27.0258     
                2.465E-03        -22.3062     
                2.47E-03         -22.3266     
                2.475E-03        -22.1714     
                2.48E-03         -21.6333     
                2.485E-03        -17.1019     
                2.49E-03         -19.1804     
                2.495E-03        -20.9462     
                2.5E-03          -20.53       
                2.505E-03        -20.5517     
                2.51E-03         -18.0967     
                2.515E-03        -18.436      
                2.52E-03         -18.3081     
                2.525E-03        -17.1576     
                2.53E-03         -16.1614     
                2.535E-03         -9.14194    
                2.54E-03         -16.8663     
                2.545E-03        -17.6155     
                2.55E-03         -16.395      
                2.555E-03        -15.7372     
                2.56E-03         -15.0951     
                2.565E-03        -12.2067     
                2.57E-03         -12.4489     
                2.575E-03        -11.8335     
                2.58E-03         -11.3224     
                2.585E-03        -11.0143     
                2.59E-03         -10.0037     
                2.595E-03        -13.5671     
                2.6E-03           -7.41676    
                2.605E-03        493.973E-06  
                2.61E-03         -17.7718     
                2.615E-03        -24.3124     
                2.62E-03         -23.7756     
                2.625E-03          4.26675E-03
                2.63E-03          -4.67214    
                2.635E-03        -33.3718     
                2.64E-03         -38.122      
                2.645E-03        -40.3081     
                2.65E-03         -35.4236     
                2.655E-03        -34.9204     
                2.66E-03         -34.6464     
                2.665E-03        -34.0011     
                2.67E-03         -34.0732     
                2.675E-03        -30.9366     
                2.68E-03         -30.3441     
                2.685E-03        -30.0125     
                2.69E-03         -29.6611     
                2.695E-03        -26.1982     
                2.7E-03          -26.7324     
                2.705E-03        -26.3452     
                2.71E-03         -25.7155     
                2.715E-03        -18.9275     
                2.72E-03         -25.3513     
                2.725E-03        -26.3629     
                2.73E-03         -26.6517     
                2.735E-03        -26.6648     
                2.74E-03         -23.0924     
                2.745E-03        -23.8929     
                2.75E-03         -23.4124     
                2.755E-03        -28.1383     
                2.76E-03         -27.6631     
                2.765E-03        -27.1827     
                2.77E-03         -23.9702     
                2.775E-03        -24.7579     
                2.78E-03         -24.8376     
                2.785E-03        -24.7906     
                2.79E-03         -20.7217     
                2.795E-03        -20.0189     
                2.8E-03          -20.0539     
                2.805E-03        -18.6094     
                2.81E-03         -22.8963     
                2.815E-03        -23.1148     
                2.82E-03         -20.6442     
                2.825E-03        -19.5069     
                2.83E-03         -18.9026     
                2.835E-03        -18.2955     
                2.84E-03         -15.2974     
                2.845E-03        -15.8401     
                2.85E-03         -15.0924     
                2.855E-03        -14.429      
                2.86E-03         -13.7879     
                2.865E-03        -14.6813     
                2.87E-03         -14.3805     
                2.875E-03        -14.8977     
                2.88E-03         -14.5389     
                2.885E-03        -13.4523     
                2.89E-03         -13.1323     
                2.895E-03        -10.7549     
                2.9E-03          -10.816      
                2.905E-03        -10.1042     
                2.91E-03          -9.59702    
                2.915E-03          5.52445E-03
                2.92E-03        -205.584E-06  
                2.925E-03          2.22743E-03
                2.93E-03         -30.3182     
                2.935E-03        -42.3352     
                2.94E-03         -42.575      
                2.945E-03         -8.93281    
                2.95E-03         -10.4066     
                2.955E-03        -44.3709     
                2.96E-03         -46.8919     
                2.965E-03        -49.4448     
                2.97E-03         -47.2867     
                2.975E-03        -48.2524     
                2.98E-03         -42.3698     
                2.985E-03        -42.3638     
                2.99E-03         -42.082      
                2.995E-03        -40.857      
                3.E-03           -35.1939     
                3.005E-03        -35.0478     
                3.01E-03         -34.5821     
                3.015E-03        -34.4368     
                3.02E-03         -29.0334     
                3.025E-03        -28.9717     
                3.03E-03         -28.15       
                3.035E-03        -27.3203     
                3.04E-03         -22.8365     
                3.045E-03        -22.2699     
                3.05E-03         -22.0024     
                3.055E-03        -21.608      
                3.06E-03         -10.1578     
                3.065E-03        -20.2981     
                3.07E-03         -20.8071     
                3.075E-03        -20.9932     
                3.08E-03         -20.0054     
                3.085E-03        -16.745      
                3.09E-03         -12.7243     
                3.095E-03        -19.9621     
                3.1E-03          -20.2404     
                3.105E-03        -19.9873     
                3.11E-03         -19.5206     
                3.115E-03        -16.5411     
                3.12E-03         -16.9654     
                3.125E-03        -16.1785     
                3.13E-03         -15.5065     
                3.135E-03        -18.2695     
                3.14E-03         -18.9246     
                3.145E-03        -16.7131     
                3.15E-03         -16.1757     
                3.155E-03        -15.1979     
                3.16E-03         -15.0133     
                3.165E-03        -14.2943     
                3.17E-03         -11.5035     
                3.175E-03        -15.6123     
                3.18E-03         -16.2325     
                3.185E-03        -15.3233     
                3.19E-03         -15.1528     
                3.195E-03        -15.0268     
                3.2E-03          -12.8857     
                3.205E-03         -6.14067    
                3.21E-03         -16.546      
                3.215E-03        -15.8836     
                3.22E-03         -15.6797     
                3.225E-03        -15.4175     
                3.23E-03           1.43481E-03
                3.235E-03         -3.48908    
                3.24E-03         -21.5535     
                3.245E-03        -19.4838     
                3.25E-03         -28.7106     
                3.255E-03        -29.9605     
                3.26E-03         -28.2252     
                3.265E-03        -30.027      
                3.27E-03         -26.4128     
                3.275E-03        -25.9029     
                3.28E-03         -17.7437     
                3.285E-03        -30.6197     
                3.29E-03         -23.1674     
                3.295E-03        -32.6499     
                3.3E-03          -29.1173     
                3.305E-03        -30.022      
                3.31E-03         -30.3647     
                3.315E-03        -28.6745     
                3.32E-03         -25.9442     
                3.325E-03        -25.9787     
                3.33E-03         -25.8383     
                3.335E-03        -25.3964     
                3.34E-03         -21.4309     
                3.345E-03        -20.8057     
                3.35E-03         -25.6982     
                3.355E-03        -24.9643     
                3.36E-03         -24.7209     
                3.365E-03        -20.904      
                3.37E-03         -21.2238     
                3.375E-03        -19.8625     
                3.38E-03         -20.0744     
                3.385E-03         -9.44869    
                3.39E-03         -18.5851     
                3.395E-03        -20.3542     
                3.4E-03          -21.012      
                3.405E-03        -19.7576     
                3.41E-03         -18.4986     
                3.415E-03        -16.5812     
                3.42E-03         -16.1873     
                3.425E-03        -15.9242     
                3.43E-03         -14.7982     
                3.435E-03        -14.2431     
                3.44E-03         -12.2955     
                3.445E-03        -13.5452     
                3.45E-03         -15.2077     
                3.455E-03        -14.8445     
                3.46E-03         -13.8198     
                3.465E-03        -12.7119     
                3.47E-03         -11.0665     
                3.475E-03        -10.8189     
                3.48E-03          -9.55209    
                3.485E-03         -9.56255    
                3.49E-03          -7.98878    
                3.495E-03        -11.0032     
                3.5E-03           -9.37773    
                3.505E-03         -9.02155    
                3.51E-03          -8.80035    
                3.515E-03        -12.3388     
                3.52E-03         -12.9142     
                3.525E-03        -12.4814     
                3.53E-03          -7.16364    
                3.535E-03        -13.2496     
                3.54E-03        -673.586E-03  
                3.545E-03        372.529E-09  
                3.55E-03         -31.8031     
                3.555E-03        -55.2626     
                3.56E-03         -47.3681     
                3.565E-03        -48.6162     
                3.57E-03         -47.3848     
                3.575E-03        -47.2394     
                3.58E-03         -47.8577     
                3.585E-03        -41.6111     
                3.59E-03         -40.7938     
                3.595E-03        -40.1594     
                3.6E-03          -38.6857     
                3.605E-03        -34.8641     
                3.61E-03         -34.271      
                3.615E-03        -32.9368     
                3.62E-03         -29.2891     
                3.625E-03        -28.6181     
                3.63E-03         -28.0508     
                3.635E-03        -27.1088     
                3.64E-03         -26.7738     
                3.645E-03        -22.8485     
                3.65E-03         -22.6274     
                3.655E-03        -22.0359     
                3.66E-03         -21.3939     
                3.665E-03        -11.2586     
                3.67E-03         -21.3433     
                3.675E-03        -22.2468     
                3.68E-03         -21.7748     
                3.685E-03        -20.5265     
                3.69E-03         -18.0502     
                3.695E-03        -17.2172     
                3.7E-03          -16.9755     
                3.705E-03        -16.6977     
                3.71E-03         -15.9369     
                3.715E-03        -13.6015     
                3.72E-03         -12.5619     
                3.725E-03        -12.3077     
                3.73E-03         -15.3185     
                3.735E-03        -15.107      
                3.74E-03         -15.4184     
                3.745E-03         -8.07438    
                3.75E-03         -10.3294     
                3.755E-03         -9.34666    
                3.76E-03          -8.18733    
                3.765E-03         -4.80704    
                3.77E-03          -3.11276    
                3.775E-03        -16.784      
                3.78E-03         -36.2698     
                3.785E-03        -42.3251     
                3.79E-03         -45.6807     
                3.795E-03        -48.2333     
                3.8E-03          -50.3486     
                3.805E-03        -41.3071     
                3.81E-03         -44.7582     
                3.815E-03        -45.6541     
                3.82E-03         -52.766      
                3.825E-03        -52.7002     
                3.83E-03         -43.7078     
                3.835E-03        -45.7319     
                3.84E-03         -45.6293     
                3.845E-03        -45.1959     
                3.85E-03         -44.5734     
                3.855E-03        -40.4148     
                3.86E-03         -39.0411     
                3.865E-03        -38.4143     
                3.87E-03         -20.1059     
                3.875E-03        -39.758      
                3.88E-03         -37.5671     
                3.885E-03        -37.467      
                3.89E-03         -35.6158     
                3.895E-03        -29.3115     
                3.9E-03          -31.8941     
                3.905E-03        -31.3234     
                3.91E-03         -32.9334     
                3.915E-03        -33.7245     
                3.92E-03         -34.7038     
                3.925E-03        -29.9909     
                3.93E-03         -29.8871     
                3.935E-03        -16.0689     
                3.94E-03         -30.2539     
                3.945E-03        -30.4518     
                3.95E-03         -30.8869     
                3.955E-03        -28.2833     
                3.96E-03         -27.7808     
                3.965E-03        -26.6711     
                3.97E-03         -27.0059     
                3.975E-03         -4.38991E-03
                3.98E-03         -27.6676     
                3.985E-03        -24.267      
                3.99E-03         -26.3471     
                3.995E-03        -25.9403     
                4.E-03           -26.4129     
                4.005E-03        -25.1154     
                4.01E-03         -20.757      
                4.015E-03        -21.3267     
                4.02E-03         -21.044      
                4.025E-03        -24.5724     
                4.03E-03         -23.4171     
                4.035E-03        -24.8424     
                4.04E-03         -23.7925     
                4.045E-03        -19.0857     
                4.05E-03         -22.5167     
                4.055E-03        -23.0543     
                4.06E-03         -23.0998     
                4.065E-03        -23.5992     
                4.07E-03         -22.9053     
                4.075E-03        -17.6544     
                4.08E-03         -19.8814     
                4.085E-03        -22.4433     
                4.09E-03         -22.3682     
                4.095E-03        -14.591      
                4.1E-03          -26.5676     
                4.105E-03        -26.5821     
                4.11E-03         -25.4569     
                4.115E-03        -10.7055     
                4.12E-03         -25.203      
                4.125E-03        -26.3123     
                4.13E-03         -25.812      
                4.135E-03        -17.2502     
                4.14E-03         -31.2261     
                4.145E-03        -32.0439     
                4.15E-03         -26.1221     
                4.155E-03        -26.3842     
                4.16E-03         -26.7915     
                4.165E-03        -10.851      
                4.17E-03         -29.9799     
                4.175E-03        -30.6022     
                4.18E-03         -24.6893     
                4.185E-03        -26.7484     
                4.19E-03         -26.7824     
                4.195E-03        -25.373      
                4.2E-03          -12.9962     
                4.205E-03        -27.2712     
                4.21E-03         -26.0445     
                4.215E-03        -25.4813     
                4.22E-03         -25.4876     
                4.225E-03        -24.3865     
                4.23E-03         -24.1956     
                4.235E-03        -22.3836     
                4.24E-03         -12.4376     
                4.245E-03        -25.0472     
                4.25E-03         -26.0914     
                4.255E-03        -25.1374     
                4.26E-03         -24.808      
                4.265E-03        -21.8442     
                4.27E-03         -21.8246     
                4.275E-03        -20.7757     
                4.28E-03         -19.7528     
                4.285E-03        -20.0889     
                4.29E-03         -18.2067     
                4.295E-03        -21.5926     
                4.3E-03          -21.7493     
                4.305E-03        -21.6149     
                4.31E-03         -20.3625     
                4.315E-03        -19.9468     
                4.32E-03         -17.5187     
                4.325E-03        -17.8259     
                4.33E-03         -16.9622     
                4.335E-03        -16.3309     
                4.34E-03         -15.5669     
                4.345E-03        -15.0458     
                4.35E-03         -13.1143     
                4.355E-03        -12.5515     
                4.36E-03         -12.5231     
                4.365E-03        -14.9128     
                4.37E-03         -17.3483     
                4.375E-03        -16.1012     
                4.38E-03         -14.1951     
                4.385E-03        -13.4713     
                4.39E-03         -12.3062     
                4.395E-03        -11.8358     
                4.4E-03          -11.4248     
                4.405E-03         -6.17926    
                4.41E-03          -6.56193    
                4.415E-03         -5.32074    
                4.42E-03          -2.9763     
                4.425E-03         -2.61259    
                4.43E-03          -2.76264    
                4.435E-03        -16.2823     
                4.44E-03         -39.8703     
                4.445E-03        -51.5787     
                4.45E-03         -41.767      
                4.455E-03        -48.5191     
                4.46E-03         -50.567      
                4.465E-03        -52.7255     
                4.47E-03         -54.4436     
                4.475E-03        -56.4408     
                4.48E-03         -46.9206     
                4.485E-03        -51.891      
                4.49E-03         -52.4551     
                4.495E-03        -53.2078     
                4.5E-03          -53.7447     
                4.505E-03        -54.0995     
                4.51E-03         -46.846      
                4.515E-03        -48.204      
                4.52E-03         -48.0165     
                4.525E-03        -47.8065     
                4.53E-03         -47.3027     
                4.535E-03        -42.6771     
                4.54E-03         -41.4869     
                4.545E-03        -41.8128     
                4.55E-03         -41.1846     
                4.555E-03        -34.684      
                4.56E-03         -34.6004     
                4.565E-03        -35.2798     
                4.57E-03         -35.6596     
                4.575E-03        -27.6344     
                4.58E-03         -30.6532     
                4.585E-03        -22.6143     
                4.59E-03         -32.4404     
                4.595E-03        -34.9161     
                4.6E-03          -33.1868     
                4.605E-03        -27.1507     
                4.61E-03         -30.0524     
                4.615E-03        -28.6254     
                4.62E-03         -28.9881     
                4.625E-03        -28.8138     
                4.63E-03         -24.9992     
                4.635E-03        -28.9485     
                4.64E-03         -30.4271     
                4.645E-03        -29.6818     
                4.65E-03         -27.4185     
                4.655E-03        -26.9874     
                4.66E-03         -24.3719     
                4.665E-03        -22.2646     
                4.67E-03         -25.6076     
                4.675E-03        -25.5412     
                4.68E-03         -12.173      
                4.685E-03        -26.8184     
                4.69E-03         -27.7407     
                4.695E-03         -6.48172    
                4.7E-03          -29.5623     
                4.705E-03        -25.4584     
                4.71E-03         -10.3599     
                4.715E-03        -15.7698     
                4.72E-03           1.71769E-03
                4.725E-03        -22.6814     
                4.73E-03         -37.9526     
                4.735E-03        -39.9558     
                4.74E-03         -40.1521     
                4.745E-03        -40.4985     
                4.75E-03         -33.8887     
                4.755E-03        -18.4834     
                4.76E-03         -36.7006     
                4.765E-03        -39.1422     
                4.77E-03         -36.8504     
                4.775E-03        -37.1786     
                4.78E-03         -32.9891     
                4.785E-03        -32.1389     
                4.79E-03         -31.3261     
                4.795E-03        -32.1667     
                4.8E-03          -30.5622     
                4.805E-03        -23.4175     
                4.81E-03         -26.9502     
                4.815E-03        -25.1396     
                4.82E-03         -25.2205     
                4.825E-03        -14.2635     
                4.83E-03         -29.6441     
                4.835E-03        -27.8109     
                4.84E-03         -25.9384     
                4.845E-03        -26.3143     
                4.85E-03         -25.084      
                4.855E-03        -24.4846     
                4.86E-03         -20.29       
                4.865E-03        -13.0362     
                4.87E-03         -25.5033     
                4.875E-03        -26.961      
                4.88E-03         -25.5814     
                4.885E-03        -24.1487     
                4.89E-03         -21.8948     
                4.895E-03        -21.309      
                4.9E-03          -20.7275     
                4.905E-03        -10.9692     
                4.91E-03         -21.5083     
                4.915E-03        -22.9099     
                4.92E-03         -19.0106     
                4.925E-03        -19.5197     
                4.93E-03         -19.6562     
                4.935E-03        -18.6302     
                4.94E-03         -18.6615     
                4.945E-03        -16.4581     
                4.95E-03         -17.0177     
                4.955E-03        -19.5496     
                4.96E-03         -19.5375     
                4.965E-03        -20.1325     
                4.97E-03         -18.9533     
                4.975E-03        -19.6392     
                4.98E-03         -17.0466     
                4.985E-03        -16.9407     
                4.99E-03         -16.3453     
                4.995E-03        -16.6122     
                5.E-03           -15.5721     
                5.005E-03        -12.0245     
                5.01E-03         -13.8635     
                5.015E-03        -13.9086     
                5.02E-03         -13.3606     
                5.025E-03        -11.4293     
                5.03E-03         -16.573      
                5.035E-03        -16.6351     
                5.04E-03         -14.7935     
                5.045E-03        -14.828      
                5.05E-03         -14.6679     
                5.055E-03        -14.0335     
                5.06E-03          -6.01881    
                5.065E-03        -10.2447     
                5.07E-03         -10.6396     
                5.075E-03         -6.60091    
                5.08E-03          -3.42198    
                5.085E-03         -2.18847    
                5.09E-03          -6.12       
                5.095E-03        -37.5944     
                5.1E-03          -50.6797     
                5.105E-03        -57.109      
                5.11E-03         -48.5988     
                5.115E-03        -53.8863     
                5.12E-03         -56.405      
                5.125E-03        -57.9768     
                5.13E-03         -59.3447     
                5.135E-03        -60.0164     
                5.14E-03         -51.901      
                5.145E-03        -53.7257     
                5.15E-03         -54.0089     
                5.155E-03        -54.1612     
                5.16E-03         -54.239      
                5.165E-03        -46.2481     
                5.17E-03         -47.1138     
                5.175E-03        -46.6588     
                5.18E-03         -46.916      
                5.185E-03        -47.2346     
                5.19E-03         -41.4751     
                5.195E-03        -41.2404     
                5.2E-03          -41.4655     
                5.205E-03        -41.6636     
                5.21E-03         -35.3033     
                5.215E-03        -35.3987     
                5.22E-03         -35.2082     
                5.225E-03        -33.3921     
                5.23E-03         -37.885      
                5.235E-03        -39.6294     
                5.24E-03         -31.9046     
                5.245E-03        -34.1934     
                5.25E-03         -33.8029     
                5.255E-03        -34.1544     
                5.26E-03         -13.5578     
                5.265E-03        -34.1389     
                5.27E-03         -30.9043     
                5.275E-03        -32.5635     
                5.28E-03         -32.9556     
                5.285E-03        -33.4914     
                5.29E-03         -18.0536     
                5.295E-03        -34.0693     
                5.3E-03          -28.6064     
                5.305E-03        -30.7261     
                5.31E-03         -30.875      
                5.315E-03        -29.7149     
                5.32E-03         -31.9134     
                5.325E-03        -28.3787     
                5.33E-03         -31.7484     
                5.335E-03        -30.3176     
                5.34E-03         -30.8694     
                5.345E-03        -29.5095     
                5.35E-03         -23.2826     
                5.355E-03        -31.1873     
                5.36E-03         -26.0302     
                5.365E-03        -16.3542     
                5.37E-03         -28.6977     
                5.375E-03        -29.2182     
                5.38E-03         -30.4734     
                5.385E-03        -29.3502     
                5.39E-03         -30.019      
                5.395E-03       -862.166E-06  
                5.4E-03          -24.9656     
                5.405E-03        -27.9541     
                5.41E-03         -27.2042     
                5.415E-03        -27.8007     
                5.42E-03         -11.4345     
                5.425E-03        -28.7316     
                5.43E-03         -31.1061     
                5.435E-03        -28.2618     
                5.44E-03         -27.7908     
                5.445E-03        -17.7906     
                5.45E-03         -27.4039     
                5.455E-03        -29.881      
                5.46E-03         -29.6993     
                5.465E-03        -28.938      
                5.47E-03         -26.7911     
                5.475E-03        -25.7326     
                5.48E-03         -27.2168     
                5.485E-03        -26.4384     
                5.49E-03         -27.12       
                5.495E-03        -28.3743     
                5.5E-03          -25.9987     
                5.505E-03        -26.1182     
                5.51E-03         -25.3991     
                5.515E-03        -25.7268     
                5.52E-03         -12.9075     
                5.525E-03        -27.0225     
                5.53E-03         -26.5549     
                5.535E-03        -27.1672     
                5.54E-03         -26.9794     
                5.545E-03        -21.6752     
                5.55E-03         -23.969      
                5.555E-03        -13.7147     
                5.56E-03         -26.5774     
                5.565E-03        -27.0434     
                5.57E-03         -26.8757     
                5.575E-03        -21.8676     
                5.58E-03         -22.9215     
                5.585E-03        -22.6991     
                5.59E-03         -21.9261     
                5.595E-03        -21.3701     
                5.6E-03          -19.2163     
                5.605E-03        -24.2552     
                5.61E-03         -22.5033     
                5.615E-03        -21.7218     
                5.62E-03         -21.3491     
                5.625E-03        -21.4741     
                5.63E-03         -21.6262     
                5.635E-03        -18.8303     
                5.64E-03         -18.5295     
                5.645E-03        -17.9766     
                5.65E-03         -17.9575     
                5.655E-03        -17.7871     
                5.66E-03         -15.9862     
                5.665E-03         -5.406      
                5.67E-03           4.56858E-03
                5.675E-03         -9.53416    
                5.68E-03         -28.2059     
                5.685E-03        -31.8249     
                5.69E-03         -32.7141     
                5.695E-03         -7.94655    
                5.7E-03          -32.1965     
                5.705E-03        -33.5391     
                5.71E-03         -34.4324     
                5.715E-03        -30.6663     
                5.72E-03         -29.4437     
                5.725E-03        -30.1486     
                5.73E-03         -28.5703     
                5.735E-03        -29.5119     
                5.74E-03         -25.8039     
                5.745E-03        -25.6546     
                5.75E-03         -24.7273     
                5.755E-03        -24.5482     
                5.76E-03         -23.9452     
                5.765E-03        -14.0872     
                5.77E-03         -26.7685     
                5.775E-03        -25.1921     
                5.78E-03         -26.4045     
                5.785E-03        -26.2535     
                5.79E-03         -25.4722     
                5.795E-03        -15.7318     
                5.8E-03          -26.4074     
                5.805E-03        -27.2292     
                5.81E-03         -27.2035     
                5.815E-03        -25.3658     
                5.82E-03         -26.1801     
                5.825E-03        -24.2414     
                5.83E-03         -22.6227     
                5.835E-03        -22.1115     
                5.84E-03         -21.8514     
                5.845E-03        -20.7324     
                5.85E-03         -18.2563     
                5.855E-03        -10.5122     
                5.86E-03         -21.4977     
                5.865E-03        -20.952      
                5.87E-03          -2.58194    
                5.875E-03        -23.8343     
                5.88E-03         -29.8442     
                5.885E-03        -29.7675     
                5.89E-03         -25.6547     
                5.895E-03        -34.1747     
                5.9E-03          -30.1549     
                5.905E-03        -31.4331     
                5.91E-03         -30.3821     
                5.915E-03        -30.2647     
                5.92E-03         -25.7123     
                5.925E-03        -34.5689     
                5.93E-03         -27.3425     
                5.935E-03        -30.8199     
                5.94E-03         -30.5218     
                5.945E-03        -30.9178     
                5.95E-03         -29.9698     
                5.955E-03        -26.6566     
                5.96E-03         -26.4899     
                5.965E-03        -25.5451     
                5.97E-03         -25.1942     
                5.975E-03        -24.8379     
                5.98E-03         -19.6096     
                5.985E-03        -21.078      
                5.99E-03         -21.0876     
                5.995E-03        -21.0188     
                6.E-03           -12.8751     
                6.005E-03        -22.7108     
                6.01E-03         -19.9263     
                6.015E-03        -20.711      
                6.02E-03         -20.2263     
                6.025E-03        -20.2218     
                6.03E-03         -20.3818     
                6.035E-03        -19.964      
                6.04E-03         -17.5658     
                6.045E-03        -17.6484     
                6.05E-03         -17.2664     
                6.055E-03        -16.8173     
                6.06E-03         -16.9854     
                6.065E-03        -14.8238     
                6.07E-03         -14.7132     
                6.075E-03        -15.547      
                6.08E-03         -17.4969     
                6.085E-03        -18.2166     
                6.09E-03         -16.6921     
                6.095E-03        -16.883      
                6.1E-03          -15.6        
                6.105E-03        -15.3847     
                6.11E-03         -14.4204     
                6.115E-03        -14.3103     
                6.12E-03         -14.013      
                6.125E-03        -14.0849     
                6.13E-03         -11.3219     
                6.135E-03        -12.2837     
                6.14E-03         -12.221      
                6.145E-03        -11.847      
                6.15E-03          -8.60802    
                6.155E-03         -8.97499    
                6.16E-03          -2.99327    
                6.165E-03         -1.89153    
                6.17E-03          -2.72131    
                6.175E-03         -2.73988    
                6.18E-03         -45.682      
                6.185E-03        -60.8956     
                6.19E-03         -60.8257     
                6.195E-03        -62.2634     
                6.2E-03          -51.1535     
                6.205E-03        -55.9099     
                6.21E-03         -56.2576     
                6.215E-03        -55.0452     
                6.22E-03         -54.1105     
                6.225E-03        -54.5452     
                6.23E-03         -47.8598     
                6.235E-03        -46.8851     
                6.24E-03         -48.2661     
                6.245E-03        -47.0259     
                6.25E-03         -46.6677     
                6.255E-03        -40.7669     
                6.26E-03         -41.6035     
                6.265E-03        -41.7538     
                6.27E-03         -41.252      
                6.275E-03        -29.3129     
                6.28E-03         -35.5164     
                6.285E-03        -34.6473     
                6.29E-03         -35.4146     
                6.295E-03        -35.4485     
                6.3E-03          -30.1515     
                6.305E-03        -29.7821     
                6.31E-03         -16.7775     
                6.315E-03        -30.6957     
                6.32E-03         -32.4507     
                6.325E-03        -27.5814     
                6.33E-03         -28.0379     
                6.335E-03        -28.5837     
                6.34E-03         -28.2801     
                6.345E-03        -28.5195     
                6.35E-03         -19.7689     
                6.355E-03        -23.843      
                6.36E-03         -26.6105     
                6.365E-03        -26.9041     
                6.37E-03         -27.1754     
                6.375E-03        -27.696      
                6.38E-03         -26.4938     
                6.385E-03        -22.1047     
                6.39E-03         -23.3026     
                6.395E-03        -26.2239     
                6.4E-03          -27.3845     
                6.405E-03        -28.0902     
                6.41E-03         -26.2286     
                6.415E-03        -24.5732     
                6.42E-03         -19.3531     
                6.425E-03        -24.3204     
                6.43E-03         -23.7645     
                6.435E-03        -24.3702     
                6.44E-03         -23.2704     
                6.445E-03        -22.813      
                6.45E-03         -14.8448     
                6.455E-03        -21.9375     
                6.46E-03         -23.0125     
                6.465E-03        -22.8531     
                6.47E-03         -21.0288     
                6.475E-03        -16.1549     
                6.48E-03         -23.9177     
                6.485E-03        -22.5305     
                6.49E-03         -21.0286     
                6.495E-03        -19.9174     
                6.5E-03          -16.2585     
                6.505E-03        -24.257      
                6.51E-03         -25.2188     
                6.515E-03        -11.6393     
                6.52E-03         -27.0927     
                6.525E-03        -25.3003     
                6.53E-03         -25.5458     
                6.535E-03        -23.9087     
                6.54E-03         -29.1959     
                6.545E-03        -28.2942     
                6.55E-03         -29.4669     
                6.555E-03        -23.9744     
                6.56E-03         -26.15       
                6.565E-03        -17.4802     
                6.57E-03         -28.6844     
                6.575E-03        -29.6965     
                6.58E-03         -29.7689     
                6.585E-03        -24.0048     
                6.59E-03         -26.0545     
                6.595E-03        -25.8426     
                6.6E-03          -25.5673     
                6.605E-03        -25.9932     
                6.61E-03         -13.8968     
                6.615E-03        -24.6653     
                6.62E-03         -24.6449     
                6.625E-03        -25.1818     
                6.63E-03         -26.0381     
                6.635E-03        -26.0341     
                6.64E-03         -22.8283     
                6.645E-03        -22.6717     
                6.65E-03         -23.0987     
                6.655E-03        -20.5648     
                6.66E-03         -25.2346     
                6.665E-03        -25.5039     
                6.67E-03         -23.4222     
                6.675E-03        -22.8727     
                6.68E-03         -22.642      
                6.685E-03        -22.8905     
                6.69E-03         -22.8702     
                6.695E-03        -19.5609     
                6.7E-03          -19.6651     
                6.705E-03        -22.5939     
                6.71E-03         -22.1829     
                6.715E-03        -23.4268     
                6.72E-03         -21.7796     
                6.725E-03        -19.4702     
                6.73E-03         -19.1664     
                6.735E-03        -19.7738     
                6.74E-03         -19.3353     
                6.745E-03        -18.9964     
                6.75E-03         -21.7044     
                6.755E-03        -21.9774     
                6.76E-03         -19.4978     
                6.765E-03        -20.3003     
                6.77E-03         -20.2924     
                6.775E-03        -19.7083     
                6.78E-03         -18.403      
                6.785E-03        -18.4359     
                6.79E-03         -17.1723     
                6.795E-03        -17.7252     
                6.8E-03          -17.0487     
                6.805E-03        -16.2803     
                6.81E-03         -16.2185     
                6.815E-03        -18.9501     
                6.82E-03         -20.0391     
                6.825E-03        -17.6871     
                6.83E-03         -17.9825     
                6.835E-03        -17.2364     
                6.84E-03         -17.6436     
                6.845E-03        -16.6518     
                6.85E-03         -16.3539     
                6.855E-03        -14.6903     
                6.86E-03         -14.6006     
                6.865E-03        -14.6045     
                6.87E-03         -14.1379     
                6.875E-03        -14.0033     
                6.88E-03         -11.0715     
                6.885E-03        -12.1235     
                6.89E-03         -13.4727     
                6.895E-03        -13.2667     
                6.9E-03          -13.2772     
                6.905E-03         -1.74506    
                6.91E-03         399.932E-06  
                6.915E-03          2.95414E-03
                6.92E-03         -14.4651     
                6.925E-03        734.24E-06   
                6.93E-03         -32.2089     
                6.935E-03        -56.7074     
                6.94E-03         -61.6698     
                6.945E-03        -63.0151     
                6.95E-03         -60.78       
                6.955E-03        -56.2626     
                6.96E-03         -54.3388     
                6.965E-03        -54.4174     
                6.97E-03         -54.6045     
                6.975E-03        -53.3053     
                6.98E-03         -45.7439     
                6.985E-03        -46.3986     
                6.99E-03         -46.719      
                6.995E-03        -45.8899     
                7.E-03           -45.7184     
                7.005E-03        -40.5166     
                7.01E-03         -40.0031     
                7.015E-03        -39.4577     
                7.02E-03         -38.8005     
                7.025E-03        -34.4666     
                7.03E-03         -33.369      
                7.035E-03        -33.9785     
                7.04E-03         -32.8989     
                7.045E-03        -28.3154     
                7.05E-03         -14.5713     
                7.055E-03        -30.1818     
                7.06E-03         -29.9003     
                7.065E-03        -30.9451     
                7.07E-03         -31.3785     
                7.075E-03        -27.2308     
                7.08E-03         -25.3366     
                7.085E-03        -25.8401     
                7.09E-03         -25.2554     
                7.095E-03        -25.5079     
                7.1E-03           -8.36218    
                7.105E-03        -22.3462     
                7.11E-03         -24.0328     
                7.115E-03        -24.5636     
                7.12E-03         -22.7244     
                7.125E-03        -22.9408     
                7.13E-03         -23.0195     
                7.135E-03        -19.473      
                7.14E-03         -18.9504     
                7.145E-03        -18.8069     
                7.15E-03         -22.1378     
                7.155E-03        -21.5655     
                7.16E-03         -20.7298     
                7.165E-03        -17.7746     
                7.17E-03         -18.1444     
                7.175E-03        -17.6877     
                7.18E-03         -17.3924     
                7.185E-03        -17.4547     
                7.19E-03         -16.9738     
                7.195E-03         -8.96894    
                7.2E-03          -16.8364     
                7.205E-03        -17.8833     
                7.21E-03         -17.3738     
                7.215E-03        -17.2284     
                7.22E-03         -16.2431     
                7.225E-03        526.443E-06  
                7.23E-03         -15.5541     
                7.235E-03        -17.9636     
                7.24E-03         -17.7451     
                7.245E-03        -16.7958     
                7.25E-03         -16.8855     
                7.255E-03        -21.2166     
                7.26E-03         -19.1482     
                7.265E-03        -18.8031     
                7.27E-03         -18.4646     
                7.275E-03        -18.5357     
                7.28E-03           3.2822E-03 
                7.285E-03        -14.443      
                7.29E-03         -27.1469     
                7.295E-03        -26.9683     
                7.3E-03          -28.0989     
                7.305E-03        -29.184      
                7.31E-03         -23.3981     
                7.315E-03        -28.819      
                7.32E-03         -30.1668     
                7.325E-03        -29.5172     
                7.33E-03         -30.5295     
                7.335E-03        -26.8405     
                7.34E-03         -28.1933     
                7.345E-03        -26.7581     
                7.35E-03         -30.0615     
                7.355E-03        -30.2443     
                7.36E-03         -29.903      
                7.365E-03        -25.3385     
                7.37E-03         -27.6232     
                7.375E-03        -28.0801     
                7.38E-03         -27.5583     
                7.385E-03        -27.5409     
                7.39E-03         -24.8455     
                7.395E-03        -23.6101     
                7.4E-03          -23.9878     
                7.405E-03        -18.8888     
                7.41E-03         -27.0081     
                7.415E-03        -24.4522     
                7.42E-03         -24.4953     
                7.425E-03        -24.8507     
                7.43E-03         -24.59       
                7.435E-03        -24.1217     
                7.44E-03         -24.3635     
                7.445E-03        -19.7809     
                7.45E-03         -22.9193     
                7.455E-03        -16.0741     
                7.46E-03         -25.4839     
                7.465E-03        -25.8327     
                7.47E-03         -26.0281     
                7.475E-03        -25.5171     
                7.48E-03         -23.5722     
                7.485E-03        -24.208      
                7.49E-03         -23.4859     
                7.495E-03        -23.4642     
                7.5E-03          -22.9859     
                7.505E-03        -17.798      
                7.51E-03         -15.6321     
                7.515E-03        -23.3443     
                7.52E-03         -22.9199     
                7.525E-03        -23.3421     
                7.53E-03         -21.7018     
                7.535E-03        -22.4155     
                7.54E-03         -20.4571     
                7.545E-03        -18.8285     
                7.55E-03         -19.1905     
                7.555E-03        -19.1533     
                7.56E-03         -18.6086     
                7.565E-03        -19.1308     
                7.57E-03         -16.5799     
                7.575E-03        -16.9979     
                7.58E-03         -18.853      
                7.585E-03        -18.2564     
                7.59E-03         -17.9857     
                7.595E-03        -13.9528     
                7.6E-03          -12.5954     
                7.605E-03        -11.4453     
                7.61E-03          -3.81961    
                7.615E-03         -8.60221    
                7.62E-03          14.9119E-03 
                7.625E-03          3.29812E-03
                7.63E-03         -29.9875     
                7.635E-03        -45.1878     
                7.64E-03         -45.6291     
                7.645E-03        -47.2592     
                7.65E-03         -46.2832     
                7.655E-03        -40.3861     
                7.66E-03         -40.2095     
                7.665E-03        -40.7382     
                7.67E-03         -39.5477     
                7.675E-03        -39.3635     
                7.68E-03         -38.5368     
                7.685E-03        -32.9112     
                7.69E-03         -32.5945     
                7.695E-03        -33.0751     
                7.7E-03          -32.194      
                7.705E-03        -26.6018     
                7.71E-03         -27.6886     
                7.715E-03        -27.727      
                7.72E-03         -26.2114     
                7.725E-03        -27.2524     
                7.73E-03         -22.7971     
                7.735E-03        -23.1554     
                7.74E-03         -22.0939     
                7.745E-03        -21.9729     
                7.75E-03         -21.6823     
                7.755E-03        -18.2634     
                7.76E-03          -9.01297    
                7.765E-03        -21.8265     
                7.77E-03         -21.8717     
                7.775E-03        -21.6504     
                7.78E-03         -21.9811     
                7.785E-03        -18.3135     
                7.79E-03         -18.7592     
                7.795E-03        -18.4135     
                7.8E-03           -8.19858    
                7.805E-03        -20.4281     
                7.81E-03         -20.5897     
                7.815E-03        -20.8373     
                7.82E-03         -19.1029     
                7.825E-03        -18.8434     
                7.83E-03         -18.7197     
                7.835E-03        -18.2723     
                7.84E-03         -18.4341     
                7.845E-03        -14.7561     
                7.85E-03         -21.0342     
                7.855E-03        -18.5424     
                7.86E-03         -18.4582     
                7.865E-03        -18.9041     
                7.87E-03         -17.8311     
                7.875E-03        -18.2876     
                7.88E-03         -13.0679     
                7.885E-03        -20.3234     
                7.89E-03         -19.1167     
                7.895E-03        -19.8574     
                7.9E-03          -19.2917     
                7.905E-03        -19.4054     
                7.91E-03         -17.9463     
                7.915E-03        -20.178      
                7.92E-03         -20.0437     
                7.925E-03        -19.0682     
                7.93E-03         -19.3298     
                7.935E-03        -18.5659     
                7.94E-03         -18.9261     
                7.945E-03         -2.86728E-03
                7.95E-03          -4.58603    
                7.955E-03        -27.935      
                7.96E-03         -29.9016     
                7.965E-03        -27.3541     
                7.97E-03         -27.6103     
                7.975E-03        -27.3232     
                7.98E-03         -26.9706     
                7.985E-03        -19.607      
                7.99E-03         -30.8578     
                7.995E-03        -18.2903     
                8.E-03           -33.0945     
                8.005E-03        -31.3536     
                8.01E-03         -32.3465     
                8.015E-03        -33.3163     
                8.02E-03         -26.2694     
                8.025E-03        -28.7728     
                8.03E-03         -28.2731     
                8.035E-03        -17.1656     
                8.04E-03         -31.6878     
                8.045E-03        -31.8501     
                8.05E-03         -27.1211     
                8.055E-03        -29.4557     
                8.06E-03         -26.8432     
                8.065E-03        -26.7161     
                8.07E-03         -27.6496     
                8.075E-03        -23.8171     
                8.08E-03         -23.9216     
                8.085E-03        -14.5519     
                8.09E-03         -26.8265     
                8.095E-03        -26.0917     
                8.1E-03          -25.5472     
                8.105E-03        -22.8141     
                8.11E-03         -22.7661     
                8.115E-03        -21.7908     
                8.12E-03         -22.1747     
                8.125E-03        -10.3603     
                8.13E-03         -25.6796     
                8.135E-03        -25.6724     
                8.14E-03         -22.5281     
                8.145E-03        -23.0165     
                8.15E-03         -21.919      
                8.155E-03        -22.0569     
                8.16E-03          -9.57026    
                8.165E-03        -25.9415     
                8.17E-03         -23.423      
                8.175E-03        -23.5006     
                8.18E-03         -22.9011     
                8.185E-03        -22.2323     
                8.19E-03         -22.6907     
                8.195E-03        -19.6509     
                8.2E-03          -19.7258     
                8.205E-03        -18.8103     
                8.21E-03         -21.0759     
                8.215E-03        -21.6089     
                8.22E-03         -22.2978     
                8.225E-03        -17.0574     
                8.23E-03         -19.3573     
                8.235E-03        -18.9147     
                8.24E-03         -18.7631     
                8.245E-03        -18.6178     
                8.25E-03         -17.7042     
                8.255E-03        -16.6432     
                8.26E-03         -16.2488     
                8.265E-03        -19.5447     
                8.27E-03         -19.4826     
                8.275E-03        -19.2883     
                8.28E-03         -18.1822     
                8.285E-03        -18.2903     
                8.29E-03         -16.1651     
                8.295E-03        -15.7437     
                8.3E-03          -15.8404     
                8.305E-03        -15.4605     
                8.31E-03         -15.1063     
                8.315E-03        -12.1952     
                8.32E-03         -15.9302     
                8.325E-03         -3.41432    
                8.33E-03         -18.1963     
                8.335E-03        -22.9479     
                8.34E-03         -22.0474     
                8.345E-03        -22.5923     
                8.35E-03         -19.8667     
                8.355E-03        -25.9988     
                8.36E-03         -22.7285     
                8.365E-03        -24.5862     
                8.37E-03         -18.9932     
                8.375E-03        -22.8948     
                8.38E-03         -24.3936     
                8.385E-03        -38.1086     
                8.39E-03         -41.8588     
                8.395E-03        -38.0468     
                8.4E-03          -39.221      
                8.405E-03        -34.3011     
                8.41E-03         -35.5454     
                8.415E-03        -33.1019     
                8.42E-03         -33.813      
                8.425E-03        -33.3354     
                8.43E-03         -30.1746     
                8.435E-03        -30.1612     
                8.44E-03         -29.2075     
                8.445E-03        -29.0169     
                8.45E-03         -24.0122     
                8.455E-03        -33.0773     
                8.46E-03         -28.6231     
                8.465E-03        -28.3269     
                8.47E-03         -28.5776     
                8.475E-03        -28.9047     
                8.48E-03         -28.2267     
                8.485E-03        -24.7412     
                8.49E-03         -13.6046     
                8.495E-03        -27.4802     
                8.5E-03          -27.4697     
                8.505E-03        -28.2456     
                8.51E-03         -23.424      
                8.515E-03        -24.5282     
                8.52E-03         -23.9163     
                8.525E-03        -23.6412     
                8.53E-03         -23.6294     
                8.535E-03        -18.2953     
                8.54E-03         -27.5274     
                8.545E-03        -24.0951     
                8.55E-03         -24.1935     
                8.555E-03        -23.6278     
                8.56E-03         -24.1416     
                8.565E-03        -23.0469     
                8.57E-03          -9.96445    
                8.575E-03        -21.3374     
                8.58E-03         -23.39       
                8.585E-03        -22.8337     
                8.59E-03         -23.7111     
                8.595E-03        -21.5532     
                8.6E-03          -18.9923     
                8.605E-03        -14.3279     
                8.61E-03         -21.746      
                8.615E-03        -21.757      
                8.62E-03         -22.4344     
                8.625E-03        -22.7562     
                8.63E-03         -21.7275     
                8.635E-03        -19.3942     
                8.64E-03         -14.5237     
                8.645E-03        -21.948      
                8.65E-03         -22.8068     
                8.655E-03        -21.6456     
                8.66E-03         -22.1576     
                8.665E-03        -19.9121     
                8.67E-03         -18.7848     
                8.675E-03        -23.8294     
                8.68E-03         -24.1621     
                8.685E-03        -23.5035     
                8.69E-03         -22.6213     
                8.695E-03        -18.5447     
                8.7E-03          -19.3968     
                8.705E-03        -18.9838     
                8.71E-03         -18.2019     
                8.715E-03        -18.6468     
                8.72E-03         -21.055      
                8.725E-03        -21.4444     
                8.73E-03         -19.5254     
                8.735E-03        -19.2063     
                8.74E-03         -18.9861     
                8.745E-03        -15.4027     
                8.75E-03         -19.3983     
                8.755E-03        -20.2107     
                8.76E-03         -12.053      
                8.765E-03        -21.2394     
                8.77E-03         -20.585      
                8.775E-03        -20.1308     
                8.78E-03         -23.9713     
                8.785E-03        -24.0488     
                8.79E-03         -25.9095     
                8.795E-03        -21.73       
                8.8E-03          -22.3863     
                8.805E-03        -25.515      
                8.81E-03         -22.4        
                8.815E-03        -29.6503     
                8.82E-03         -31.1412     
                8.825E-03        -29.5488     
                8.83E-03         -26.8855     
                8.835E-03        -25.4027     
                8.84E-03         -25.4167     
                8.845E-03        -24.6984     
                8.85E-03         -24.0638     
                8.855E-03        -20.8166     
                8.86E-03          -8.46282    
                8.865E-03        -20.7892     
                8.87E-03         -21.3272     
                8.875E-03        -22.3774     
                8.88E-03         -21.8618     
                8.885E-03        -18.9926     
                8.89E-03         -19.1836     
                8.895E-03        -18.3808     
                8.9E-03          -18.3952     
                8.905E-03         -6.9221     
                8.91E-03         -20.9307     
                8.915E-03        -17.9324     
                8.92E-03         -19.2448     
                8.925E-03        -18.182      
                8.93E-03         -18.4534     
                8.935E-03        -18.3421     
                8.94E-03         -15.0465     
                8.945E-03        -15.6323     
                8.95E-03         -15.1252     
                8.955E-03        -13.2774     
                8.96E-03         -17.2069     
                8.965E-03        -17.6676     
                8.97E-03         -17.0678     
                8.975E-03        -15.6518     
                8.98E-03         -15.2755     
                8.985E-03        -14.695      
                8.99E-03         -14.1146     
                8.995E-03        -13.8349     
                9.E-03           -13.2986     
                9.005E-03        -11.3837     
                9.01E-03         -11.0776     
                9.015E-03        -11.8724     
                9.02E-03         -13.4402     
                9.025E-03        -13.1995     
                9.03E-03         -13.3477     
                9.035E-03        -12.9774     
                9.04E-03         -11.5044     
                9.045E-03        -12.353      
                9.05E-03         -13.0797     
                9.055E-03        -15.6225     
                9.06E-03          -7.95563    
                9.065E-03        -18.3693     
                9.07E-03         -17.1729     
                9.075E-03        -15.3523     
                9.08E-03         -13.789      
                9.085E-03        -13.2234     
                9.09E-03         -13.3354     
                9.095E-03        -11.7623     
                9.1E-03          -12.0642     
                9.105E-03        -10.9543     
                9.11E-03          -9.66244    
                9.115E-03        -10.722      
                9.12E-03          -4.22655    
                9.125E-03        -13.6132     
                9.13E-03         -14.5991     
                9.135E-03        -14.9708     
                9.14E-03         -14.4461     
                9.145E-03        -14.3951     
                9.15E-03         -14.5873     
                9.155E-03        -12.081      
                9.16E-03         -12.1534     
                9.165E-03        -16.2315     
                9.17E-03         -20.8335     
                9.175E-03        -20.2229     
                9.18E-03         -26.3646     
                9.185E-03        -26.7274     
                9.19E-03         -30.4821     
                9.195E-03        -32.7367     
                9.2E-03          -32.535      
                9.205E-03        -29.3501     
                9.21E-03         -30.2743     
                9.215E-03        -30.2075     
                9.22E-03         -31.0076     
                9.225E-03        -30.1763     
                9.23E-03         -25.3256     
                9.235E-03        -27.1733     
                9.24E-03         697.359E-06  
                9.245E-03          2.56266E-03
                9.25E-03         -28.0448     
                9.255E-03        -39.1585     
                9.26E-03         -40.4829     
                9.265E-03        -40.8512     
                9.27E-03         -42.2817     
                9.275E-03        -38.3341     
                9.28E-03         -38.2951     
                9.285E-03        -37.6099     
                9.29E-03         -37.7851     
                9.295E-03        -37.5764     
                9.3E-03          -37.8511     
                9.305E-03        -33.416      
                9.31E-03         -33.1939     
                9.315E-03        -33.2253     
                9.32E-03         -32.873      
                9.325E-03        -33.0172     
                9.33E-03         -24.3816     
                9.335E-03        -28.3754     
                9.34E-03         -28.3797     
                9.345E-03        -28.1249     
                9.35E-03         -11.3075     
                9.355E-03        -27.7224     
                9.36E-03         -29.6372     
                9.365E-03        -30.3374     
                9.37E-03         -26.8521     
                9.375E-03        -27.8275     
                9.38E-03         -27.6963     
                9.385E-03        -27.4383     
                9.39E-03         -27.453      
                9.395E-03        -27.9222     
                9.4E-03          -28.2019     
                9.405E-03        -23.7514     
                9.41E-03          -3.32423    
                9.415E-03        -20.0901     
                9.42E-03         -25.0317     
                9.425E-03        -27.4397     
                9.43E-03         -26.9024     
                9.435E-03        -27.8171     
                9.44E-03         -28.5376     
                9.445E-03        -28.3845     
                9.45E-03         -24.2439     
                9.455E-03        -25.5601     
                9.46E-03         -25.872      
                9.465E-03        -26.2617     
                9.47E-03         -27.2334     
                9.475E-03        -26.4395     
                9.48E-03         -26.1974     
                9.485E-03        -21.2803     
                9.49E-03         -22.5447     
                9.495E-03        -23.0691     
                9.5E-03          -23.6877     
                9.505E-03        -23.6429     
                9.51E-03         -23.603      
                9.515E-03        -24.3636     
                9.52E-03         -24.5411     
                9.525E-03        -16.2866     
                9.53E-03         -27.5207     
                9.535E-03        -26.2554     
                9.54E-03         -28.7742     
                9.545E-03        -26.6574     
                9.55E-03         -27.7771     
                9.555E-03        -27.2033     
                9.56E-03         -27.028      
                9.565E-03        -22.1067     
                9.57E-03         -22.3091     
                9.575E-03        -25.3932     
                9.58E-03         -23.999      
                9.585E-03        -15.8198     
                9.59E-03         -15.0911     
                9.595E-03         -9.9628     
                9.6E-03            3.30386E-03
                9.605E-03        185.013E-06  
                9.61E-03        -137.478E-06  
                9.615E-03         -2.62335E-03
                9.62E-03          -3.72869E-03
                9.625E-03        -10.6235E-03 
                9.63E-03         -29.9067     
                9.635E-03        -56.9165     
                9.64E-03         -64.1556     
                9.645E-03        -55.9248     
                9.65E-03         -65.5231     
                9.655E-03        -68.1374     
                9.66E-03         -68.3044     
                9.665E-03        -69.2511     
                9.67E-03         -70.2636     
                9.675E-03        -70.3465     
                9.68E-03         -71.9551     
                9.685E-03        -72.477      
                9.69E-03         -74.0548     
                9.695E-03        -74.5351     
                9.7E-03          -74.9687     
                9.705E-03        -75.8963     
                9.71E-03         -77.6491     
                9.715E-03        -78.5942     
                9.72E-03         -79.0561     
                9.725E-03        -79.516      
                9.73E-03         -80.7383     
                9.735E-03        -80.481      
                9.74E-03         -77.5138     
                9.745E-03        -75.5696     
                9.75E-03         -69.3836     
                9.755E-03        -70.0471     
                9.76E-03         -72.1909     
                9.765E-03        -64.0571     
                9.77E-03         -55.9433     
                9.775E-03        -48.2499     
                9.78E-03         -46.1833     
                9.785E-03        -44.0428     
                9.79E-03         -43.1383     
                9.795E-03        -41.6552     
                9.8E-03          -34.3533     
                9.805E-03        -27.0434     
                9.81E-03         -27.4845     
                9.815E-03        -26.3352     
                9.82E-03         -26.8046     
                9.825E-03        -26.814      
                9.83E-03         -26.9604     
                9.835E-03        -26.3936     
                9.84E-03         -26.4207     
                9.845E-03        -26.4663     
                9.85E-03         -25.0551     
                9.855E-03        -25.9176     
                9.86E-03         -26.3427     
                9.865E-03        -22.6806     
                9.87E-03         -25.1802     
                9.875E-03        -25.5891     
                9.88E-03         -26.2944     
                9.885E-03        -26.4108     
                9.89E-03         -23.422      
                9.895E-03        -24.4839     
                9.9E-03          -24.8679     
                9.905E-03        -25.1334     
                9.91E-03         -25.5986     
                9.915E-03        -25.8368     
                9.92E-03         -22.4205     
                9.925E-03        -22.8624     
                9.93E-03         -23.3859     
                9.935E-03        -23.5333     
                9.94E-03         -23.7037     
                9.945E-03        -23.9745     
                9.95E-03         -24.0962     
                9.955E-03        -20.7089     
                9.96E-03         -21.1747     
                9.965E-03        -21.5283     
                9.97E-03         -22.2538     
                9.975E-03        -22.6288     
                9.98E-03         -22.9015     
                9.985E-03        -23.1254     
                9.99E-03         -24.0898     
                9.995E-03        -25.8052     
               10.E-03           -17.1684     




