
                  X               _temp_1     

                0.              -228.132E-06  
                2.65115E-06      145.017      
                5.30057E-06     -212.675      
                7.95002E-06       58.9198     
               10.6015E-06       -40.859      
               13.2513E-06      -232.036      
               15.901E-06        -44.2509     
               18.5508E-06      -115.154      
               21.2006E-06      -235.935      
               23.8503E-06       -78.6179     
               26.5001E-06      -179.285      
               29.1516E-06      -231.021      
               31.8E-06          -77.8909     
               34.4505E-06      -224.751      
               37.101E-06       -178.67       
               39.7515E-06      -125.678      
               42.4002E-06      -231.023      
               45.0507E-06      -173.371      
               47.7012E-06      -158.893      
               50.3516E-06      -210.286      
               53.0004E-06      -173.997      
               55.6509E-06      -162.34       
               58.3013E-06      -220.326      
               60.9501E-06      -166.585      
               63.6007E-06      -188.675      
               66.2515E-06      -220.255      
               68.9005E-06      -165.407      
               71.5513E-06      -208.917      
               74.2003E-06      -204.324      
               76.8511E-06      -189.375      
               79.5001E-06      -217.204      
               82.1509E-06      -208.722      
               84.8017E-06      -198.612      
               87.4507E-06      -223.775      
               90.1015E-06      -211.453      
               92.7505E-06      -209.6        
               95.4013E-06      -230.55       
               98.0503E-06      -211.581      
              100.701E-06       -227.784      
              103.35E-06        -231.         
              106.001E-06       -222.499      
              108.652E-06       -233.274      
              111.301E-06       -232.146      
              113.951E-06       -235.409      
              116.601E-06       -239.411      
              119.251E-06       -239.524      
              121.9E-06         -243.716      
              124.551E-06       -250.543      
              127.2E-06         -247.214      
              129.851E-06       -249.718      
              132.502E-06       -256.717      
              135.151E-06       -251.162      
              137.801E-06       -256.462      
              140.45E-06        -261.327      
              143.101E-06       -259.165      
              145.75E-06        -264.936      
              148.4E-06         -267.744      
              151.05E-06        -267.467      
              153.701E-06       -271.405      
              156.351E-06       -275.95       
              159.E-06          -265.121      
              161.651E-06       -275.817      
              164.301E-06       -279.724      
              166.95E-06        -281.158      
              169.6E-06         -285.676      
              172.251E-06       -285.174      
              174.901E-06       -289.734      
              177.551E-06       -292.142      
              180.2E-06         -293.158      
              182.851E-06       -298.717      
              185.5E-06         -273.681      
              188.151E-06       -290.689      
              190.801E-06       -297.948      
              193.45E-06        -301.861      
              196.1E-06         -302.924      
              198.751E-06       -307.521      
              201.401E-06       -309.638      
              204.05E-06        -310.802      
              206.7E-06         -312.468      
              209.35E-06        -227.504      
              212.001E-06       -258.097      
              214.65E-06        -300.284      
              217.301E-06       -315.64       
              219.951E-06       -321.937      
              222.6E-06         -302.53       
              225.251E-06       -313.219      
              227.9E-06         -320.784      
              230.551E-06       -316.455      
              233.201E-06       -212.723      
              235.851E-06       -288.367      
              238.501E-06       -324.992      
              241.151E-06       -304.735      
              243.8E-06         -193.386      
              246.451E-06       -187.857      
              249.101E-06       -320.758      
              251.751E-06       -317.645      
              254.401E-06       -171.023      
              257.051E-06       -261.608      
              259.701E-06       -273.324      
              262.35E-06        -297.419      
              265.001E-06       -290.579      
              267.651E-06       -314.22       
              270.301E-06       -311.522      
              272.951E-06       -337.862      
              275.6E-06         -345.107      
              278.25E-06        -319.377      
              280.901E-06       -326.416      
              283.551E-06        -85.5601     
              286.2E-06         -197.483      
              288.85E-06        -260.803      
              291.501E-06       -320.136      
              294.151E-06       -325.25       
              296.8E-06         -319.279      
              299.45E-06        -311.389      
              302.101E-06       -194.925      
              304.751E-06       -183.15       
              307.401E-06       -269.956      
              310.051E-06       -169.59       
              312.701E-06       -191.81       
              315.351E-06       -269.202      
              318.001E-06       -236.172      
              320.651E-06       -263.093      
              323.301E-06       -285.134      
              325.95E-06        -255.979      
              328.601E-06       -242.294      
              331.251E-06       -248.719      
              333.9E-06         -280.388      
              336.551E-06       -206.553      
              339.201E-06       -197.416      
              341.852E-06       -224.432      
              344.5E-06         -246.616      
              347.15E-06        -268.022      
              349.801E-06       -187.554      
              352.451E-06       -220.247      
              355.1E-06         -230.539      
              357.751E-06       -201.987      
              360.4E-06         -157.028      
              363.051E-06       -172.099      
              365.7E-06         -216.126      
              368.351E-06       -249.866      
              371.E-06          -194.083      
              373.65E-06        -242.959      
              376.302E-06       -193.912      
              378.951E-06       -239.026      
              381.601E-06       -226.159      
              384.25E-06        -190.842      
              386.901E-06       -246.163      
              389.55E-06        -215.142      
              392.2E-06         -197.887      
              394.85E-06        -185.468      
              397.501E-06       -194.607      
              400.15E-06        -203.575      
              402.801E-06       -177.481      
              405.45E-06        -230.07       
              408.1E-06         -220.489      
              410.751E-06       -130.555      
              413.4E-06         -199.101      
              416.05E-06        -184.05       
              418.701E-06       -255.009      
              421.351E-06       -251.361      
              424.001E-06       -234.721      
              426.65E-06        -240.933      
              429.3E-06         -224.111      
              431.95E-06        -182.341      
              434.6E-06         -247.154      
              437.25E-06        -240.08       
              439.901E-06       -244.504      
              442.551E-06       -237.872      
              445.201E-06       -246.837      
              447.85E-06        -218.972      
              450.5E-06         -243.788      
              453.151E-06       -244.912      
              455.801E-06       -218.701      
              458.451E-06       -244.341      
              461.1E-06         -221.473      
              463.75E-06        -240.1        
              466.401E-06       -209.293      
              469.051E-06       -201.037      
              471.701E-06       -233.522      
              474.35E-06        -274.078      
              477.E-06          -200.83       
              479.651E-06       -231.969      
              482.301E-06       -234.81       
              484.95E-06        -237.427      
              487.6E-06         -224.053      
              490.251E-06       -238.665      
              492.901E-06       -188.741      
              495.551E-06       -228.71       
              498.201E-06       -228.011      
              500.85E-06        -263.114      
              503.501E-06       -218.023      
              506.151E-06       -249.447      
              508.801E-06       -192.968      
              511.451E-06       -194.172      
              514.101E-06       -214.579      
              516.75E-06        -242.595      
              519.401E-06       -163.241      
              522.051E-06       -230.967      
              524.701E-06       -232.826      
              527.351E-06       -233.406      
              530.E-06          -238.382      
              532.65E-06        -208.121      
              535.301E-06       -260.428      
              537.951E-06       -252.928      
              540.6E-06         -225.963      
              543.251E-06       -307.348      
              545.901E-06       -245.674      
              548.551E-06       -234.671      
              551.201E-06       -128.044      
              553.851E-06       -250.387      
              556.501E-06       -276.609      
              559.151E-06       -259.509      
              561.801E-06       -186.795      
              564.45E-06        -208.316      
              567.1E-06         -144.992      
              569.75E-06        -215.787      
              572.401E-06       -228.925      
              575.051E-06       -234.517      
              577.7E-06         -185.861      
              580.351E-06       -192.033      
              583.001E-06       -184.59       
              585.65E-06        -231.687      
              588.3E-06         -196.166      
              590.951E-06       -216.224      
              593.6E-06         -207.867      
              596.251E-06       -206.241      
              598.9E-06         -243.72       
              601.55E-06        -205.296      
              604.201E-06       -238.845      
              606.851E-06       -227.47       
              609.5E-06         -219.21       
              612.15E-06        -216.884      
              614.801E-06       -191.046      
              617.451E-06       -213.885      
              620.101E-06       -241.45       
              622.751E-06       -248.646      
              625.401E-06       -235.844      
              628.05E-06        -229.469      
              630.701E-06       -213.231      
              633.351E-06       -195.388      
              636.001E-06       -197.751      
              638.651E-06       -228.341      
              641.301E-06       -237.943      
              643.95E-06        -205.609      
              646.601E-06       -211.187      
              649.25E-06        -217.916      
              651.901E-06       -192.386      
              654.551E-06       -200.226      
              657.2E-06         -199.457      
              659.85E-06        -198.558      
              662.501E-06       -199.867      
              665.151E-06       -210.542      
              667.8E-06         -212.688      
              670.45E-06        -212.481      
              673.1E-06         -209.584      
              675.75E-06        -215.933      
              678.4E-06         -192.568      
              681.05E-06        -206.803      
              683.7E-06         -208.713      
              686.351E-06       -221.195      
              689.E-06          -232.469      
              691.65E-06        -218.118      
              694.301E-06       -211.557      
              696.95E-06        -209.079      
              699.601E-06       -213.917      
              702.25E-06        -217.295      
              704.9E-06         -213.79       
              707.551E-06       -218.444      
              710.201E-06       -215.313      
              712.851E-06       -227.111      
              715.501E-06       -212.178      
              718.15E-06        -213.592      
              720.801E-06       -224.753      
              723.451E-06       -230.212      
              726.101E-06       -231.963      
              728.75E-06        -220.339      
              731.4E-06         -202.428      
              734.05E-06        -219.366      
              736.7E-06         -224.988      
              739.35E-06        -218.619      
              742.001E-06       -230.069      
              744.651E-06       -215.313      
              747.3E-06         -224.74       
              749.951E-06       -226.269      
              752.601E-06       -225.286      
              755.251E-06       -231.897      
              757.901E-06       -222.858      
              760.55E-06        -222.28       
              763.2E-06         -222.725      
              765.851E-06       -226.738      
              768.501E-06       -218.872      
              771.151E-06       -224.706      
              773.8E-06         -223.262      
              776.45E-06        -226.143      
              779.1E-06         -223.852      
              781.751E-06        -78.4454     
              784.401E-06       -196.52       
              787.051E-06       -207.914      
              789.701E-06       -227.163      
              792.351E-06       -176.77       
              795.E-06          -228.356      
              797.651E-06       -204.278      
              800.3E-06         -219.079      
              802.951E-06       -223.748      
              805.601E-06       -213.521      
              808.251E-06       -214.256      
              810.901E-06       -230.076      
              813.55E-06        -231.745      
              816.201E-06       -224.486      
              818.851E-06       -201.708      
              821.5E-06         -223.711      
              824.15E-06        -227.905      
              826.801E-06       -221.469      
              829.451E-06       -230.763      
              832.101E-06       -231.171      
              834.75E-06        -231.444      
              837.4E-06         -226.477      
              840.05E-06        -223.237      
              842.7E-06         -230.972      
              845.351E-06       -225.208      
              848.001E-06       -218.751      
              850.65E-06        -220.324      
              853.3E-06         -221.11       
              855.951E-06       -204.279      
              858.6E-06         -223.977      
              861.251E-06       -226.754      
              863.9E-06         -229.125      
              866.55E-06        -232.547      
              869.201E-06       -180.495      
              871.85E-06        -236.729      
              874.501E-06       -214.52       
              877.151E-06       -231.851      
              879.801E-06       -233.779      
              882.451E-06       -230.185      
              885.101E-06       -205.343      
              887.75E-06        -222.773      
              890.401E-06       -232.784      
              893.051E-06       -227.418      
              895.7E-06         -208.179      
              898.35E-06        -222.089      
              901.001E-06       -233.775      
              903.651E-06       -126.868      
              906.301E-06       -195.311      
              908.95E-06        -191.085      
              911.6E-06         -233.261      
              914.25E-06        -219.121      
              916.901E-06       -232.169      
              919.551E-06       -189.25       
              922.2E-06         -221.67       
              924.85E-06        -213.495      
              927.501E-06       -203.449      
              930.151E-06       -216.919      
              932.8E-06         -247.532      
              935.451E-06       -221.439      
              938.101E-06       -231.767      
              940.751E-06       -230.452      
              943.4E-06         -215.745      
              946.051E-06       -214.403      
              948.701E-06       -224.149      
              951.35E-06        -225.664      
              954.001E-06       -204.005      
              956.65E-06        -209.159      
              959.301E-06       -200.623      
              961.951E-06       -214.23       
              964.6E-06         -216.684      
              967.25E-06        -205.972      
              969.901E-06       -200.95       
              972.551E-06       -218.19       
              975.2E-06         -219.665      
              977.851E-06       -206.461      
              980.501E-06       -218.842      
              983.151E-06       -203.163      
              985.801E-06       -208.306      
              988.451E-06       -143.218      
              991.1E-06         -196.112      
              993.75E-06        -221.614      
              996.4E-06         -244.82       
              999.05E-06        -219.222      
                1.0017E-03      -225.647      
                1.00435E-03     -185.86       
                1.007E-03       -219.968      
                1.00965E-03     -216.223      
                1.0123E-03      -215.626      
                1.01495E-03     -153.821      
                1.0176E-03      -121.306      
                1.02025E-03     -237.607      
                1.0229E-03      -213.967      
                1.02555E-03     -230.995      
                1.0282E-03      -222.928      
                1.03085E-03     -236.92       
                1.0335E-03      -227.597      
                1.03615E-03     -215.854      
                1.0388E-03      -225.243      
                1.04145E-03     -217.854      
                1.0441E-03      -228.259      
                1.04675E-03     -211.609      
                1.0494E-03      -186.504      
                1.05205E-03     -209.597      
                1.0547E-03      -215.265      
                1.05735E-03     -192.709      
                1.06E-03        -238.69       
                1.06265E-03     -201.281      
                1.0653E-03      -234.294      
                1.06795E-03     -217.075      
                1.0706E-03      -227.537      
                1.07325E-03     -212.298      
                1.0759E-03      -218.903      
                1.07855E-03     -214.577      
                1.0812E-03      -211.669      
                1.08385E-03     -220.981      
                1.0865E-03      -186.792      
                1.08915E-03     -176.186      
                1.0918E-03      -223.291      
                1.09445E-03     -205.71       
                1.0971E-03      -221.584      
                1.09975E-03     -229.48       
                1.1024E-03      -225.24       
                1.10505E-03     -221.701      
                1.1077E-03      -219.653      
                1.11035E-03     -227.192      
                1.113E-03       -211.862      
                1.11565E-03     -225.089      
                1.1183E-03      -200.502      
                1.12095E-03     -216.18       
                1.1236E-03      -197.35       
                1.12625E-03     -213.195      
                1.1289E-03      -211.591      
                1.13155E-03     -226.315      
                1.1342E-03      -215.526      
                1.13685E-03     -222.717      
                1.1395E-03      -210.908      
                1.14215E-03     -199.546      
                1.1448E-03      -220.633      
                1.14745E-03     -228.334      
                1.1501E-03      -224.646      
                1.15275E-03     -212.423      
                1.1554E-03      -218.372      
                1.15805E-03     -211.052      
                1.1607E-03      -219.115      
                1.16335E-03     -222.907      
                1.166E-03       -138.99       
                1.16865E-03     -223.692      
                1.1713E-03      -211.373      
                1.17395E-03     -238.824      
                1.1766E-03      -189.154      
                1.17925E-03     -232.098      
                1.1819E-03      -229.641      
                1.18455E-03     -230.288      
                1.1872E-03      -222.289      
                1.18985E-03     -221.46       
                1.1925E-03      -225.037      
                1.19515E-03     -114.443      
                1.1978E-03      -173.467      
                1.20045E-03     -243.247      
                1.2031E-03      -189.346      
                1.20575E-03     -258.801      
                1.2084E-03      -199.188      
                1.21105E-03     -250.469      
                1.2137E-03      -201.793      
                1.21635E-03     -226.495      
                1.219E-03       -203.028      
                1.22165E-03     -218.976      
                1.2243E-03      -213.114      
                1.22695E-03     -206.659      
                1.2296E-03      -228.291      
                1.23225E-03     -226.39       
                1.2349E-03      -235.158      
                1.23755E-03     -235.051      
                1.2402E-03      -216.003      
                1.24285E-03     -218.311      
                1.2455E-03      -195.405      
                1.24815E-03     -223.024      
                1.2508E-03      -200.905      
                1.25345E-03     -216.926      
                1.2561E-03      -227.617      
                1.25875E-03     -224.501      
                1.2614E-03      -227.783      
                1.26405E-03     -219.631      
                1.2667E-03      -212.187      
                1.26935E-03     -207.002      
                1.272E-03       -207.888      
                1.27465E-03     -216.311      
                1.2773E-03      -215.837      
                1.27995E-03     -203.885      
                1.2826E-03      -221.185      
                1.28525E-03     -198.219      
                1.2879E-03      -216.34       
                1.29055E-03     -191.155      
                1.2932E-03      -154.504      
                1.29585E-03     -170.239      
                1.2985E-03      -153.022      
                1.30115E-03     -211.119      
                1.3038E-03      -211.826      
                1.30645E-03     -226.622      
                1.3091E-03      -225.539      
                1.31175E-03     -219.301      
                1.3144E-03      -236.027      
                1.31705E-03     -226.537      
                1.3197E-03      -235.207      
                1.32235E-03     -226.378      
                1.325E-03       -244.201      
                1.32765E-03     -228.587      
                1.3303E-03      -245.9        
                1.33295E-03     -233.824      
                1.3356E-03      -236.373      
                1.33825E-03     -230.113      
                1.3409E-03      -228.259      
                1.34355E-03     -236.387      
                1.3462E-03      -227.131      
                1.34885E-03     -233.5        
                1.3515E-03      -222.935      
                1.35415E-03     -225.062      
                1.3568E-03      -231.699      
                1.35945E-03     -218.789      
                1.3621E-03      -219.547      
                1.36475E-03     -219.825      
                1.3674E-03      -223.997      
                1.37005E-03     -214.986      
                1.3727E-03      -223.175      
                1.37535E-03     -193.996      
                1.378E-03       -226.404      
                1.38065E-03     -227.132      
                1.3833E-03      -228.198      
                1.38595E-03     -215.191      
                1.3886E-03      -209.12       
                1.39125E-03     -225.048      
                1.3939E-03      -220.448      
                1.39655E-03     -207.345      
                1.3992E-03      -221.86       
                1.40185E-03     -211.09       
                1.4045E-03      -221.129      
                1.40715E-03     -216.738      
                1.4098E-03      -219.684      
                1.41245E-03     -223.308      
                1.4151E-03      -211.653      
                1.41775E-03     -223.361      
                1.4204E-03      -178.875      
                1.42305E-03     -200.766      
                1.4257E-03      -216.799      
                1.42835E-03     -160.586      
                1.431E-03       -196.936      
                1.43365E-03     -184.833      
                1.4363E-03      -168.434      
                1.43895E-03     -197.364      
                1.4416E-03      -206.696      
                1.44425E-03     -219.637      
                1.4469E-03      -233.196      
                1.44955E-03     -205.566      
                1.4522E-03      -234.821      
                1.45485E-03     -230.581      
                1.4575E-03      -230.784      
                1.46015E-03     -239.207      
                1.4628E-03      -213.958      
                1.46545E-03     -225.206      
                1.4681E-03      -229.025      
                1.47075E-03     -235.556      
                1.4734E-03      -233.649      
                1.47605E-03     -231.835      
                1.4787E-03      -233.874      
                1.48135E-03     -237.138      
                1.484E-03       -226.185      
                1.48665E-03     -220.943      
                1.4893E-03      -222.84       
                1.49195E-03     -217.314      
                1.4946E-03      -188.714      
                1.49725E-03     -227.678      
                1.4999E-03      -210.642      
                1.50255E-03     -222.665      
                1.5052E-03      -230.928      
                1.50785E-03     -225.637      
                1.5105E-03      -233.209      
                1.51315E-03     -217.899      
                1.5158E-03      -225.517      
                1.51845E-03     -185.772      
                1.5211E-03      -241.366      
                1.52375E-03     -211.553      
                1.5264E-03      -204.928      
                1.52905E-03     -217.121      
                1.5317E-03      -200.346      
                1.53435E-03     -217.555      
                1.537E-03       -182.431      
                1.53965E-03     -223.62       
                1.5423E-03      -222.975      
                1.54495E-03     -209.172      
                1.5476E-03      -217.169      
                1.55025E-03     -228.789      
                1.5529E-03      -209.697      
                1.55555E-03     -209.159      
                1.5582E-03      -219.579      
                1.56085E-03     -211.43       
                1.5635E-03      -210.675      
                1.56615E-03     -214.075      
                1.5688E-03      -200.15       
                1.57145E-03     -220.168      
                1.5741E-03      -213.31       
                1.57675E-03     -216.218      
                1.5794E-03      -211.854      
                1.58205E-03     -213.744      
                1.5847E-03      -181.104      
                1.58735E-03     -182.212      
                1.59E-03        -103.33       
                1.59265E-03     -185.517      
                1.5953E-03      -147.853      
                1.59795E-03     -158.697      
                1.6006E-03      -203.167      
                1.60325E-03     -196.721      
                1.6059E-03      -214.212      
                1.60855E-03     -230.883      
                1.6112E-03      -222.329      
                1.61385E-03     -214.916      
                1.6165E-03      -227.615      
                1.61915E-03     -225.663      
                1.6218E-03      -230.545      
                1.62445E-03     -232.405      
                1.6271E-03      -224.299      
                1.62975E-03     -223.493      
                1.6324E-03      -231.139      
                1.63505E-03     -226.937      
                1.6377E-03      -231.527      
                1.64035E-03     -227.882      
                1.643E-03       -219.065      
                1.64565E-03     -236.465      
                1.6483E-03      -241.238      
                1.65095E-03     -222.997      
                1.6536E-03      -223.116      
                1.65625E-03     -225.682      
                1.6589E-03      -227.003      
                1.66155E-03     -222.069      
                1.6642E-03      -204.463      
                1.66685E-03     -231.915      
                1.6695E-03      -216.307      
                1.67215E-03     -221.426      
                1.6748E-03      -231.959      
                1.67745E-03     -229.401      
                1.6801E-03      -220.381      
                1.68275E-03     -132.404      
                1.6854E-03      -212.605      
                1.68805E-03     -242.084      
                1.6907E-03      -227.539      
                1.69335E-03     -208.185      
                1.696E-03       -216.076      
                1.69865E-03     -188.517      
                1.7013E-03      -190.866      
                1.70395E-03     -223.352      
                1.7066E-03      -224.963      
                1.70925E-03     -206.525      
                1.7119E-03      -206.78       
                1.71455E-03     -218.612      
                1.7172E-03      -214.966      
                1.71985E-03     -206.262      
                1.7225E-03      -220.029      
                1.72515E-03     -151.832      
                1.7278E-03      -220.23       
                1.73045E-03     -223.092      
                1.7331E-03      -211.67       
                1.73575E-03     -203.749      
                1.7384E-03      -217.246      
                1.74105E-03     -214.11       
                1.7437E-03      -208.426      
                1.74635E-03     -199.189      
                1.749E-03       -166.548      
                1.75165E-03     -204.684      
                1.7543E-03      -156.373      
                1.75695E-03     -129.584      
                1.7596E-03      -147.031      
                1.76225E-03     -228.98       
                1.7649E-03      -204.223      
                1.76755E-03     -203.871      
                1.7702E-03      -210.951      
                1.77285E-03     -232.751      
                1.7755E-03      -212.253      
                1.77815E-03     -181.977      
                1.7808E-03      -231.4        
                1.78345E-03     -221.748      
                1.7861E-03      -217.778      
                1.78875E-03     -211.991      
                1.7914E-03      -226.363      
                1.79405E-03     -217.037      
                1.7967E-03      -220.404      
                1.79935E-03     -209.089      
                1.802E-03       -224.106      
                1.80465E-03     -222.901      
                1.8073E-03      -211.105      
                1.80995E-03     -212.632      
                1.8126E-03      -222.626      
                1.81525E-03     -218.114      
                1.8179E-03      -213.243      
                1.82055E-03     -213.703      
                1.8232E-03      -191.497      
                1.82585E-03     -216.566      
                1.8285E-03      -215.293      
                1.83115E-03     -222.149      
                1.8338E-03      -204.744      
                1.83645E-03     -215.639      
                1.8391E-03      -217.19       
                1.84175E-03     -222.55       
                1.8444E-03      -211.05       
                1.84705E-03     -213.213      
                1.8497E-03      -149.065      
                1.85235E-03     -215.346      
                1.855E-03       -224.33       
                1.85765E-03     -223.69       
                1.8603E-03      -217.644      
                1.86295E-03     -204.478      
                1.8656E-03      -214.37       
                1.86825E-03     -212.477      
                1.8709E-03      -220.979      
                1.87355E-03     -211.413      
                1.8762E-03      -229.93       
                1.87885E-03     -206.155      
                1.8815E-03      -209.895      
                1.88415E-03     -212.217      
                1.8868E-03      -220.919      
                1.88945E-03     -216.945      
                1.8921E-03      -182.913      
                1.89475E-03     -185.708      
                1.8974E-03      -119.748      
                1.90005E-03     -172.724      
                1.9027E-03      -183.661      
                1.90535E-03     -212.816      
                1.908E-03       -207.656      
                1.91065E-03     -225.362      
                1.9133E-03      -207.342      
                1.91595E-03     -216.165      
                1.9186E-03      -222.648      
                1.92125E-03     -223.734      
                1.9239E-03      -232.896      
                1.92655E-03     -224.422      
                1.9292E-03      -234.189      
                1.93185E-03     -224.879      
                1.9345E-03      -232.836      
                1.93715E-03     -227.626      
                1.9398E-03      -232.97       
                1.94245E-03     -229.519      
                1.9451E-03      -237.938      
                1.94775E-03     -223.022      
                1.9504E-03      -228.615      
                1.95305E-03     -223.716      
                1.9557E-03      -232.022      
                1.95835E-03     -219.036      
                1.961E-03       -215.744      
                1.96365E-03     -229.765      
                1.9663E-03      -232.017      
                1.96895E-03     -232.481      
                1.9716E-03      -217.991      
                1.97425E-03     -224.622      
                1.9769E-03      -218.362      
                1.97955E-03     -240.891      
                1.9822E-03      -223.577      
                1.98485E-03     -217.357      
                1.9875E-03      -231.031      
                1.99015E-03     -226.835      
                1.9928E-03      -231.015      
                1.99545E-03     -217.474      
                1.9981E-03      -216.229      
                2.00075E-03     -204.217      
                2.0034E-03      -231.105      
                2.00605E-03     -223.358      
                2.0087E-03      -222.121      
                2.01135E-03     -163.246      
                2.014E-03       -170.199      
                2.01665E-03     -163.395      
                2.0193E-03      -120.441      
                2.02195E-03     -182.724      
                2.0246E-03      -193.184      
                2.02725E-03     -201.739      
                2.0299E-03      -207.67       
                2.03255E-03     -240.996      
                2.0352E-03      -196.528      
                2.03785E-03     -216.429      
                2.0405E-03      -229.999      
                2.04315E-03     -213.6        
                2.0458E-03      -230.252      
                2.04845E-03     -234.877      
                2.0511E-03      -234.616      
                2.05375E-03     -242.919      
                2.0564E-03      -226.95       
                2.05905E-03     -232.605      
                2.0617E-03      -227.856      
                2.06435E-03     -227.467      
                2.067E-03       -234.391      
                2.06965E-03     -220.353      
                2.0723E-03      -229.632      
                2.07495E-03     -221.679      
                2.0776E-03      -223.818      
                2.08025E-03     -220.869      
                2.0829E-03      -203.617      
                2.08555E-03     -233.973      
                2.0882E-03      -215.121      
                2.09085E-03     -229.877      
                2.0935E-03      -225.324      
                2.09615E-03     -181.809      
                2.0988E-03      -242.751      
                2.10145E-03     -212.461      
                2.1041E-03      -228.708      
                2.10675E-03     -195.147      
                2.1094E-03      -188.026      
                2.11205E-03     -215.425      
                2.1147E-03      -216.013      
                2.11735E-03     -188.336      
                2.12E-03        -192.761      
                2.12265E-03     -203.697      
                2.1253E-03      -211.732      
                2.12795E-03     -223.782      
                2.1306E-03      -224.848      
                2.13325E-03     -207.086      
                2.1359E-03      -193.642      
                2.13855E-03     -194.878      
                2.1412E-03      -220.87       
                2.14385E-03     -221.574      
                2.1465E-03      -202.805      
                2.14915E-03     -177.812      
                2.1518E-03      -212.503      
                2.15445E-03     -209.702      
                2.1571E-03      -216.405      
                2.15975E-03     -231.357      
                2.1624E-03      -202.854      
                2.16505E-03     -214.171      
                2.1677E-03      -216.155      
                2.17035E-03     -211.797      
                2.173E-03       -224.868      
                2.17565E-03     -199.967      
                2.1783E-03      -111.309      
                2.18095E-03     -142.177      
                2.1836E-03      -175.329      
                2.18625E-03     -248.038      
                2.1889E-03      -227.585      
                2.19155E-03     -223.06       
                2.1942E-03      -209.96       
                2.19685E-03     -187.814      
                2.1995E-03      -224.078      
                2.20215E-03     -234.239      
                2.2048E-03      -166.104      
                2.20745E-03     -205.109      
                2.2101E-03      -200.918      
                2.21275E-03     -216.127      
                2.2154E-03      -250.919      
                2.21805E-03     -232.911      
                2.2207E-03      -230.146      
                2.22335E-03     -220.657      
                2.226E-03       -202.393      
                2.22865E-03     -234.368      
                2.2313E-03      -236.821      
                2.23395E-03     -223.474      
                2.2366E-03      -218.989      
                2.23925E-03     -224.924      
                2.2419E-03      -219.762      
                2.24455E-03     -229.089      
                2.2472E-03      -227.43       
                2.24985E-03     -218.773      
                2.2525E-03      -197.551      
                2.25515E-03     -224.882      
                2.2578E-03      -222.944      
                2.26045E-03     -225.09       
                2.2631E-03      -230.041      
                2.26575E-03     -214.51       
                2.2684E-03      -223.255      
                2.27105E-03     -228.923      
                2.2737E-03      -216.014      
                2.27635E-03     -220.133      
                2.279E-03       -224.344      
                2.28165E-03     -216.841      
                2.2843E-03      -196.036      
                2.28695E-03     -214.447      
                2.2896E-03      -203.634      
                2.29225E-03     -217.762      
                2.2949E-03      -226.773      
                2.29755E-03     -221.919      
                2.3002E-03      -220.806      
                2.30285E-03     -213.965      
                2.3055E-03      -215.46       
                2.30815E-03     -219.051      
                2.3108E-03      -214.797      
                2.31345E-03     -219.536      
                2.3161E-03      -152.254      
                2.31875E-03     -177.506      
                2.3214E-03      -201.573      
                2.32405E-03     -143.722      
                2.3267E-03      -156.605      
                2.32935E-03     -214.072      
                2.332E-03       -200.55       
                2.33465E-03     -231.381      
                2.3373E-03      -230.579      
                2.33995E-03     -219.748      
                2.3426E-03      -233.446      
                2.34525E-03     -213.894      
                2.3479E-03      -221.154      
                2.35055E-03     -225.497      
                2.3532E-03      -232.073      
                2.35585E-03     -230.416      
                2.3585E-03      -238.261      
                2.36115E-03     -216.674      
                2.3638E-03      -220.086      
                2.36645E-03     -231.572      
                2.3691E-03      -228.339      
                2.37175E-03     -222.092      
                2.3744E-03      -222.331      
                2.37705E-03     -229.699      
                2.3797E-03      -217.705      
                2.38235E-03     -212.15       
                2.385E-03       -221.414      
                2.38765E-03     -227.055      
                2.3903E-03      -216.272      
                2.39295E-03     -212.666      
                2.3956E-03      -207.191      
                2.39825E-03     -211.572      
                2.4009E-03      -229.987      
                2.40355E-03     -206.296      
                2.4062E-03      -196.193      
                2.40885E-03     -199.289      
                2.4115E-03      -211.773      
                2.41415E-03     -197.215      
                2.4168E-03      -223.644      
                2.41945E-03     -216.734      
                2.4221E-03      -215.183      
                2.42475E-03     -207.097      
                2.4274E-03      -231.27       
                2.43005E-03     -224.04       
                2.4327E-03      -199.48       
                2.43535E-03     -233.635      
                2.438E-03       -218.651      
                2.44065E-03     -220.543      
                2.4433E-03      -201.229      
                2.44595E-03     -176.847      
                2.4486E-03      -203.162      
                2.45125E-03     -206.53       
                2.4539E-03      -204.051      
                2.45655E-03     -185.284      
                2.4592E-03      -119.621      
                2.46185E-03     -147.876      
                2.4645E-03      -225.138      
                2.46715E-03     -219.652      
                2.4698E-03      -207.099      
                2.47245E-03     -225.732      
                2.4751E-03      -222.759      
                2.47775E-03     -238.311      
                2.4804E-03      -223.499      
                2.48305E-03     -218.651      
                2.4857E-03      -236.058      
                2.48835E-03     -229.087      
                2.491E-03       -223.399      
                2.49365E-03     -235.487      
                2.4963E-03      -205.48       
                2.49895E-03     -217.501      
                2.5016E-03      -239.058      
                2.50425E-03     -218.517      
                2.5069E-03      -216.266      
                2.50955E-03     -227.074      
                2.5122E-03      -208.776      
                2.51485E-03     -218.777      
                2.5175E-03      -215.847      
                2.52015E-03     -220.285      
                2.5228E-03      -210.358      
                2.52545E-03     -235.759      
                2.5281E-03      -206.626      
                2.53075E-03     -209.59       
                2.5334E-03      -213.069      
                2.53605E-03     -219.358      
                2.5387E-03      -191.676      
                2.54135E-03     -218.947      
                2.544E-03       -213.816      
                2.54665E-03     -212.577      
                2.5493E-03      -205.275      
                2.55195E-03     -213.99       
                2.5546E-03      -207.488      
                2.55725E-03     -238.622      
                2.5599E-03      -222.757      
                2.56255E-03     -209.048      
                2.5652E-03      -215.857      
                2.56785E-03     -214.63       
                2.5705E-03      -214.358      
                2.57315E-03     -211.708      
                2.5758E-03      -191.295      
                2.57845E-03     -219.125      
                2.5811E-03      -218.974      
                2.58375E-03     -227.596      
                2.5864E-03      -238.359      
                2.58905E-03     -224.32       
                2.5917E-03      -225.585      
                2.59435E-03     -222.979      
                2.597E-03       -211.658      
                2.59965E-03     -213.877      
                2.6023E-03      -228.391      
                2.60495E-03     -207.557      
                2.6076E-03      -217.897      
                2.61025E-03     -221.173      
                2.6129E-03      -207.682      
                2.61555E-03     -210.606      
                2.6182E-03      -222.504      
                2.62085E-03     -211.742      
                2.6235E-03      -227.394      
                2.62615E-03     -218.641      
                2.6288E-03      -223.924      
                2.63145E-03     -200.463      
                2.6341E-03      -220.44       
                2.63675E-03     -217.458      
                2.6394E-03      -225.094      
                2.64205E-03     -226.055      
                2.6447E-03      -232.341      
                2.64735E-03     -219.039      
                2.65E-03        -207.432      
                2.65265E-03     -212.811      
                2.6553E-03      -206.996      
                2.65795E-03     -210.801      
                2.6606E-03      -191.081      
                2.66325E-03     -228.807      
                2.6659E-03      -214.848      
                2.66855E-03     -215.698      
                2.6712E-03      -226.357      
                2.67385E-03     -220.541      
                2.6765E-03      -142.813      
                2.67915E-03     -154.34       
                2.6818E-03      -134.52       
                2.68445E-03     -132.2        
                2.6871E-03      -174.651      
                2.68975E-03     -220.666      
                2.6924E-03      -228.383      
                2.69505E-03     -226.474      
                2.6977E-03      -223.555      
                2.70035E-03     -235.542      
                2.703E-03       -222.667      
                2.70565E-03     -225.808      
                2.7083E-03      -220.994      
                2.71095E-03     -224.122      
                2.7136E-03      -223.478      
                2.71625E-03     -223.837      
                2.7189E-03      -235.705      
                2.72155E-03     -213.277      
                2.7242E-03      -229.917      
                2.72685E-03     -221.42       
                2.7295E-03      -219.932      
                2.73215E-03     -226.304      
                2.7348E-03      -219.894      
                2.73745E-03     -222.694      
                2.7401E-03      -226.034      
                2.74275E-03     -227.644      
                2.7454E-03      -213.219      
                2.74805E-03     -212.758      
                2.7507E-03      -229.106      
                2.75335E-03     -210.307      
                2.756E-03       -204.899      
                2.75865E-03     -187.081      
                2.7613E-03      -227.355      
                2.76395E-03     -213.756      
                2.7666E-03      -205.359      
                2.76925E-03     -214.602      
                2.7719E-03      -214.753      
                2.77455E-03     -177.668      
                2.7772E-03      -204.435      
                2.77985E-03     -190.27       
                2.7825E-03      -199.121      
                2.78515E-03     -184.492      
                2.7878E-03      -203.711      
                2.79045E-03     -205.544      
                2.7931E-03      -205.198      
                2.79575E-03     -220.942      
                2.7984E-03      -212.995      
                2.80105E-03     -207.075      
                2.8037E-03      -204.44       
                2.80635E-03     -209.882      
                2.809E-03       -196.794      
                2.81165E-03     -212.264      
                2.8143E-03      -212.493      
                2.81695E-03     -206.938      
                2.8196E-03      -216.465      
                2.82225E-03     -221.788      
                2.8249E-03      -219.035      
                2.82755E-03     -202.001      
                2.8302E-03      -199.788      
                2.83285E-03     -205.928      
                2.8355E-03      -215.916      
                2.83815E-03     -137.009      
                2.8408E-03      -176.329      
                2.84345E-03     -215.612      
                2.8461E-03      -218.         
                2.84875E-03     -199.74       
                2.8514E-03      -198.031      
                2.85405E-03     -218.715      
                2.8567E-03      -121.123      
                2.85935E-03     -126.16       
                2.862E-03       -142.966      
                2.86465E-03     -200.678      
                2.8673E-03      -189.43       
                2.86995E-03     -209.733      
                2.8726E-03      -217.715      
                2.87525E-03     -218.533      
                2.8779E-03      -131.011      
                2.88055E-03     -175.355      
                2.8832E-03      -217.442      
                2.88585E-03     -219.162      
                2.8885E-03      -234.74       
                2.89115E-03     -214.34       
                2.8938E-03      -224.961      
                2.89645E-03     -220.939      
                2.8991E-03      -220.307      
                2.90175E-03     -227.935      
                2.9044E-03      -232.459      
                2.90705E-03     -216.544      
                2.9097E-03      -220.446      
                2.91235E-03     -224.918      
                2.915E-03       -205.133      
                2.91765E-03     -212.936      
                2.9203E-03      -225.032      
                2.92295E-03     -226.434      
                2.9256E-03      -217.606      
                2.92825E-03     -160.558      
                2.9309E-03      -213.138      
                2.93355E-03     -227.536      
                2.9362E-03      -226.857      
                2.93885E-03     -237.826      
                2.9415E-03      -233.223      
                2.94415E-03     -211.612      
                2.9468E-03      -204.116      
                2.94945E-03     -230.59       
                2.9521E-03      -221.656      
                2.95475E-03     -220.548      
                2.9574E-03      -213.243      
                2.96005E-03     -213.813      
                2.9627E-03      -211.275      
                2.96535E-03     -220.667      
                2.968E-03       -215.197      
                2.97065E-03     -213.96       
                2.9733E-03      -199.804      
                2.97595E-03     -205.715      
                2.9786E-03      -217.605      
                2.98125E-03     -218.613      
                2.9839E-03      -225.644      
                2.98655E-03     -224.21       
                2.9892E-03      -215.451      
                2.99185E-03     -217.115      
                2.9945E-03      -218.202      
                2.99715E-03     -210.047      
                2.9998E-03      -215.291      
                3.00245E-03     -220.813      
                3.0051E-03      -211.054      
                3.00775E-03     -216.861      
                3.0104E-03      -215.566      
                3.01305E-03     -212.356      
                3.0157E-03      -184.395      
                3.01835E-03     -217.165      
                3.021E-03       -220.553      
                3.02365E-03     -216.345      
                3.0263E-03      -196.293      
                3.02895E-03     -187.206      
                3.0316E-03      -168.027      
                3.03425E-03     -160.747      
                3.0369E-03      -191.076      
                3.03955E-03     -202.316      
                3.0422E-03      -212.091      
                3.04485E-03     -220.149      
                3.0475E-03      -238.856      
                3.05015E-03     -232.054      
                3.0528E-03      -228.219      
                3.05545E-03     -213.903      
                3.0581E-03      -218.487      
                3.06075E-03     -195.95       
                3.0634E-03      -160.218      
                3.06605E-03     -211.861      
                3.0687E-03      -233.23       
                3.07135E-03     -229.694      
                3.074E-03       -238.542      
                3.07665E-03     -225.925      
                3.0793E-03      -236.164      
                3.08195E-03     -226.048      
                3.0846E-03      -220.138      
                3.08725E-03     -216.651      
                3.0899E-03      -215.234      
                3.09255E-03     -229.245      
                3.0952E-03      -229.877      
                3.09785E-03     -227.26       
                3.1005E-03      -213.006      
                3.10315E-03     -237.088      
                3.1058E-03      -229.805      
                3.10845E-03     -236.011      
                3.1111E-03      -220.972      
                3.11375E-03     -210.75       
                3.1164E-03      -220.424      
                3.11905E-03     -226.325      
                3.1217E-03      -224.193      
                3.12435E-03     -229.674      
                3.127E-03       -198.356      
                3.12965E-03     -220.873      
                3.1323E-03      -228.682      
                3.13495E-03     -193.284      
                3.1376E-03      -222.078      
                3.14025E-03     -230.291      
                3.1429E-03      -216.918      
                3.14555E-03     -205.516      
                3.1482E-03      -207.435      
                3.15085E-03     -193.605      
                3.1535E-03      -217.992      
                3.15615E-03     -212.707      
                3.1588E-03      -227.539      
                3.16145E-03     -202.959      
                3.1641E-03      -236.529      
                3.16675E-03     -240.856      
                3.1694E-03      -208.868      
                3.17205E-03     -235.922      
                3.1747E-03      -195.604      
                3.17735E-03     -203.689      
                3.18E-03        -221.39       
                3.18265E-03     -214.182      
                3.1853E-03      -216.441      
                3.18795E-03     -235.133      
                3.1906E-03      -238.342      
                3.19325E-03     -219.394      
                3.1959E-03      -204.761      
                3.19855E-03     -222.655      
                3.2012E-03      -209.05       
                3.20385E-03     -140.228      
                3.2065E-03      -128.351      
                3.20915E-03     -203.759      
                3.2118E-03      -230.964      
                3.21445E-03     -202.849      
                3.2171E-03      -228.249      
                3.21975E-03     -210.202      
                3.2224E-03      -206.886      
                3.22505E-03     -121.813      
                3.2277E-03      -202.276      
                3.23035E-03     -237.069      
                3.233E-03       -229.143      
                3.23565E-03     -232.622      
                3.2383E-03      -227.135      
                3.24095E-03     -214.112      
                3.2436E-03      -210.53       
                3.24625E-03     -128.951      
                3.2489E-03      -214.132      
                3.25155E-03     -212.522      
                3.2542E-03      -193.262      
                3.25685E-03     -229.175      
                3.2595E-03      -230.465      
                3.26215E-03     -225.557      
                3.2648E-03      -194.235      
                3.26745E-03     -195.196      
                3.2701E-03      -201.068      
                3.27275E-03     -206.886      
                3.2754E-03      -214.174      
                3.27805E-03     -228.887      
                3.2807E-03      -233.691      
                3.28335E-03     -203.605      
                3.286E-03       -216.678      
                3.28865E-03     -239.46       
                3.2913E-03      -232.168      
                3.29395E-03     -212.313      
                3.2966E-03      -218.604      
                3.29925E-03     -227.872      
                3.3019E-03      -188.945      
                3.30455E-03     -215.44       
                3.3072E-03      -237.31       
                3.30985E-03     -212.144      
                3.3125E-03      -220.286      
                3.31515E-03     -225.457      
                3.3178E-03      -224.838      
                3.32045E-03     -216.142      
                3.3231E-03      -222.45       
                3.32575E-03     -219.932      
                3.3284E-03      -213.755      
                3.33105E-03     -217.142      
                3.3337E-03      -207.411      
                3.33635E-03     -231.187      
                3.339E-03       -216.043      
                3.34165E-03     -210.053      
                3.3443E-03      -214.774      
                3.34695E-03     -218.9        
                3.3496E-03      -223.08       
                3.35225E-03     -210.326      
                3.3549E-03      -211.737      
                3.35755E-03     -211.172      
                3.3602E-03      -208.087      
                3.36285E-03     -208.424      
                3.3655E-03      -206.504      
                3.36815E-03     -196.117      
                3.3708E-03      -164.056      
                3.37345E-03     -167.895      
                3.3761E-03      -148.713      
                3.37875E-03     -187.14       
                3.3814E-03      -218.085      
                3.38405E-03     -226.278      
                3.3867E-03      -226.601      
                3.38935E-03     -227.426      
                3.392E-03       -233.772      
                3.39465E-03     -235.361      
                3.3973E-03      -217.429      
                3.39995E-03     -228.67       
                3.4026E-03      -234.315      
                3.40525E-03     -223.634      
                3.4079E-03      -221.318      
                3.41055E-03     -224.25       
                3.4132E-03      -233.724      
                3.41585E-03     -223.183      
                3.4185E-03      -224.589      
                3.42115E-03     -216.505      
                3.4238E-03      -212.161      
                3.42645E-03     -224.371      
                3.4291E-03      -117.686      
                3.43175E-03     -211.78       
                3.4344E-03      -218.036      
                3.43705E-03     -220.747      
                3.4397E-03      -217.09       
                3.44235E-03     -210.683      
                3.445E-03       -207.06       
                3.44765E-03     -214.661      
                3.4503E-03      -217.52       
                3.45295E-03     -231.073      
                3.4556E-03      -199.378      
                3.45825E-03     -210.464      
                3.4609E-03      -219.005      
                3.46355E-03     -222.845      
                3.4662E-03      -213.944      
                3.46885E-03     -215.953      
                3.4715E-03      -212.817      
                3.47415E-03     -233.444      
                3.4768E-03      -225.366      
                3.47945E-03     -227.475      
                3.4821E-03      -225.425      
                3.48475E-03     -215.874      
                3.4874E-03      -201.117      
                3.49005E-03     -198.712      
                3.4927E-03      -221.453      
                3.49535E-03     -218.546      
                3.498E-03       -208.386      
                3.50065E-03     -221.841      
                3.5033E-03      -218.725      
                3.50595E-03     -216.239      
                3.5086E-03      -200.778      
                3.51125E-03     -208.133      
                3.5139E-03      -219.269      
                3.51655E-03     -171.073      
                3.5192E-03      -229.379      
                3.52185E-03     -223.756      
                3.5245E-03      -143.941      
                3.52715E-03     -196.629      
                3.5298E-03      -227.683      
                3.53245E-03     -210.14       
                3.5351E-03      -199.156      
                3.53775E-03     -201.598      
                3.5404E-03      -212.267      
                3.54305E-03     -134.218      
                3.5457E-03      -166.012      
                3.54835E-03     -230.014      
                3.551E-03       -240.684      
                3.55365E-03     -209.367      
                3.5563E-03      -211.979      
                3.55895E-03     -234.321      
                3.5616E-03      -211.941      
                3.56425E-03     -211.588      
                3.5669E-03      -201.06       
                3.56955E-03     -232.699      
                3.5722E-03      -221.832      
                3.57485E-03     -211.833      
                3.5775E-03      -213.502      
                3.58015E-03     -222.696      
                3.5828E-03      -217.593      
                3.58545E-03     -199.829      
                3.5881E-03      -226.698      
                3.59075E-03     -227.3        
                3.5934E-03      -212.152      
                3.59605E-03     -210.634      
                3.5987E-03      -231.145      
                3.60135E-03     -212.84       
                3.604E-03       -153.971      
                3.60665E-03     -192.737      
                3.6093E-03      -196.873      
                3.61195E-03     -225.036      
                3.6146E-03      -211.819      
                3.61725E-03     -212.85       
                3.6199E-03      -217.071      
                3.62255E-03     -218.883      
                3.6252E-03      -233.985      
                3.62785E-03     -214.428      
                3.6305E-03      -225.826      
                3.63315E-03     -235.178      
                3.6358E-03      -219.061      
                3.63845E-03     -221.704      
                3.6411E-03      -214.355      
                3.64375E-03     -234.611      
                3.6464E-03      -225.853      
                3.64905E-03     -226.427      
                3.6517E-03      -227.708      
                3.65435E-03     -215.162      
                3.657E-03       -214.115      
                3.65965E-03     -199.12       
                3.6623E-03      -230.906      
                3.66495E-03     -230.932      
                3.6676E-03      -223.24       
                3.67025E-03     -218.366      
                3.6729E-03      -227.641      
                3.67555E-03     -221.425      
                3.6782E-03      -216.582      
                3.68085E-03     -216.428      
                3.6835E-03      -224.696      
                3.68615E-03     -211.356      
                3.6888E-03      -217.261      
                3.69145E-03     -220.87       
                3.6941E-03      -192.492      
                3.69675E-03     -228.902      
                3.6994E-03      -241.448      
                3.70205E-03     -218.424      
                3.7047E-03      -219.814      
                3.70735E-03     -209.567      
                3.71E-03        -217.017      
                3.71265E-03     -222.851      
                3.7153E-03      -212.306      
                3.71795E-03     -206.046      
                3.7206E-03      -208.933      
                3.72325E-03     -213.815      
                3.7259E-03      -165.264      
                3.72855E-03     -160.471      
                3.7312E-03      -203.201      
                3.73385E-03     -178.474      
                3.7365E-03      -175.675      
                3.73915E-03     -214.106      
                3.7418E-03      -212.637      
                3.74445E-03     -213.346      
                3.7471E-03      -213.791      
                3.74975E-03     -218.561      
                3.7524E-03      -234.233      
                3.75505E-03     -220.283      
                3.7577E-03      -222.791      
                3.76035E-03     -242.741      
                3.763E-03       -239.008      
                3.76565E-03     -230.461      
                3.7683E-03      -227.448      
                3.77095E-03     -236.143      
                3.7736E-03      -235.681      
                3.77625E-03     -221.165      
                3.7789E-03      -225.045      
                3.78155E-03     -230.951      
                3.7842E-03      -228.153      
                3.78685E-03     -223.767      
                3.7895E-03      -218.991      
                3.79215E-03     -229.427      
                3.7948E-03      -229.694      
                3.79745E-03     -214.387      
                3.8001E-03      -225.082      
                3.80275E-03     -208.564      
                3.8054E-03      -225.782      
                3.80805E-03     -201.885      
                3.8107E-03      -214.904      
                3.81335E-03     -230.376      
                3.816E-03       -227.93       
                3.81865E-03     -185.267      
                3.8213E-03      -218.699      
                3.82395E-03     -200.206      
                3.8266E-03      -208.93       
                3.82925E-03     -220.454      
                3.8319E-03      -230.066      
                3.83455E-03     -226.192      
                3.8372E-03      -213.17       
                3.83985E-03     -213.29       
                3.8425E-03      -220.257      
                3.84515E-03     -225.452      
                3.8478E-03      -218.564      
                3.85045E-03     -203.731      
                3.8531E-03      -216.122      
                3.85575E-03     -208.056      
                3.8584E-03      -213.004      
                3.86105E-03     -213.035      
                3.8637E-03      -211.624      
                3.86635E-03     -199.648      
                3.869E-03       -208.463      
                3.87165E-03     -204.809      
                3.8743E-03       -86.3672     
                3.87695E-03     -136.523      
                3.8796E-03      -160.406      
                3.88225E-03     -123.195      
                3.8849E-03      -170.766      
                3.88755E-03     -225.918      
                3.8902E-03      -222.057      
                3.89285E-03     -203.171      
                3.8955E-03      -229.597      
                3.89815E-03     -217.947      
                3.9008E-03      -230.567      
                3.90345E-03     -239.117      
                3.9061E-03      -224.25       
                3.90875E-03     -243.744      
                3.9114E-03      -213.634      
                3.91405E-03     -231.241      
                3.9167E-03      -191.228      
                3.91935E-03     -228.343      
                3.922E-03       -208.372      
                3.92465E-03     -213.577      
                3.9273E-03      -218.196      
                3.92995E-03     -222.975      
                3.9326E-03      -221.361      
                3.93525E-03     -213.483      
                3.9379E-03      -210.842      
                3.94055E-03     -232.235      
                3.9432E-03      -226.217      
                3.94585E-03     -212.899      
                3.9485E-03      -208.866      
                3.95115E-03     -220.69       
                3.9538E-03      -206.27       
                3.95645E-03     -205.         
                3.9591E-03      -198.929      
                3.96175E-03     -219.797      
                3.9644E-03      -235.121      
                3.96705E-03     -216.464      
                3.9697E-03      -209.169      
                3.97235E-03     -217.937      
                3.975E-03       -237.769      
                3.97765E-03     -225.232      
                3.9803E-03      -198.1        
                3.98295E-03     -222.269      
                3.9856E-03      -210.947      
                3.98825E-03     -222.905      
                3.9909E-03      -199.439      
                3.99355E-03     -223.42       
                3.9962E-03      -224.796      
                3.99885E-03     -219.95       
                4.0015E-03      -218.226      
                4.00415E-03     -219.851      
                4.0068E-03      -222.389      
                4.00945E-03     -211.926      
                4.0121E-03      -196.214      
                4.01475E-03     -230.018      
                4.0174E-03      -205.436      
                4.02005E-03     -206.536      
                4.0227E-03      -211.826      
                4.02535E-03     -223.306      
                4.028E-03       -178.697      
                4.03065E-03     -135.869      
                4.0333E-03      -154.208      
                4.03595E-03     -167.775      
                4.0386E-03      -189.879      
                4.04125E-03     -205.124      
                4.0439E-03      -218.713      
                4.04655E-03     -211.617      
                4.0492E-03      -215.665      
                4.05185E-03     -209.966      
                4.0545E-03      -312.53       
                4.05715E-03     -210.496      
                4.0598E-03      -232.048      
                4.06245E-03     -234.157      
                4.0651E-03      -236.788      
                4.06775E-03     -221.596      
                4.0704E-03      -221.163      
                4.07305E-03     -236.874      
                4.0757E-03      -226.029      
                4.07835E-03     -221.205      
                4.081E-03       -198.624      
                4.08365E-03     -243.645      
                4.0863E-03      -229.27       
                4.08895E-03     -223.063      
                4.0916E-03      -213.719      
                4.09425E-03     -235.219      
                4.0969E-03      -228.535      
                4.09955E-03     -212.367      
                4.1022E-03      -199.851      
                4.10485E-03     -225.549      
                4.1075E-03      -211.056      
                4.11015E-03     -211.672      
                4.1128E-03      -222.282      
                4.11545E-03     -225.982      
                4.1181E-03      -228.258      
                4.12075E-03     -220.696      
                4.1234E-03      -235.827      
                4.12605E-03     -222.523      
                4.1287E-03      -218.716      
                4.13135E-03     -211.638      
                4.134E-03       -232.64       
                4.13665E-03     -202.427      
                4.1393E-03      -218.894      
                4.14195E-03     -216.08       
                4.1446E-03      -210.428      
                4.14725E-03     -177.035      
                4.1499E-03      -215.241      
                4.15255E-03     -205.43       
                4.1552E-03      -215.716      
                4.15785E-03     -212.942      
                4.1605E-03      -210.74       
                4.16315E-03     -224.219      
                4.1658E-03      -217.948      
                4.16845E-03     -215.709      
                4.1711E-03      -215.712      
                4.17375E-03     -222.413      
                4.1764E-03      -230.83       
                4.17905E-03     -145.098      
                4.1817E-03      -180.552      
                4.18435E-03     -227.271      
                4.187E-03       -207.144      
                4.18965E-03     -167.386      
                4.1923E-03      -219.847      
                4.19495E-03     -232.155      
                4.1976E-03      -225.676      
                4.20025E-03     -232.554      
                4.2029E-03      -225.316      
                4.20555E-03     -230.976      
                4.2082E-03      -231.515      
                4.21085E-03     -217.934      
                4.2135E-03      -236.828      
                4.21615E-03     -223.616      
                4.2188E-03      -216.122      
                4.22145E-03     -210.698      
                4.2241E-03      -225.375      
                4.22675E-03     -230.546      
                4.2294E-03      -224.326      
                4.23205E-03     -221.38       
                4.2347E-03      -218.977      
                4.23735E-03     -209.547      
                4.24E-03        -122.124      
                4.24265E-03     -213.211      
                4.2453E-03      -217.756      
                4.24795E-03     -225.678      
                4.2506E-03      -208.806      
                4.25325E-03     -220.221      
                4.2559E-03      -231.439      
                4.25855E-03     -181.509      
                4.2612E-03      -210.163      
                4.26385E-03     -232.374      
                4.2665E-03      -219.092      
                4.26915E-03     -209.639      
                4.2718E-03      -218.386      
                4.27445E-03     -225.369      
                4.2771E-03      -223.976      
                4.27975E-03     -218.838      
                4.2824E-03      -203.459      
                4.28505E-03     -224.914      
                4.2877E-03      -223.794      
                4.29035E-03     -215.947      
                4.293E-03       -222.321      
                4.29565E-03     -217.32       
                4.2983E-03      -215.419      
                4.30095E-03     -228.25       
                4.3036E-03      -219.239      
                4.30625E-03     -224.736      
                4.3089E-03      -213.271      
                4.31155E-03     -220.075      
                4.3142E-03      -220.221      
                4.31685E-03     -197.512      
                4.3195E-03      -135.619      
                4.32215E-03     -177.22       
                4.3248E-03      -223.882      
                4.32745E-03     -240.239      
                4.3301E-03      -225.78       
                4.33275E-03     -223.762      
                4.3354E-03      -220.603      
                4.33805E-03     -217.307      
                4.3407E-03      -204.532      
                4.34335E-03     -225.056      
                4.346E-03       -224.622      
                4.34865E-03     -225.647      
                4.3513E-03      -217.22       
                4.35395E-03     -224.893      
                4.3566E-03      -213.744      
                4.35925E-03     -211.063      
                4.3619E-03      -216.874      
                4.36455E-03     -229.288      
                4.3672E-03      -226.2        
                4.36985E-03     -229.462      
                4.3725E-03      -217.576      
                4.37515E-03     -222.4        
                4.3778E-03      -196.948      
                4.38045E-03     -186.436      
                4.3831E-03      -213.745      
                4.38575E-03     -215.537      
                4.3884E-03      -205.793      
                4.39105E-03     -228.491      
                4.3937E-03      -229.724      
                4.39635E-03     -229.539      
                4.399E-03       -234.741      
                4.40165E-03     -204.76       
                4.4043E-03      -215.78       
                4.40695E-03     -212.409      
                4.4096E-03      -209.796      
                4.41225E-03     -223.545      
                4.4149E-03      -221.37       
                4.41755E-03     -229.51       
                4.4202E-03      -204.372      
                4.42285E-03     -223.876      
                4.4255E-03      -218.06       
                4.42815E-03     -226.963      
                4.4308E-03      -224.865      
                4.43345E-03     -208.539      
                4.4361E-03      -215.223      
                4.43875E-03     -222.874      
                4.4414E-03      -228.694      
                4.44405E-03     -222.462      
                4.4467E-03      -218.823      
                4.44935E-03     -213.198      
                4.452E-03       -219.515      
                4.45465E-03     -218.268      
                4.4573E-03      -207.177      
                4.45995E-03     -213.284      
                4.4626E-03      -186.352      
                4.46525E-03     -217.405      
                4.4679E-03      -222.998      
                4.47055E-03     -211.885      
                4.4732E-03      -216.999      
                4.47585E-03     -211.022      
                4.4785E-03      -213.703      
                4.48115E-03     -216.277      
                4.4838E-03      -222.742      
                4.48645E-03     -214.589      
                4.4891E-03      -212.596      
                4.49175E-03     -113.129      
                4.4944E-03      -158.446      
                4.49705E-03     -179.335      
                4.4997E-03      -121.366      
                4.50235E-03     -123.979      
                4.505E-03       -192.736      
                4.50765E-03     -234.872      
                4.5103E-03      -217.601      
                4.51295E-03     -217.996      
                4.5156E-03      -221.89       
                4.51825E-03     -211.816      
                4.5209E-03      -233.819      
                4.52355E-03     -241.498      
                4.5262E-03      -230.897      
                4.52885E-03     -228.123      
                4.5315E-03      -228.076      
                4.53415E-03     -224.868      
                4.5368E-03      -231.98       
                4.53945E-03     -224.479      
                4.5421E-03      -224.703      
                4.54475E-03     -231.019      
                4.5474E-03      -225.542      
                4.55005E-03     -215.893      
                4.5527E-03      -218.01       
                4.55535E-03     -214.523      
                4.558E-03       -213.036      
                4.56065E-03     -216.079      
                4.5633E-03      -226.277      
                4.56595E-03     -227.484      
                4.5686E-03      -221.588      
                4.57125E-03     -215.165      
                4.5739E-03      -223.582      
                4.57655E-03     -222.553      
                4.5792E-03      -223.615      
                4.58185E-03     -226.028      
                4.5845E-03      -209.347      
                4.58715E-03     -220.152      
                4.5898E-03      -208.499      
                4.59245E-03     -220.392      
                4.5951E-03      -182.501      
                4.59775E-03     -213.924      
                4.6004E-03      -210.594      
                4.60305E-03     -216.075      
                4.6057E-03      -202.137      
                4.60835E-03     -203.635      
                4.611E-03       -206.473      
                4.61365E-03     -205.33       
                4.6163E-03      -211.727      
                4.61895E-03     -212.521      
                4.6216E-03      -206.975      
                4.62425E-03     -203.011      
                4.6269E-03      -209.387      
                4.62955E-03     -209.915      
                4.6322E-03      -212.02       
                4.63485E-03     -204.734      
                4.6375E-03      -168.987      
                4.64015E-03     -159.212      
                4.6428E-03      -174.732      
                4.64545E-03     -186.444      
                4.6481E-03      -180.033      
                4.65075E-03     -178.661      
                4.6534E-03      -129.825      
                4.65605E-03     -159.708      
                4.6587E-03      -195.796      
                4.66135E-03     -197.454      
                4.664E-03       -209.701      
                4.66665E-03     -189.995      
                4.6693E-03      -209.232      
                4.67195E-03     -208.602      
                4.6746E-03      -211.267      
                4.67725E-03     -207.496      
                4.6799E-03      -219.05       
                4.68255E-03     -185.593      
                4.6852E-03      -200.548      
                4.68785E-03     -212.75       
                4.6905E-03      -199.307      
                4.69315E-03     -204.014      
                4.6958E-03      -194.697      
                4.69845E-03     -193.523      
                4.7011E-03      -205.878      
                4.70375E-03     -200.372      
                4.7064E-03      -198.291      
                4.70905E-03     -203.439      
                4.7117E-03      -185.433      
                4.71435E-03     -189.341      
                4.717E-03       -195.004      
                4.71965E-03     -194.275      
                4.7223E-03      -195.228      
                4.72495E-03     -205.915      
                4.7276E-03      -207.543      
                4.73025E-03     -201.617      
                4.7329E-03      -213.76       
                4.73555E-03     -199.473      
                4.7382E-03      -203.937      
                4.74085E-03     -200.413      
                4.7435E-03      -192.483      
                4.74615E-03     -190.357      
                4.7488E-03      -201.311      
                4.75145E-03     -201.431      
                4.7541E-03      -182.686      
                4.75675E-03     -195.373      
                4.7594E-03      -180.109      
                4.76205E-03     -189.529      
                4.7647E-03      -187.672      
                4.76735E-03     -155.406      
                4.77E-03        -151.081      
                4.77265E-03     -151.504      
                4.7753E-03      -160.044      
                4.77795E-03     -176.122      
                4.7806E-03      -172.417      
                4.78325E-03     -192.289      
                4.7859E-03      -181.75       
                4.78855E-03     -177.878      
                4.7912E-03      -172.407      
                4.79385E-03     -184.161      
                4.7965E-03      -187.633      
                4.79915E-03     -171.776      
                4.8018E-03      -179.134      
                4.80445E-03     -183.044      
                4.8071E-03      -182.192      
                4.80975E-03     -180.519      
                4.8124E-03      -174.424      
                4.81505E-03     -176.914      
                4.8177E-03      -174.006      
                4.82035E-03     -169.585      
                4.823E-03       -173.673      
                4.82565E-03     -168.926      
                4.8283E-03      -171.013      
                4.83095E-03     -171.112      
                4.8336E-03      -172.866      
                4.83625E-03     -154.344      
                4.8389E-03      -168.122      
                4.84155E-03     -162.881      
                4.8442E-03      -173.388      
                4.84685E-03     -169.79       
                4.8495E-03      -162.577      
                4.85215E-03     -161.363      
                4.8548E-03      -164.736      
                4.85745E-03     -161.072      
                4.8601E-03      -151.473      
                4.86275E-03     -153.687      
                4.8654E-03      -159.234      
                4.86805E-03     -160.455      
                4.8707E-03      -160.121      
                4.87335E-03     -157.782      
                4.876E-03       -132.06       
                4.87865E-03     -151.129      
                4.8813E-03      -106.637      
                4.88395E-03     -151.664      
                4.8866E-03      -157.058      
                4.88925E-03     -161.264      
                4.8919E-03      -156.975      
                4.89455E-03     -166.449      
                4.8972E-03      -133.784      
                4.89985E-03     -128.784      
                4.9025E-03      -132.432      
                4.90515E-03     -135.755      
                4.9078E-03      -132.355      
                4.91045E-03     -124.267      
                4.9131E-03      -133.719      
                4.91575E-03     -131.378      
                4.9184E-03      -126.005      
                4.92105E-03     -107.8        
                4.9237E-03      -122.506      
                4.92635E-03     -118.115      
                4.929E-03       -105.078      
                4.93165E-03     -120.207      
                4.9343E-03      -136.836      
                4.93695E-03     -126.108      
                4.9396E-03      -118.162      
                4.94225E-03     -128.316      
                4.9449E-03      -127.725      
                4.94755E-03     -108.832      
                4.9502E-03      -128.607      
                4.95285E-03     -138.413      
                4.9555E-03       -67.0163     
                4.95815E-03     -114.099      
                4.9608E-03      -124.192      
                4.96345E-03     -112.15       
                4.9661E-03      -105.072      
                4.96875E-03     -108.557      
                4.9714E-03      -110.692      
                4.97405E-03     -114.044      
                4.9767E-03       -96.894      
                4.97935E-03     -108.894      
                4.982E-03       -118.873      
                4.98465E-03     -111.559      
                4.9873E-03      -109.04       
                4.98995E-03     -124.096      
                4.9926E-03      -118.356      
                4.99525E-03      -98.3038     
                4.9979E-03      -107.972      
                5.00055E-03     -114.134      
                5.0032E-03       -97.9373     
                5.00585E-03     -108.04       
                5.0085E-03      -118.736      
                5.01115E-03     -114.09       
                5.0138E-03      -104.984      
                5.01645E-03     -111.184      
                5.0191E-03      -108.86       
                5.02175E-03     -103.218      
                5.0244E-03      -100.958      
                5.02705E-03     -109.439      
                5.0297E-03      -106.624      
                5.03235E-03     -104.583      
                5.035E-03       -111.227      
                5.03765E-03     -111.497      
                5.0403E-03      -103.142      
                5.04295E-03     -105.563      
                5.0456E-03       -95.1882     
                5.04825E-03     -101.594      
                5.0509E-03       -98.7031     
                5.05355E-03     -101.797      
                5.0562E-03       -96.699      
                5.05885E-03     -101.706      
                5.0615E-03       -88.4581     
                5.06415E-03      -17.5395     
                5.0668E-03       -90.5861     
                5.06945E-03      -92.6687     
                5.0721E-03       -43.3059     
                5.07475E-03      -67.1307     
                5.0774E-03      -106.886      
                5.08005E-03      -85.7257     
                5.0827E-03      -101.656      
                5.08535E-03      -85.5908     
                5.088E-03        -98.5553     
                5.09065E-03      -96.0315     
                5.0933E-03       -76.6768     
                5.09595E-03      -90.4806     
                5.0986E-03       -97.8818     
                5.10125E-03      -88.3164     
                5.1039E-03       -74.5342     
                5.10655E-03      -87.9033     
                5.1092E-03       -88.5739     
                5.11185E-03      -82.4522     
                5.1145E-03       -80.8269     
                5.11715E-03      -87.6814     
                5.1198E-03       -90.8657     
                5.12245E-03      -83.4831     
                5.1251E-03       -82.7863     
                5.12775E-03      -75.9121     
                5.1304E-03       -81.141      
                5.13305E-03      -77.0662     
                5.1357E-03       -74.1631     
                5.13835E-03      -73.8594     
                5.141E-03        -81.5251     
                5.14365E-03      -77.2165     
                5.1463E-03       -70.0243     
                5.14895E-03      -69.9149     
                5.1516E-03       -78.6999     
                5.15425E-03      -73.0737     
                5.1569E-03       -77.0242     
                5.15955E-03      -62.1195     
                5.1622E-03       -64.6546     
                5.16485E-03      -70.8423     
                5.1675E-03       -73.2475     
                5.17015E-03      -78.4942     
                5.1728E-03       -90.793      
                5.17545E-03      -88.966      
                5.1781E-03       -89.4392     
                5.18075E-03      -78.9597     
                5.1834E-03       -76.3371     
                5.18605E-03      -82.1716     
                5.1887E-03       -74.8241     
                5.19135E-03      -74.2159     
                5.194E-03        -81.2485     
                5.19665E-03      -87.7687     
                5.1993E-03       -85.5542     
                5.20195E-03      -79.9848     
                5.2046E-03       -73.8665     
                5.20725E-03      -72.1414     
                5.2099E-03       -70.5832     
                5.21255E-03      -64.0783     
                5.2152E-03       -66.5011     
                5.21785E-03      -73.2859     
                5.2205E-03       -74.3889     
                5.22315E-03      -72.5439     
                5.2258E-03       -72.3821     
                5.22845E-03      -69.1656     
                5.2311E-03       -69.0488     
                5.23375E-03      -65.1664     
                5.2364E-03       -64.2159     
                5.23905E-03      -67.4831     
                5.2417E-03       -69.7794     
                5.24435E-03      -71.4095     
                5.247E-03        -71.5519     
                5.24965E-03      -70.2879     
                5.2523E-03       -67.7164     
                5.25495E-03      -64.0032     
                5.2576E-03       -61.2019     
                5.26025E-03      -59.5936     
                5.2629E-03       -58.7785     
                5.26555E-03      -60.4834     
                5.2682E-03       -59.0497     
                5.27085E-03      -60.2668     
                5.2735E-03       -58.8822     
                5.27615E-03      -56.7681     
                5.2788E-03       -54.2448     
                5.28145E-03      -51.4599     
                5.2841E-03       -49.4902     
                5.28675E-03      -49.23       
                5.2894E-03       -34.0652     
                5.29205E-03      -45.4595     
                5.2947E-03       -49.7399     
                5.29735E-03      -49.4435     
                5.3E-03          -52.3185     




