
                  X               _temp_3     

                0.              -114.066E-06  
                5.00059E-06       29.5676     
               10.0015E-06         8.72984    
               15.0009E-06        24.1246     
               20.0004E-06       -82.2504     
               25.0016E-06      -106.86       
               30.0011E-06      -116.012      
               35.0012E-06      -130.44       
               40.0007E-06      -127.019      
               45.0002E-06      -150.785      
               50.0014E-06      -141.518      
               55.0009E-06      -164.721      
               60.0004E-06      -161.011      
               65.0012E-06      -165.471      
               70.0006E-06      -163.32       
               75.0001E-06      -162.412      
               80.0013E-06      -179.457      
               85.0007E-06      -180.717      
               90.0002E-06      -180.068      
               95.0014E-06      -187.504      
              100.001E-06       -189.651      
              105.E-06          -191.982      
              110.002E-06       -200.715      
              115.001E-06       -212.102      
              120.E-06          -195.166      
              125.002E-06       -213.634      
              130.001E-06       -204.848      
              135.001E-06       -209.805      
              140.E-06          -220.029      
              145.001E-06       -214.678      
              150.001E-06       -214.525      
              155.E-06          -221.904      
              160.001E-06       -227.998      
              165.001E-06       -225.21       
              170.E-06          -227.345      
              175.001E-06       -226.236      
              180.001E-06       -235.744      
              185.E-06          -245.34       
              190.002E-06       -240.046      
              195.001E-06       -244.439      
              200.E-06          -252.018      
              205.002E-06       -256.46       
              210.001E-06       -255.512      
              215.001E-06       -256.472      
              220.E-06          -255.65       
              225.001E-06       -262.12       
              230.001E-06       -262.96       
              235.E-06          -263.162      
              240.001E-06       -273.439      
              245.001E-06       -269.309      
              250.E-06          -252.462      
              255.001E-06       -262.987      
              260.001E-06       -266.212      
              265.E-06          -259.223      
              270.002E-06       -267.851      
              275.002E-06       -195.104      
              280.001E-06       -235.193      
              285.001E-06       -244.587      
              290.E-06          -257.006      
              295.001E-06       -264.215      
              300.001E-06       -256.365      
              305.E-06          -253.573      
              310.001E-06       -274.87       
              315.001E-06       -282.238      
              320.E-06          -277.993      
              325.001E-06       -288.353      
              330.001E-06       -287.061      
              335.E-06          -289.15       
              340.001E-06       -291.445      
              345.001E-06       -289.552      
              350.E-06          -272.766      
              355.001E-06       -290.356      
              360.001E-06       -294.648      
              365.001E-06       -295.365      
              370.001E-06       -292.68       
              375.001E-06       -290.924      
              380.E-06          -294.97       
              385.001E-06       -297.461      
              390.002E-06       -265.66       
              395.001E-06       -272.684      
              400.001E-06       -295.525      
              405.E-06          -294.536      
              410.002E-06       -275.016      
              415.001E-06       -294.495      
              420.E-06          -239.52       
              425.001E-06       -277.516      
              430.001E-06       -283.829      
              435.E-06          -303.393      
              440.002E-06       -306.342      
              445.001E-06       -317.982      
              450.E-06          -300.279      
              455.001E-06       -301.016      
              460.001E-06       -307.983      
              465.001E-06       -265.167      
              470.E-06          -295.64       
              475.002E-06       -312.127      
              480.001E-06       -270.772      
              485.001E-06       -310.735      
              490.E-06          -316.859      
              495.001E-06       -319.527      
              500.001E-06       -312.055      
              505.E-06          -322.046      
              510.E-06          -245.371      
              515.E-06          -286.755      
              520.001E-06       -266.124      
              525.001E-06       -294.503      
              530.E-06          -303.45       
              535.001E-06       -313.254      
              540.001E-06       -328.377      
              545.001E-06       -246.678      
              550.001E-06       -283.184      
              555.E-06          -315.421      
              560.001E-06       -320.415      
              565.001E-06       -334.01       
              570.E-06          -330.265      
              575.001E-06       -330.707      
              580.001E-06       -344.058      
              585.E-06          -327.526      
              590.002E-06       -337.684      
              595.001E-06       -331.949      
              600.E-06          -278.786      
              605.002E-06       -325.011      
              610.001E-06       -338.247      
              615.E-06          -330.209      
              620.001E-06       -253.707      
              625.001E-06       -290.188      
              630.E-06          -321.925      
              635.E-06          -313.355      
              640.E-06          -294.269      
              645.001E-06       -307.352      
              650.E-06          -325.796      
              655.E-06          -319.964      
              660.001E-06       -280.639      
              665.001E-06       -314.602      
              670.001E-06       -328.987      
              675.E-06          -308.096      
              680.002E-06       -318.302      
              685.001E-06       -302.851      
              690.001E-06       -264.525      
              695.E-06          -307.109      
              700.001E-06       -328.616      
              705.001E-06       -285.455      
              710.001E-06       -312.356      
              715.E-06          -319.098      
              720.E-06          -266.25       
              725.001E-06       -306.318      
              730.001E-06       -296.596      
              735.E-06          -319.663      
              740.001E-06       -267.188      
              745.001E-06       -298.659      
              750.001E-06       -314.351      
              755.001E-06       -317.709      
              760.001E-06       -275.089      
              765.001E-06       -303.821      
              770.001E-06       -313.77       
              775.E-06          -324.881      
              780.001E-06       -327.338      
              785.E-06          -296.091      
              790.001E-06       -315.164      
              795.001E-06       -329.354      
              800.E-06          -317.097      
              805.E-06          -332.206      
              810.001E-06       -309.595      
              815.001E-06       -318.803      
              820.001E-06       -296.402      
              825.E-06          -301.857      
              830.001E-06       -317.366      
              835.001E-06       -329.194      
              840.E-06          -298.142      
              845.E-06          -290.514      
              850.001E-06       -305.359      
              855.001E-06       -310.304      
              860.001E-06       -274.151      
              865.001E-06       -329.089      
              870.E-06          -283.17       
              875.E-06          -333.94       
              880.001E-06       -285.93       
              885.001E-06       -333.921      
              890.001E-06       -299.472      
              895.E-06          -346.546      
              900.001E-06       -350.964      
              905.E-06          -349.817      
              910.001E-06       -327.219      
              915.001E-06       -350.765      
              920.001E-06       -349.761      
              925.001E-06       -365.742      
              930.001E-06       -360.323      
              935.E-06          -356.397      
              940.E-06          -363.815      
              945.001E-06       -316.03       
              950.001E-06       -337.216      
              955.E-06          -329.48       
              960.001E-06       -354.342      
              965.E-06          -355.694      
              970.001E-06       -366.982      
              975.E-06          -362.361      
              980.E-06          -365.518      
              985.001E-06       -280.94       
              990.001E-06       -319.893      
              995.002E-06       -304.879      
                1.E-03          -306.121      
                1.005E-03       -303.079      
                1.01E-03        -252.451      
                1.015E-03       -300.737      
                1.02E-03        -303.026      
                1.025E-03       -326.514      
                1.03E-03        -338.921      
                1.035E-03       -324.034      
                1.04E-03        -311.896      
                1.045E-03       -321.432      
                1.05E-03        -325.571      
                1.055E-03       -290.253      
                1.06E-03        -290.742      
                1.065E-03       -314.522      
                1.07E-03        -329.492      
                1.075E-03       -327.759      
                1.08E-03        -293.973      
                1.085E-03       -274.192      
                1.09E-03        -317.611      
                1.095E-03       -330.912      
                1.1E-03         -332.001      
                1.105E-03       -298.418      
                1.11E-03        -313.658      
                1.115E-03       -326.411      
                1.12E-03        -313.926      
                1.125E-03       -327.817      
                1.13E-03        -308.762      
                1.135E-03       -314.611      
                1.14E-03        -301.766      
                1.145E-03       -327.664      
                1.15E-03        -320.96       
                1.155E-03       -336.685      
                1.16E-03        -310.176      
                1.165E-03       -324.375      
                1.17E-03        -329.761      
                1.175E-03       -334.111      
                1.18E-03        -278.35       
                1.185E-03       -311.671      
                1.19E-03        -329.261      
                1.195E-03       -334.38       
                1.2E-03         -304.677      
                1.205E-03       -311.145      
                1.21E-03        -321.775      
                1.215E-03       -328.325      
                1.22E-03        -320.096      
                1.225E-03       -313.344      
                1.23E-03        -329.662      
                1.235E-03       -301.468      
                1.24E-03        -320.642      
                1.245E-03       -321.318      
                1.25E-03        -327.368      
                1.255E-03       -325.131      
                1.26E-03        -322.265      
                1.265E-03       -322.037      
                1.27E-03        -325.341      
                1.275E-03       -326.798      
                1.28E-03        -326.412      
                1.285E-03       -329.183      
                1.29E-03        -323.212      
                1.295E-03       -301.875      
                1.3E-03         -325.705      
                1.305E-03       -314.323      
                1.31E-03        -331.554      
                1.315E-03       -325.082      
                1.32E-03        -324.18       
                1.325E-03       -300.997      
                1.33E-03        -329.742      
                1.335E-03       -328.248      
                1.34E-03        -315.481      
                1.345E-03       -319.944      
                1.35E-03        -300.206      
                1.355E-03       -325.656      
                1.36E-03        -329.661      
                1.365E-03       -333.61       
                1.37E-03        -307.22       
                1.375E-03       -317.009      
                1.38E-03        -284.753      
                1.385E-03       -319.694      
                1.39E-03        -251.688      
                1.395E-03       -268.477      
                1.4E-03         -309.432      
                1.405E-03       -316.091      
                1.41E-03        -258.938      
                1.415E-03       -311.939      
                1.42E-03        -344.512      
                1.425E-03       -251.675      
                1.43E-03        -278.512      
                1.435E-03       -297.035      
                1.44E-03        -319.613      
                1.445E-03       -341.461      
                1.45E-03        -312.39       
                1.455E-03       -229.174      
                1.46E-03        -295.4        
                1.465E-03       -304.834      
                1.47E-03        -307.062      
                1.475E-03       -320.566      
                1.48E-03        -314.911      
                1.485E-03       -324.813      
                1.49E-03        -250.625      
                1.495E-03       -327.321      
                1.5E-03         -325.198      
                1.505E-03       -328.854      
                1.51E-03        -324.887      
                1.515E-03       -328.991      
                1.52E-03        -323.976      
                1.525E-03       -314.423      
                1.53E-03        -329.157      
                1.535E-03       -309.392      
                1.54E-03        -328.477      
                1.545E-03       -337.176      
                1.55E-03        -335.789      
                1.555E-03       -293.31       
                1.56E-03        -303.921      
                1.565E-03       -294.623      
                1.57E-03        -323.358      
                1.575E-03       -332.545      
                1.58E-03        -316.198      
                1.585E-03       -324.485      
                1.59E-03        -333.806      
                1.595E-03       -338.712      
                1.6E-03         -307.044      
                1.605E-03       -330.17       
                1.61E-03        -325.244      
                1.615E-03       -330.213      
                1.62E-03        -323.009      
                1.625E-03       -230.679      
                1.63E-03        -258.688      
                1.635E-03       -297.085      
                1.64E-03        -307.763      
                1.645E-03       -311.35       
                1.65E-03        -334.88       
                1.655E-03       -279.38       
                1.66E-03        -325.195      
                1.665E-03       -326.018      
                1.67E-03        -274.978      
                1.675E-03       -193.405      
                1.68E-03        -260.152      
                1.685E-03       -295.703      
                1.69E-03        -309.962      
                1.695E-03       -298.638      
                1.7E-03         -226.329      
                1.705E-03       -290.277      
                1.71E-03        -293.954      
                1.715E-03       -229.238      
                1.72E-03        -312.406      
                1.725E-03       -324.819      
                1.73E-03        -246.751      
                1.735E-03       -208.065      
                1.74E-03        -243.534      
                1.745E-03       -261.069      
                1.75E-03        -253.753      
                1.755E-03       -294.429      
                1.76E-03        -306.678      
                1.765E-03       -336.119      
                1.77E-03        -325.034      
                1.775E-03       -183.185      
                1.78E-03        -268.534      
                1.785E-03       -307.998      
                1.79E-03        -317.295      
                1.795E-03       -336.021      
                1.8E-03         -280.903      
                1.805E-03       -332.968      
                1.81E-03        -331.576      
                1.815E-03       -232.462      
                1.82E-03        -279.562      
                1.825E-03       -312.965      
                1.83E-03        -340.964      
                1.835E-03       -305.903      
                1.84E-03        -325.63       
                1.845E-03       -336.495      
                1.85E-03        -239.647      
                1.855E-03       -289.23       
                1.86E-03        -323.624      
                1.865E-03       -315.341      
                1.87E-03        -301.386      
                1.875E-03       -268.599      
                1.88E-03        -282.396      
                1.885E-03       -319.087      
                1.89E-03        -306.133      
                1.895E-03       -334.337      
                1.9E-03         -312.339      
                1.905E-03       -327.766      
                1.91E-03        -332.495      
                1.915E-03       -239.845      
                1.92E-03        -259.788      
                1.925E-03       -327.555      
                1.93E-03        -321.179      
                1.935E-03       -334.178      
                1.94E-03        -307.578      
                1.945E-03       -273.086      
                1.95E-03        -332.065      
                1.955E-03       -316.923      
                1.96E-03        -322.326      
                1.965E-03       -309.337      
                1.97E-03        -319.501      
                1.975E-03       -218.147      
                1.98E-03        -267.557      
                1.985E-03       -329.846      
                1.99E-03        -317.078      
                1.995E-03       -258.415      
                2.E-03          -294.729      
                2.005E-03       -206.108      
                2.01E-03        -261.797      
                2.015E-03       -269.058      
                2.02E-03        -306.753      
                2.025E-03       -317.647      
                2.03E-03        -313.876      
                2.035E-03       -320.298      
                2.04E-03        -323.207      
                2.045E-03       -234.024      
                2.05E-03        -296.322      
                2.055E-03       -288.146      
                2.06E-03        -308.664      
                2.065E-03       -288.603      
                2.07E-03        -226.619      
                2.075E-03       -304.519      
                2.08E-03        -316.013      
                2.085E-03       -326.428      
                2.09E-03        -293.732      
                2.095E-03       -223.068      
                2.1E-03         -283.734      
                2.105E-03       -320.26       
                2.11E-03        -280.575      
                2.115E-03       -321.083      
                2.12E-03        -323.436      
                2.125E-03       -239.863      
                2.13E-03        -248.47       
                2.135E-03       -316.197      
                2.14E-03        -307.653      
                2.145E-03       -306.235      
                2.15E-03        -267.494      
                2.155E-03       -186.184      
                2.16E-03        -295.528      
                2.165E-03       -291.558      
                2.17E-03        -297.893      
                2.175E-03       -288.011      
                2.18E-03        -229.411      
                2.185E-03       -255.794      
                2.19E-03        -319.702      
                2.195E-03       -289.899      
                2.2E-03         -301.035      
                2.205E-03       -310.379      
                2.21E-03        -240.723      
                2.215E-03       -293.726      
                2.22E-03        -308.78       
                2.225E-03       -307.291      
                2.23E-03        -225.948      
                2.235E-03       -281.433      
                2.24E-03        -296.697      
                2.245E-03       -286.468      
                2.25E-03        -267.437      
                2.255E-03       -284.784      
                2.26E-03        -167.902      
                2.265E-03       -284.376      
                2.27E-03        -281.6        
                2.275E-03       -297.775      
                2.28E-03        -278.034      
                2.285E-03       -295.464      
                2.29E-03        -297.568      
                2.295E-03       -307.471      
                2.3E-03         -300.168      
                2.305E-03       -240.889      
                2.31E-03        -300.356      
                2.315E-03       -312.436      
                2.32E-03        -261.883      
                2.325E-03       -290.517      
                2.33E-03        -319.271      
                2.335E-03       -315.12       
                2.34E-03        -300.303      
                2.345E-03       -215.689      
                2.35E-03        -264.374      
                2.355E-03       -277.018      
                2.36E-03        -278.527      
                2.365E-03       -293.086      
                2.37E-03        -233.972      
                2.375E-03       -264.908      
                2.38E-03        -316.178      
                2.385E-03       -252.705      
                2.39E-03        -297.804      
                2.395E-03       -322.108      
                2.4E-03         -262.729      
                2.405E-03       -298.892      
                2.41E-03        -312.926      
                2.415E-03       -314.714      
                2.42E-03        -308.462      
                2.425E-03       -322.745      
                2.43E-03        -216.107      
                2.435E-03       -301.893      
                2.44E-03        -308.724      
                2.445E-03       -240.568      
                2.45E-03        -293.981      
                2.455E-03       -316.888      
                2.46E-03        -314.037      
                2.465E-03       -306.055      
                2.47E-03        -312.095      
                2.475E-03       -308.298      
                2.48E-03        -313.339      
                2.485E-03       -311.913      
                2.49E-03        -317.842      
                2.495E-03       -314.621      
                2.5E-03         -244.335      
                2.505E-03       -297.554      
                2.51E-03        -315.68       
                2.515E-03       -309.587      
                2.52E-03        -312.482      
                2.525E-03       -319.535      
                2.53E-03        -304.824      
                2.535E-03       -312.74       
                2.54E-03        -318.675      
                2.545E-03       -315.414      
                2.55E-03        -318.675      
                2.555E-03       -292.384      
                2.56E-03        -317.979      
                2.565E-03       -310.844      
                2.57E-03        -317.073      
                2.575E-03       -316.921      
                2.58E-03        -288.434      
                2.585E-03       -301.716      
                2.59E-03        -314.883      
                2.595E-03       -248.186      
                2.6E-03         -288.194      
                2.605E-03       -303.129      
                2.61E-03        -314.698      
                2.615E-03       -322.09       
                2.62E-03        -304.64       
                2.625E-03       -311.365      
                2.63E-03        -330.763      
                2.635E-03       -303.494      
                2.64E-03        -312.321      
                2.645E-03       -318.248      
                2.65E-03        -330.746      
                2.655E-03       -318.83       
                2.66E-03        -316.676      
                2.665E-03       -248.361      
                2.67E-03        -318.299      
                2.675E-03       -313.252      
                2.68E-03        -325.048      
                2.685E-03       -312.346      
                2.69E-03        -322.011      
                2.695E-03       -324.924      
                2.7E-03         -284.774      
                2.705E-03       -356.756      
                2.71E-03        -321.593      
                2.715E-03       -330.454      
                2.72E-03        -325.456      
                2.725E-03       -306.509      
                2.73E-03        -329.55       
                2.735E-03       -337.932      
                2.74E-03        -302.722      
                2.745E-03       -256.856      
                2.75E-03        -303.146      
                2.755E-03       -312.896      
                2.76E-03        -266.951      
                2.765E-03       -292.432      
                2.77E-03        -319.7        
                2.775E-03       -313.166      
                2.78E-03        -305.967      
                2.785E-03       -312.148      
                2.79E-03        -302.728      
                2.795E-03       -315.5        
                2.8E-03         -313.111      
                2.805E-03       -322.453      
                2.81E-03        -315.086      
                2.815E-03       -296.167      
                2.82E-03        -307.501      
                2.825E-03       -318.159      
                2.83E-03        -289.012      
                2.835E-03       -321.912      
                2.84E-03        -298.766      
                2.845E-03       -308.163      
                2.85E-03        -300.209      
                2.855E-03       -319.731      
                2.86E-03        -321.719      
                2.865E-03       -322.465      
                2.87E-03        -239.157      
                2.875E-03       -300.263      
                2.88E-03        -310.933      
                2.885E-03       -322.392      
                2.89E-03        -318.352      
                2.895E-03       -327.454      
                2.9E-03         -324.786      
                2.905E-03       -284.527      
                2.91E-03        -309.925      
                2.915E-03       -285.283      
                2.92E-03        -307.34       
                2.925E-03       -301.626      
                2.93E-03        -246.609      
                2.935E-03       -283.178      
                2.94E-03        -304.469      
                2.945E-03       -312.572      
                2.95E-03        -321.023      
                2.955E-03       -274.727      
                2.96E-03        -295.114      
                2.965E-03       -293.107      
                2.97E-03        -317.23       
                2.975E-03       -322.822      
                2.98E-03        -298.016      
                2.985E-03       -313.735      
                2.99E-03        -323.161      
                2.995E-03       -317.246      
                3.E-03          -305.971      
                3.005E-03       -280.6        
                3.01E-03        -222.76       
                3.015E-03       -202.383      
                3.02E-03        -239.158      
                3.025E-03       -288.962      
                3.03E-03        -309.779      
                3.035E-03       -309.844      
                3.04E-03        -246.205      
                3.045E-03       -290.024      
                3.05E-03        -306.729      
                3.055E-03       -319.231      
                3.06E-03        -312.59       
                3.065E-03       -316.335      
                3.07E-03        -301.844      
                3.075E-03       -306.982      
                3.08E-03        -320.249      
                3.085E-03       -310.783      
                3.09E-03        -308.812      
                3.095E-03       -313.986      
                3.1E-03         -293.911      
                3.105E-03       -311.921      
                3.11E-03        -322.271      
                3.115E-03       -319.938      
                3.12E-03        -301.368      
                3.125E-03       -299.669      
                3.13E-03        -267.283      
                3.135E-03       -289.544      
                3.14E-03        -291.438      
                3.145E-03       -362.855      
                3.15E-03        -196.72       
                3.155E-03       -237.649      
                3.16E-03        -284.561      
                3.165E-03       -303.941      
                3.17E-03        -310.901      
                3.175E-03       -320.621      
                3.18E-03        -333.543      
                3.185E-03       -319.152      
                3.19E-03        -322.779      
                3.195E-03       -309.133      
                3.2E-03         -344.363      
                3.205E-03       -317.207      
                3.21E-03        -310.325      
                3.215E-03       -320.434      
                3.22E-03        -329.1        
                3.225E-03       -264.819      
                3.23E-03        -316.924      
                3.235E-03       -309.355      
                3.24E-03        -321.481      
                3.245E-03       -320.089      
                3.25E-03        -298.202      
                3.255E-03       -344.969      
                3.26E-03        -284.865      
                3.265E-03       -303.813      
                3.27E-03        -301.639      
                3.275E-03       -329.571      
                3.28E-03        -292.823      
                3.285E-03       -279.962      
                3.29E-03        -318.963      
                3.295E-03       -294.964      
                3.3E-03         -299.812      
                3.305E-03       -309.87       
                3.31E-03        -284.92       
                3.315E-03       -252.174      
                3.32E-03        -298.878      
                3.325E-03       -275.724      
                3.33E-03        -283.873      
                3.335E-03       -319.848      
                3.34E-03        -255.989      
                3.345E-03       -299.348      
                3.35E-03        -290.66       
                3.355E-03       -203.784      
                3.36E-03        -251.498      
                3.365E-03       -279.725      
                3.37E-03        -244.384      
                3.375E-03       -231.822      
                3.38E-03        -292.85       
                3.385E-03       -251.696      
                3.39E-03        -273.467      
                3.395E-03       -302.337      
                3.4E-03         -204.467      
                3.405E-03       -164.722      
                3.41E-03        -257.213      
                3.415E-03       -269.998      
                3.42E-03        -225.489      
                3.425E-03       -262.187      
                3.43E-03        -222.932      
                3.435E-03       -277.249      
                3.44E-03        -227.472      
                3.445E-03       -259.951      
                3.45E-03        -237.017      
                3.455E-03       -224.555      
                3.46E-03        -281.803      
                3.465E-03       -262.064      
                3.47E-03        -264.137      
                3.475E-03       -292.263      
                3.48E-03        -301.084      
                3.485E-03       -238.405      
                3.49E-03        -245.271      
                3.495E-03       -269.473      
                3.5E-03         -201.881      
                3.505E-03       -236.673      
                3.51E-03        -290.057      
                3.515E-03       -272.593      
                3.52E-03        -287.749      
                3.525E-03       -283.25       
                3.53E-03        -300.566      
                3.535E-03       -245.498      
                3.54E-03        -164.37       
                3.545E-03       -234.575      
                3.55E-03        -296.453      
                3.555E-03       -278.357      
                3.56E-03        -298.507      
                3.565E-03       -267.488      
                3.57E-03        -208.687      
                3.575E-03       -295.734      
                3.58E-03        -297.028      
                3.585E-03       -243.836      
                3.59E-03        -288.917      
                3.595E-03       -290.885      
                3.6E-03         -295.293      
                3.605E-03       -284.62       
                3.61E-03        -288.761      
                3.615E-03       -273.698      
                3.62E-03        -310.939      
                3.625E-03       -315.36       
                3.63E-03        -212.395      
                3.635E-03       -276.892      
                3.64E-03        -219.42       
                3.645E-03       -308.554      
                3.65E-03        -312.291      
                3.655E-03       -251.535      
                3.66E-03        -294.825      
                3.665E-03       -288.119      
                3.67E-03        -308.263      
                3.675E-03       -277.181      
                3.68E-03        -295.613      
                3.685E-03       -147.001      
                3.69E-03        -269.753      
                3.695E-03       -284.092      
                3.7E-03         -287.777      
                3.705E-03       -216.318      
                3.71E-03        -275.161      
                3.715E-03       -294.398      
                3.72E-03        -289.273      
                3.725E-03       -298.843      
                3.73E-03        -310.473      
                3.735E-03       -299.086      
                3.74E-03        -266.927      
                3.745E-03       -299.211      
                3.75E-03        -258.996      
                3.755E-03       -298.239      
                3.76E-03        -281.884      
                3.765E-03       -279.022      
                3.77E-03        -289.633      
                3.775E-03       -292.702      
                3.78E-03        -247.81       
                3.785E-03       -287.108      
                3.79E-03        -256.611      
                3.795E-03       -273.624      
                3.8E-03         -287.167      
                3.805E-03       -302.697      
                3.81E-03        -265.597      
                3.815E-03       -276.808      
                3.82E-03        -287.52       
                3.825E-03       -296.777      
                3.83E-03        -298.215      
                3.835E-03       -267.467      
                3.84E-03        -279.502      
                3.845E-03       -290.139      
                3.85E-03        -219.109      
                3.855E-03       -219.17       
                3.86E-03        -243.607      
                3.865E-03       -282.498      
                3.87E-03        -273.996      
                3.875E-03       -296.529      
                3.88E-03        -271.368      
                3.885E-03       -260.411      
                3.89E-03        -283.992      
                3.895E-03       -269.252      
                3.9E-03         -201.846      
                3.905E-03       -276.612      
                3.91E-03        -267.217      
                3.915E-03       -287.505      
                3.92E-03        -239.403      
                3.925E-03       -266.702      
                3.93E-03        -256.609      
                3.935E-03       -278.756      
                3.94E-03        -278.058      
                3.945E-03       -304.144      
                3.95E-03        -251.481      
                3.955E-03       -284.075      
                3.96E-03        -301.289      
                3.965E-03       -315.447      
                3.97E-03        -316.159      
                3.975E-03       -187.402      
                3.98E-03        -227.436      
                3.985E-03       -255.509      
                3.99E-03        -275.171      
                3.995E-03       -286.865      
                4.E-03          -287.681      
                4.005E-03       -287.74       
                4.01E-03        -302.372      
                4.015E-03       -306.553      
                4.02E-03        -216.542      
                4.025E-03       -243.492      
                4.03E-03        -278.961      
                4.035E-03       -277.613      
                4.04E-03        -300.283      
                4.045E-03       -295.775      
                4.05E-03        -295.979      
                4.055E-03       -298.994      
                4.06E-03        -301.887      
                4.065E-03       -297.114      
                4.07E-03        -297.542      
                4.075E-03       -325.643      
                4.08E-03        -237.339      
                4.085E-03       -288.136      
                4.09E-03        -299.008      
                4.095E-03       -309.207      
                4.1E-03         -315.947      
                4.105E-03       -198.271      
                4.11E-03        -265.97       
                4.115E-03       -296.411      
                4.12E-03        -311.01       
                4.125E-03       -252.408      
                4.13E-03        -289.046      
                4.135E-03       -270.183      
                4.14E-03        -281.327      
                4.145E-03       -307.356      
                4.15E-03        -298.493      
                4.155E-03       -334.684      
                4.16E-03        -269.933      
                4.165E-03       -287.733      
                4.17E-03        -286.304      
                4.175E-03       -316.685      
                4.18E-03        -253.169      
                4.185E-03       -239.505      
                4.19E-03        -292.37       
                4.195E-03       -247.736      
                4.2E-03         -262.475      
                4.205E-03       -295.658      
                4.21E-03        -290.619      
                4.215E-03       -282.353      
                4.22E-03        -306.001      
                4.225E-03       -307.084      
                4.23E-03        -258.855      
                4.235E-03       -286.19       
                4.24E-03        -223.528      
                4.245E-03       -284.108      
                4.25E-03        -289.367      
                4.255E-03       -321.656      
                4.26E-03        -276.682      
                4.265E-03       -303.945      
                4.27E-03        -302.746      
                4.275E-03       -317.939      
                4.28E-03        -313.576      
                4.285E-03       -261.         
                4.29E-03        -319.857      
                4.295E-03       -301.749      
                4.3E-03         -300.9        
                4.305E-03       -309.624      
                4.31E-03        -248.777      
                4.315E-03       -273.434      
                4.32E-03        -231.454      
                4.325E-03       -271.02       
                4.33E-03        -298.183      
                4.335E-03       -254.854      
                4.34E-03        -327.44       
                4.345E-03       -251.914      
                4.35E-03        -296.728      
                4.355E-03       -283.976      
                4.36E-03        -322.06       
                4.365E-03       -326.011      
                4.37E-03        -308.022      
                4.375E-03       -253.123      
                4.38E-03        -277.913      
                4.385E-03       -284.572      
                4.39E-03        -261.531      
                4.395E-03       -261.509      
                4.4E-03         -259.283      
                4.405E-03       -287.247      
                4.41E-03        -273.57       
                4.415E-03       -281.507      
                4.42E-03        -313.647      
                4.425E-03       -303.326      
                4.43E-03        -270.445      
                4.435E-03       -295.23       
                4.44E-03        -273.76       
                4.445E-03       -303.438      
                4.45E-03        -310.339      
                4.455E-03       -314.165      
                4.46E-03        -211.105      
                4.465E-03       -277.814      
                4.47E-03        -281.08       
                4.475E-03       -283.075      
                4.48E-03        -288.052      
                4.485E-03       -305.654      
                4.49E-03        -302.549      
                4.495E-03       -299.077      
                4.5E-03         -294.698      
                4.505E-03       -299.418      
                4.51E-03        -299.968      
                4.515E-03       -288.256      
                4.52E-03        -263.354      
                4.525E-03       -286.848      
                4.53E-03        -293.015      
                4.535E-03       -264.462      
                4.54E-03        -306.453      
                4.545E-03       -303.349      
                4.55E-03        -281.992      
                4.555E-03       -304.701      
                4.56E-03        -301.61       
                4.565E-03       -237.429      
                4.57E-03        -291.093      
                4.575E-03       -292.083      
                4.58E-03        -263.997      
                4.585E-03       -299.252      
                4.59E-03        -277.588      
                4.595E-03       -232.787      
                4.6E-03         -304.573      
                4.605E-03       -283.94       
                4.61E-03        -310.937      
                4.615E-03       -312.048      
                4.62E-03        -318.289      
                4.625E-03       -317.661      
                4.63E-03        -276.904      
                4.635E-03       -309.975      
                4.64E-03        -296.142      
                4.645E-03       -284.316      
                4.65E-03        -297.462      
                4.655E-03       -289.225      
                4.66E-03        -305.074      
                4.665E-03       -304.023      
                4.67E-03        -285.642      
                4.675E-03       -298.263      
                4.68E-03        -301.817      
                4.685E-03       -214.057      
                4.69E-03        -280.516      
                4.695E-03       -273.592      
                4.7E-03         -263.973      
                4.705E-03       -297.089      
                4.71E-03        -295.967      
                4.715E-03       -254.237      
                4.72E-03        -242.528      
                4.725E-03       -270.208      
                4.73E-03        -299.758      
                4.735E-03       -305.006      
                4.74E-03        -298.063      
                4.745E-03       -285.751      
                4.75E-03        -281.125      
                4.755E-03       -209.211      
                4.76E-03        -295.908      
                4.765E-03       -290.48       
                4.77E-03        -297.119      
                4.775E-03       -194.932      
                4.78E-03        -184.702      
                4.785E-03       -251.516      
                4.79E-03        -280.372      
                4.795E-03       -304.776      
                4.8E-03         -286.821      
                4.805E-03       -309.785      
                4.81E-03        -317.563      
                4.815E-03       -266.87       
                4.82E-03        -295.289      
                4.825E-03       -320.69       
                4.83E-03        -299.618      
                4.835E-03       -217.651      
                4.84E-03        -187.724      
                4.845E-03       -223.751      
                4.85E-03        -224.759      
                4.855E-03       -238.686      
                4.86E-03        -284.514      
                4.865E-03       -306.285      
                4.87E-03        -304.838      
                4.875E-03       -321.921      
                4.88E-03        -248.825      
                4.885E-03       -293.07       
                4.89E-03        -302.491      
                4.895E-03       -313.104      
                4.9E-03         -301.019      
                4.905E-03       -314.424      
                4.91E-03        -304.886      
                4.915E-03       -308.425      
                4.92E-03        -306.54       
                4.925E-03       -300.782      
                4.93E-03        -310.067      
                4.935E-03       -325.904      
                4.94E-03        -318.758      
                4.945E-03       -319.264      
                4.95E-03        -305.548      
                4.955E-03       -306.901      
                4.96E-03        -318.771      
                4.965E-03       -313.771      
                4.97E-03        -322.301      
                4.975E-03       -320.732      
                4.98E-03        -266.707      
                4.985E-03       -326.076      
                4.99E-03        -305.631      
                4.995E-03       -299.624      
                5.E-03          -313.601      
                5.005E-03       -334.535      
                5.01E-03        -260.839      
                5.015E-03       -303.804      
                5.02E-03        -308.956      
                5.025E-03       -317.104      
                5.03E-03        -294.154      
                5.035E-03       -315.096      
                5.04E-03        -325.038      
                5.045E-03       -326.746      
                5.05E-03        -316.454      
                5.055E-03       -300.443      
                5.06E-03        -311.342      
                5.065E-03       -324.371      
                5.07E-03        -302.697      
                5.075E-03       -316.331      
                5.08E-03        -322.164      
                5.085E-03       -304.522      
                5.09E-03        -317.045      
                5.095E-03       -317.057      
                5.1E-03         -312.592      
                5.105E-03       -323.879      
                5.11E-03        -325.416      
                5.115E-03       -284.759      
                5.12E-03        -313.716      
                5.125E-03       -307.159      
                5.13E-03        -310.598      
                5.135E-03       -249.601      
                5.14E-03        -320.629      
                5.145E-03       -262.853      
                5.15E-03        -291.574      
                5.155E-03       -306.917      
                5.16E-03        -277.688      
                5.165E-03       -225.741      
                5.17E-03        -283.758      
                5.175E-03       -297.71       
                5.18E-03        -286.563      
                5.185E-03       -307.784      
                5.19E-03        -262.745      
                5.195E-03       -294.28       
                5.2E-03         -258.227      
                5.205E-03       -302.659      
                5.21E-03        -278.944      
                5.215E-03       -281.216      
                5.22E-03        -300.829      
                5.225E-03       -288.882      
                5.23E-03        -286.118      
                5.235E-03       -342.96       
                5.24E-03        -273.333      
                5.245E-03       -284.404      
                5.25E-03        -316.177      
                5.255E-03       -225.797      
                5.26E-03        -269.561      
                5.265E-03       -311.763      
                5.27E-03        -286.12       
                5.275E-03       -308.031      
                5.28E-03        -304.513      
                5.285E-03       -238.362      
                5.29E-03        -266.45       
                5.295E-03       -298.159      
                5.3E-03         -290.643      
                5.305E-03       -291.401      
                5.31E-03        -288.739      
                5.315E-03       -315.497      
                5.32E-03        -285.281      
                5.325E-03       -210.102      
                5.33E-03        -227.791      
                5.335E-03       -227.126      
                5.34E-03        -245.915      
                5.345E-03       -267.283      
                5.35E-03        -262.018      
                5.355E-03       -293.414      
                5.36E-03        -292.129      
                5.365E-03       -215.256      
                5.37E-03        -280.993      
                5.375E-03       -279.444      
                5.38E-03        -276.144      
                5.385E-03       -297.438      
                5.39E-03        -216.584      
                5.395E-03       -285.898      
                5.4E-03         -291.749      
                5.405E-03       -292.843      
                5.41E-03        -303.91       
                5.415E-03       -294.974      
                5.42E-03        -289.127      
                5.425E-03       -286.398      
                5.43E-03        -211.925      
                5.435E-03       -257.565      
                5.44E-03        -249.518      
                5.445E-03       -281.748      
                5.45E-03        -290.15       
                5.455E-03       -287.237      
                5.46E-03        -283.198      
                5.465E-03       -296.916      
                5.47E-03        -303.647      
                5.475E-03       -293.345      
                5.48E-03        -186.093      
                5.485E-03       -239.031      
                5.49E-03        -302.739      
                5.495E-03       -222.131      
                5.5E-03         -309.592      
                5.505E-03       -308.301      
                5.51E-03        -265.689      
                5.515E-03       -275.393      
                5.52E-03        -260.358      
                5.525E-03       -290.385      
                5.53E-03        -292.211      
                5.535E-03       -298.311      
                5.54E-03        -300.066      
                5.545E-03       -295.538      
                5.55E-03        -203.682      
                5.555E-03       -305.688      
                5.56E-03        -303.775      
                5.565E-03       -295.776      
                5.57E-03        -297.8        
                5.575E-03       -306.095      
                5.58E-03        -312.535      
                5.585E-03       -325.635      
                5.59E-03        -223.869      
                5.595E-03       -284.008      
                5.6E-03         -319.669      
                5.605E-03       -270.038      
                5.61E-03        -308.115      
                5.615E-03       -306.047      
                5.62E-03        -310.815      
                5.625E-03       -321.777      
                5.63E-03        -309.857      
                5.635E-03       -295.939      
                5.64E-03        -315.846      
                5.645E-03       -314.025      
                5.65E-03        -273.812      
                5.655E-03       -354.324      
                5.66E-03        -304.978      
                5.665E-03       -312.068      
                5.67E-03        -307.695      
                5.675E-03       -297.018      
                5.68E-03        -308.659      
                5.685E-03       -314.856      
                5.69E-03        -332.332      
                5.695E-03       -329.974      
                5.7E-03         -283.631      
                5.705E-03       -300.956      
                5.71E-03        -319.826      
                5.715E-03       -242.132      
                5.72E-03        -304.329      
                5.725E-03       -284.468      
                5.73E-03        -299.167      
                5.735E-03       -312.66       
                5.74E-03        -291.133      
                5.745E-03       -231.271      
                5.75E-03        -291.817      
                5.755E-03       -299.484      
                5.76E-03        -298.011      
                5.765E-03       -289.033      
                5.77E-03        -294.743      
                5.775E-03       -302.67       
                5.78E-03        -247.258      
                5.785E-03       -289.923      
                5.79E-03        -271.085      
                5.795E-03       -275.189      
                5.8E-03         -291.243      
                5.805E-03       -290.771      
                5.81E-03        -304.842      
                5.815E-03       -289.146      
                5.82E-03        -281.442      
                5.825E-03       -283.349      
                5.83E-03        -306.387      
                5.835E-03       -295.484      
                5.84E-03        -289.919      
                5.845E-03       -239.12       
                5.85E-03        -296.277      
                5.855E-03       -295.062      
                5.86E-03        -297.45       
                5.865E-03       -309.959      
                5.87E-03        -270.601      
                5.875E-03       -303.73       
                5.88E-03        -252.817      
                5.885E-03       -314.176      
                5.89E-03        -313.807      
                5.895E-03       -285.063      
                5.9E-03         -259.212      
                5.905E-03       -326.513      
                5.91E-03        -220.186      
                5.915E-03       -283.338      
                5.92E-03        -332.002      
                5.925E-03       -273.876      
                5.93E-03        -263.685      
                5.935E-03       -299.448      
                5.94E-03        -294.824      
                5.945E-03       -294.458      
                5.95E-03        -291.415      
                5.955E-03       -289.121      
                5.96E-03        -298.04       
                5.965E-03       -309.54       
                5.97E-03        -296.942      
                5.975E-03       -217.5        
                5.98E-03        -282.296      
                5.985E-03       -323.         
                5.99E-03        -292.034      
                5.995E-03       -311.907      
                6.E-03          -271.234      
                6.005E-03       -292.74       
                6.01E-03        -283.749      
                6.015E-03       -277.657      
                6.02E-03        -307.486      
                6.025E-03       -290.41       
                6.03E-03        -309.161      
                6.035E-03       -305.843      
                6.04E-03        -300.484      
                6.045E-03       -309.792      
                6.05E-03        -200.14       
                6.055E-03       -255.291      
                6.06E-03        -305.897      
                6.065E-03       -286.698      
                6.07E-03        -298.938      
                6.075E-03       -259.654      
                6.08E-03        -289.72       
                6.085E-03       -295.554      
                6.09E-03        -257.803      
                6.095E-03       -224.053      
                6.1E-03         -283.838      
                6.105E-03       -266.055      
                6.11E-03        -290.061      
                6.115E-03       -281.026      
                6.12E-03        -276.052      
                6.125E-03       -284.651      
                6.13E-03        -311.12       
                6.135E-03       -299.193      
                6.14E-03        -290.825      
                6.145E-03       -295.621      
                6.15E-03        -317.522      
                6.155E-03       -300.66       
                6.16E-03        -296.706      
                6.165E-03       -306.696      
                6.17E-03        -308.192      
                6.175E-03       -305.67       
                6.18E-03        -317.308      
                6.185E-03       -307.482      
                6.19E-03        -306.434      
                6.195E-03       -314.475      
                6.2E-03         -316.683      
                6.205E-03       -268.206      
                6.21E-03        -287.749      
                6.215E-03       -292.997      
                6.22E-03        -222.346      
                6.225E-03       -233.096      
                6.23E-03        -253.13       
                6.235E-03       -258.312      
                6.24E-03        -290.299      
                6.245E-03       -274.623      
                6.25E-03        -320.088      
                6.255E-03       -295.287      
                6.26E-03        -205.471      
                6.265E-03       -272.739      
                6.27E-03        -300.704      
                6.275E-03       -297.207      
                6.28E-03        -297.347      
                6.285E-03       -312.885      
                6.29E-03        -268.986      
                6.295E-03       -297.062      
                6.3E-03         -300.501      
                6.305E-03       -298.121      
                6.31E-03        -296.873      
                6.315E-03       -243.426      
                6.32E-03        -224.247      
                6.325E-03       -279.519      
                6.33E-03        -305.85       
                6.335E-03       -301.282      
                6.34E-03        -274.57       
                6.345E-03       -250.609      
                6.35E-03        -276.165      
                6.355E-03       -282.587      
                6.36E-03        -301.552      
                6.365E-03       -259.777      
                6.37E-03        -285.339      
                6.375E-03       -294.807      
                6.38E-03        -295.014      
                6.385E-03       -274.684      
                6.39E-03        -285.61       
                6.395E-03       -288.608      
                6.4E-03         -302.931      
                6.405E-03       -196.036      
                6.41E-03        -285.185      
                6.415E-03       -244.23       
                6.42E-03        -282.763      
                6.425E-03       -309.543      
                6.43E-03        -268.821      
                6.435E-03       -262.193      
                6.44E-03        -276.328      
                6.445E-03       -322.143      
                6.45E-03        -231.664      
                6.455E-03       -252.194      
                6.46E-03        -307.671      
                6.465E-03       -310.761      
                6.47E-03        -244.214      
                6.475E-03       -263.487      
                6.48E-03        -312.125      
                6.485E-03       -296.879      
                6.49E-03        -302.111      
                6.495E-03       -290.712      
                6.5E-03         -310.127      
                6.505E-03       -275.9        
                6.51E-03        -298.547      
                6.515E-03       -209.366      
                6.52E-03        -262.136      
                6.525E-03       -290.677      
                6.53E-03        -299.552      
                6.535E-03       -280.38       
                6.54E-03        -300.591      
                6.545E-03       -306.393      
                6.55E-03        -249.631      
                6.555E-03       -275.414      
                6.56E-03        -306.327      
                6.565E-03       -286.771      
                6.57E-03        -295.822      
                6.575E-03       -214.187      
                6.58E-03        -274.854      
                6.585E-03       -284.41       
                6.59E-03        -255.08       
                6.595E-03       -268.766      
                6.6E-03         -275.226      
                6.605E-03       -229.782      
                6.61E-03        -231.302      
                6.615E-03       -280.354      
                6.62E-03        -260.245      
                6.625E-03       -295.344      
                6.63E-03        -231.478      
                6.635E-03       -256.097      
                6.64E-03        -164.006      
                6.645E-03       -211.195      
                6.65E-03        -310.065      
                6.655E-03       -316.657      
                6.66E-03        -262.428      
                6.665E-03       -277.291      
                6.67E-03        -235.885      
                6.675E-03       -283.508      
                6.68E-03        -292.758      
                6.685E-03       -293.259      
                6.69E-03        -293.369      
                6.695E-03       -265.561      
                6.7E-03         -305.902      
                6.705E-03       -309.845      
                6.71E-03        -283.335      
                6.715E-03       -268.412      
                6.72E-03        -286.719      
                6.725E-03       -296.734      
                6.73E-03        -263.512      
                6.735E-03       -295.537      
                6.74E-03        -298.931      
                6.745E-03       -293.9        
                6.75E-03        -281.746      
                6.755E-03       -298.165      
                6.76E-03        -286.642      
                6.765E-03       -245.735      
                6.77E-03        -271.015      
                6.775E-03       -283.121      
                6.78E-03        -295.664      
                6.785E-03       -293.024      
                6.79E-03        -306.346      
                6.795E-03       -237.027      
                6.8E-03         -291.322      
                6.805E-03       -283.069      
                6.81E-03        -224.592      
                6.815E-03       -217.818      
                6.82E-03        -248.193      
                6.825E-03       -293.203      
                6.83E-03        -289.25       
                6.835E-03       -290.83       
                6.84E-03        -298.727      
                6.845E-03       -285.139      
                6.85E-03        -285.184      
                6.855E-03       -322.01       
                6.86E-03        -295.042      
                6.865E-03       -276.294      
                6.87E-03        -266.224      
                6.875E-03       -323.323      
                6.88E-03        -263.811      
                6.885E-03       -293.851      
                6.89E-03        -331.261      
                6.895E-03       -293.224      
                6.9E-03         -288.308      
                6.905E-03       -302.206      
                6.91E-03        -307.669      
                6.915E-03       -296.874      
                6.92E-03        -305.355      
                6.925E-03       -306.585      
                6.93E-03        -247.082      
                6.935E-03       -269.843      
                6.94E-03        -289.48       
                6.945E-03       -286.327      
                6.95E-03        -244.724      
                6.955E-03       -297.548      
                6.96E-03        -255.008      
                6.965E-03       -277.067      
                6.97E-03        -270.996      
                6.975E-03       -290.071      
                6.98E-03        -273.018      
                6.985E-03       -282.738      
                6.99E-03        -292.265      
                6.995E-03       -294.109      
                7.E-03          -284.258      
                7.005E-03       -291.531      
                7.01E-03        -308.971      
                7.015E-03       -281.714      
                7.02E-03        -291.435      
                7.025E-03       -226.083      
                7.03E-03        -274.087      
                7.035E-03       -268.309      
                7.04E-03        -276.821      
                7.045E-03       -286.503      
                7.05E-03        -309.161      
                7.055E-03       -299.079      
                7.06E-03        -271.778      
                7.065E-03       -276.741      
                7.07E-03        -290.687      
                7.075E-03       -283.367      
                7.08E-03        -267.561      
                7.085E-03       -275.079      
                7.09E-03        -266.302      
                7.095E-03       -276.223      
                7.1E-03         -284.025      
                7.105E-03       -279.254      
                7.11E-03        -277.262      
                7.115E-03       -321.601      
                7.12E-03        -286.466      
                7.125E-03       -276.217      
                7.13E-03        -209.781      
                7.135E-03       -243.597      
                7.14E-03        -279.168      
                7.145E-03       -291.148      
                7.15E-03        -275.396      
                7.155E-03       -287.671      
                7.16E-03        -287.194      
                7.165E-03       -269.977      
                7.17E-03        -271.429      
                7.175E-03       -295.784      
                7.18E-03        -296.273      
                7.185E-03       -261.461      
                7.19E-03        -239.793      
                7.195E-03       -182.372      
                7.2E-03         -237.374      
                7.205E-03       -258.836      
                7.21E-03        -267.936      
                7.215E-03       -286.567      
                7.22E-03        -302.915      
                7.225E-03       -282.28       
                7.23E-03        -297.556      
                7.235E-03       -285.905      
                7.24E-03        -298.332      
                7.245E-03       -248.281      
                7.25E-03        -290.919      
                7.255E-03       -278.216      
                7.26E-03        -297.32       
                7.265E-03       -315.18       
                7.27E-03        -281.621      
                7.275E-03       -307.071      
                7.28E-03        -292.401      
                7.285E-03       -323.717      
                7.29E-03        -243.684      
                7.295E-03       -247.13       
                7.3E-03         -274.096      
                7.305E-03       -268.63       
                7.31E-03        -295.577      
                7.315E-03       -281.344      
                7.32E-03        -291.577      
                7.325E-03       -309.209      
                7.33E-03        -294.714      
                7.335E-03       -260.598      
                7.34E-03        -138.185      
                7.345E-03       -237.063      
                7.35E-03        -269.851      
                7.355E-03       -307.455      
                7.36E-03        -259.374      
                7.365E-03       -296.802      
                7.37E-03        -275.568      
                7.375E-03       -330.309      
                7.38E-03        -312.55       
                7.385E-03       -326.378      
                7.39E-03        -265.677      
                7.395E-03       -284.508      
                7.4E-03         -288.873      
                7.405E-03       -282.681      
                7.41E-03        -308.799      
                7.415E-03       -287.914      
                7.42E-03        -272.667      
                7.425E-03       -306.453      
                7.43E-03        -327.37       
                7.435E-03       -210.764      
                7.44E-03        -259.632      
                7.445E-03       -289.558      
                7.45E-03        -286.462      
                7.455E-03       -263.111      
                7.46E-03        -284.076      
                7.465E-03       -311.704      
                7.47E-03        -304.187      
                7.475E-03       -298.381      
                7.48E-03        -294.77       
                7.485E-03       -296.766      
                7.49E-03        -260.727      
                7.495E-03       -289.444      
                7.5E-03         -302.932      
                7.505E-03       -279.843      
                7.51E-03        -272.443      
                7.515E-03       -235.621      
                7.52E-03        -285.333      
                7.525E-03       -294.122      
                7.53E-03        -226.472      
                7.535E-03       -289.327      
                7.54E-03        -287.685      
                7.545E-03       -290.833      
                7.55E-03        -288.531      
                7.555E-03       -264.61       
                7.56E-03        -306.742      
                7.565E-03       -265.351      
                7.57E-03        -307.703      
                7.575E-03       -319.299      
                7.58E-03        -318.29       
                7.585E-03       -315.722      
                7.59E-03        -248.352      
                7.595E-03       -270.904      
                7.6E-03         -236.496      
                7.605E-03       -269.11       
                7.61E-03        -286.611      
                7.615E-03       -324.086      
                7.62E-03        -312.296      
                7.625E-03       -276.811      
                7.63E-03        -300.918      
                7.635E-03       -296.267      
                7.64E-03        -305.34       
                7.645E-03       -320.74       
                7.65E-03        -298.317      
                7.655E-03       -302.617      
                7.66E-03        -322.745      
                7.665E-03       -311.589      
                7.67E-03        -300.029      
                7.675E-03       -230.149      
                7.68E-03        -298.878      
                7.685E-03       -234.368      
                7.69E-03        -279.855      
                7.695E-03       -249.716      
                7.7E-03         -283.74       
                7.705E-03       -264.025      
                7.71E-03        -283.804      
                7.715E-03       -195.536      
                7.72E-03        -256.174      
                7.725E-03       -244.215      
                7.73E-03        -270.543      
                7.735E-03       -337.922      
                7.74E-03        -304.772      
                7.745E-03       -280.006      
                7.75E-03        -277.961      
                7.755E-03       -285.936      
                7.76E-03        -332.641      
                7.765E-03       -273.818      
                7.77E-03        -265.537      
                7.775E-03       -307.552      
                7.78E-03        -326.433      
                7.785E-03       -303.859      
                7.79E-03        -306.488      
                7.795E-03       -292.497      
                7.8E-03         -326.648      
                7.805E-03       -276.959      
                7.81E-03        -277.423      
                7.815E-03       -282.22       
                7.82E-03        -303.579      
                7.825E-03       -292.153      
                7.83E-03        -306.025      
                7.835E-03       -253.558      
                7.84E-03        -275.604      
                7.845E-03       -264.231      
                7.85E-03        -246.707      
                7.855E-03       -291.517      
                7.86E-03        -310.971      
                7.865E-03       -316.166      
                7.87E-03        -308.408      
                7.875E-03       -308.203      
                7.88E-03        -307.816      
                7.885E-03       -304.297      
                7.89E-03        -309.1        
                7.895E-03       -296.37       
                7.9E-03         -282.894      
                7.905E-03       -298.132      
                7.91E-03        -299.117      
                7.915E-03       -280.388      
                7.92E-03        -307.097      
                7.925E-03       -306.104      
                7.93E-03        -302.367      
                7.935E-03       -313.497      
                7.94E-03        -276.394      
                7.945E-03       -312.611      
                7.95E-03        -193.544      
                7.955E-03       -259.076      
                7.96E-03        -280.766      
                7.965E-03       -298.721      
                7.97E-03        -315.71       
                7.975E-03       -295.502      
                7.98E-03        -271.351      
                7.985E-03       -305.904      
                7.99E-03        -325.465      
                7.995E-03       -282.699      
                8.E-03          -312.58       
                8.005E-03       -300.752      
                8.01E-03        -310.912      
                8.015E-03       -246.713      
                8.02E-03        -318.375      
                8.025E-03       -304.321      
                8.03E-03        -283.42       
                8.035E-03       -314.587      
                8.04E-03        -297.996      
                8.045E-03       -287.95       
                8.05E-03        -307.276      
                8.055E-03       -304.249      
                8.06E-03        -298.526      
                8.065E-03       -242.512      
                8.07E-03        -276.365      
                8.075E-03       -298.982      
                8.08E-03        -282.07       
                8.085E-03       -287.444      
                8.09E-03        -238.444      
                8.095E-03       -254.707      
                8.1E-03         -278.397      
                8.105E-03       -291.574      
                8.11E-03        -285.404      
                8.115E-03       -287.324      
                8.12E-03        -302.647      
                8.125E-03       -297.233      
                8.13E-03        -302.317      
                8.135E-03       -290.619      
                8.14E-03        -242.979      
                8.145E-03       -280.778      
                8.15E-03        -274.111      
                8.155E-03       -294.568      
                8.16E-03        -223.337      
                8.165E-03       -242.525      
                8.17E-03        -267.293      
                8.175E-03       -208.482      
                8.18E-03        -287.02       
                8.185E-03       -268.695      
                8.19E-03        -255.379      
                8.195E-03       -298.672      
                8.2E-03         -287.98       
                8.205E-03       -290.873      
                8.21E-03        -314.446      
                8.215E-03       -236.949      
                8.22E-03        -240.829      
                8.225E-03       -195.001      
                8.23E-03        -239.842      
                8.235E-03       -252.021      
                8.24E-03        -290.021      
                8.245E-03       -283.575      
                8.25E-03        -295.732      
                8.255E-03       -288.001      
                8.26E-03        -264.456      
                8.265E-03       -315.665      
                8.27E-03        -303.368      
                8.275E-03       -315.401      
                8.28E-03        -281.856      
                8.285E-03       -230.249      
                8.29E-03        -266.788      
                8.295E-03       -295.346      
                8.3E-03         -254.128      
                8.305E-03       -275.082      
                8.31E-03        -239.957      
                8.315E-03       -225.743      
                8.32E-03        -313.722      
                8.325E-03       -241.668      
                8.33E-03        -282.503      
                8.335E-03       -302.129      
                8.34E-03        -303.12       
                8.345E-03       -309.313      
                8.35E-03        -301.559      
                8.355E-03       -309.795      
                8.36E-03        -272.36       
                8.365E-03       -219.103      
                8.37E-03        -212.804      
                8.375E-03       -250.067      
                8.38E-03        -285.907      
                8.385E-03       -272.037      
                8.39E-03        -313.115      
                8.395E-03       -216.989      
                8.4E-03         -267.981      
                8.405E-03       -235.048      
                8.41E-03        -256.007      
                8.415E-03       -294.914      
                8.42E-03        -310.764      
                8.425E-03       -284.57       
                8.43E-03        -309.312      
                8.435E-03       -305.472      
                8.44E-03        -221.728      
                8.445E-03       -258.841      
                8.45E-03        -288.347      
                8.455E-03       -261.999      
                8.46E-03        -274.103      
                8.465E-03       -302.597      
                8.47E-03        -306.461      
                8.475E-03       -245.573      
                8.48E-03        -278.09       
                8.485E-03       -301.599      
                8.49E-03        -302.486      
                8.495E-03       -283.64       
                8.5E-03         -308.064      
                8.505E-03       -308.989      
                8.51E-03        -227.286      
                8.515E-03       -258.52       
                8.52E-03        -297.063      
                8.525E-03       -309.737      
                8.53E-03        -302.814      
                8.535E-03       -284.119      
                8.54E-03        -313.454      
                8.545E-03       -254.807      
                8.55E-03        -278.685      
                8.555E-03       -300.896      
                8.56E-03        -302.83       
                8.565E-03       -301.295      
                8.57E-03        -219.277      
                8.575E-03       -257.602      
                8.58E-03        -299.138      
                8.585E-03       -294.958      
                8.59E-03        -304.885      
                8.595E-03       -284.728      
                8.6E-03         -309.03       
                8.605E-03       -303.837      
                8.61E-03        -212.336      
                8.615E-03       -282.738      
                8.62E-03        -305.056      
                8.625E-03       -283.479      
                8.63E-03        -289.126      
                8.635E-03       -288.323      
                8.64E-03        -331.153      
                8.645E-03       -226.136      
                8.65E-03        -299.495      
                8.655E-03       -300.764      
                8.66E-03        -297.357      
                8.665E-03       -288.284      
                8.67E-03        -229.801      
                8.675E-03       -254.896      
                8.68E-03        -305.922      
                8.685E-03       -309.371      
                8.69E-03        -310.565      
                8.695E-03       -362.906      
                8.7E-03         -206.967      
                8.705E-03       -250.777      
                8.71E-03        -265.239      
                8.715E-03       -318.977      
                8.72E-03        -300.155      
                8.725E-03       -304.477      
                8.73E-03        -291.154      
                8.735E-03       -301.318      
                8.74E-03        -254.022      
                8.745E-03       -251.384      
                8.75E-03        -306.785      
                8.755E-03       -294.42       
                8.76E-03        -308.717      
                8.765E-03       -294.432      
                8.77E-03        -304.262      
                8.775E-03       -222.43       
                8.78E-03        -274.886      
                8.785E-03       -308.146      
                8.79E-03        -299.749      
                8.795E-03       -319.081      
                8.8E-03         -290.483      
                8.805E-03       -319.25       
                8.81E-03        -272.46       
                8.815E-03       -302.381      
                8.82E-03        -273.007      
                8.825E-03       -263.726      
                8.83E-03        -300.08       
                8.835E-03       -284.436      
                8.84E-03        -299.582      
                8.845E-03       -250.548      
                8.85E-03        -260.147      
                8.855E-03       -269.433      
                8.86E-03        -257.231      
                8.865E-03       -270.219      
                8.87E-03        -233.974      
                8.875E-03       -214.696      
                8.88E-03        -320.849      
                8.885E-03       -304.035      
                8.89E-03        -269.049      
                8.895E-03       -275.672      
                8.9E-03         -303.565      
                8.905E-03       -273.796      
                8.91E-03        -278.101      
                8.915E-03       -229.724      
                8.92E-03        -216.527      
                8.925E-03       -221.987      
                8.93E-03        -312.318      
                8.935E-03       -298.581      
                8.94E-03        -243.815      
                8.945E-03       -251.724      
                8.95E-03        -280.361      
                8.955E-03       -289.989      
                8.96E-03        -235.378      
                8.965E-03       -248.698      
                8.97E-03        -281.415      
                8.975E-03       -231.733      
                8.98E-03        -286.869      
                8.985E-03       -315.998      
                8.99E-03        -317.209      
                8.995E-03       -309.788      
                9.E-03          -303.202      
                9.005E-03       -115.744      
                9.01E-03        -229.967      
                9.015E-03       -279.358      
                9.02E-03        -280.945      
                9.025E-03       -291.559      
                9.03E-03        -241.113      
                9.035E-03       -219.215      
                9.04E-03        -224.021      
                9.045E-03       -273.567      
                9.05E-03        -330.751      
                9.055E-03       -251.77       
                9.06E-03        -272.361      
                9.065E-03       -261.148      
                9.07E-03        -278.768      
                9.075E-03       -270.587      
                9.08E-03        -301.536      
                9.085E-03       -238.681      
                9.09E-03        -209.493      
                9.095E-03       -251.726      
                9.1E-03         -248.063      
                9.105E-03       -252.707      
                9.11E-03        -255.662      
                9.115E-03       -216.39       
                9.12E-03        -252.749      
                9.125E-03       -276.897      
                9.13E-03        -281.872      
                9.135E-03       -241.677      
                9.14E-03        -243.851      
                9.145E-03       -272.802      
                9.15E-03        -187.147      
                9.155E-03       -255.552      
                9.16E-03        -222.425      
                9.165E-03       -262.6        
                9.17E-03        -248.459      
                9.175E-03       -252.542      
                9.18E-03        -253.261      
                9.185E-03       -269.103      
                9.19E-03        -242.676      
                9.195E-03       -264.93       
                9.2E-03         -246.589      
                9.205E-03       -252.671      
                9.21E-03        -258.752      
                9.215E-03       -254.098      
                9.22E-03        -258.787      
                9.225E-03       -255.053      
                9.23E-03        -251.101      
                9.235E-03       -252.468      
                9.24E-03        -249.331      
                9.245E-03       -243.204      
                9.25E-03        -258.207      
                9.255E-03       -251.114      
                9.26E-03        -257.101      
                9.265E-03       -257.511      
                9.27E-03        -240.106      
                9.275E-03       -245.807      
                9.28E-03        -255.139      
                9.285E-03       -253.313      
                9.29E-03        -252.264      
                9.295E-03       -250.931      
                9.3E-03         -251.399      
                9.305E-03       -254.347      
                9.31E-03        -238.497      
                9.315E-03       -250.308      
                9.32E-03        -244.709      
                9.325E-03       -251.322      
                9.33E-03        -248.822      
                9.335E-03       -257.613      
                9.34E-03        -254.237      
                9.345E-03       -247.895      
                9.35E-03        -244.833      
                9.355E-03       -246.566      
                9.36E-03        -247.292      
                9.365E-03       -241.349      
                9.37E-03        -241.118      
                9.375E-03       -236.487      
                9.38E-03        -176.946      
                9.385E-03       -246.283      
                9.39E-03        -233.555      
                9.395E-03       -243.955      
                9.4E-03         -246.787      
                9.405E-03       -241.282      
                9.41E-03        -249.225      
                9.415E-03       -238.505      
                9.42E-03        -243.28       
                9.425E-03       -251.549      
                9.43E-03        -239.48       
                9.435E-03       -233.253      
                9.44E-03        -241.128      
                9.445E-03       -240.539      
                9.45E-03        -236.521      
                9.455E-03       -219.544      
                9.46E-03        -236.173      
                9.465E-03       -235.072      
                9.47E-03        -236.39       
                9.475E-03       -233.943      
                9.48E-03        -231.125      
                9.485E-03       -228.361      
                9.49E-03        -240.93       
                9.495E-03       -245.654      
                9.5E-03         -221.424      
                9.505E-03       -233.738      
                9.51E-03        -254.657      
                9.515E-03       -233.355      
                9.52E-03        -192.399      
                9.525E-03       -225.153      
                9.53E-03        -209.341      
                9.535E-03       -220.822      
                9.54E-03        -231.142      
                9.545E-03       -217.653      
                9.55E-03        -204.501      
                9.555E-03       -214.144      
                9.56E-03        -206.638      
                9.565E-03       -178.152      
                9.57E-03        -225.62       
                9.575E-03       -215.024      
                9.58E-03        -189.987      
                9.585E-03       -163.053      
                9.59E-03        -196.701      
                9.595E-03       -198.538      
                9.6E-03         -142.449      
                9.605E-03       -238.633      
                9.61E-03        -189.356      
                9.615E-03       -230.081      
                9.62E-03        -237.993      
                9.625E-03       -218.632      
                9.63E-03        -227.684      
                9.635E-03       -201.642      
                9.64E-03        -192.851      
                9.645E-03       -205.116      
                9.65E-03        -203.252      
                9.655E-03       -219.533      
                9.66E-03        -224.732      
                9.665E-03       -193.105      
                9.67E-03        -205.436      
                9.675E-03       -185.943      
                9.68E-03        -198.848      
                9.685E-03       -207.028      
                9.69E-03        -208.344      
                9.695E-03       -184.011      
                9.7E-03         -200.355      
                9.705E-03       -194.077      
                9.71E-03        -196.091      
                9.715E-03       -203.974      
                9.72E-03        -196.457      
                9.725E-03       -204.312      
                9.73E-03        -192.686      
                9.735E-03       -193.682      
                9.74E-03        -179.922      
                9.745E-03       -152.87       
                9.75E-03        -180.745      
                9.755E-03       -192.243      
                9.76E-03        -220.037      
                9.765E-03       -182.264      
                9.77E-03        -198.84       
                9.775E-03       -192.439      
                9.78E-03        -200.468      
                9.785E-03       -197.174      
                9.79E-03        -184.697      
                9.795E-03       -190.202      
                9.8E-03         -186.603      
                9.805E-03       -188.234      
                9.81E-03        -195.453      
                9.815E-03       -192.773      
                9.82E-03        -191.864      
                9.825E-03       -188.448      
                9.83E-03        -189.46       
                9.835E-03       -190.073      
                9.84E-03        -178.374      
                9.845E-03       -196.389      
                9.85E-03        -179.117      
                9.855E-03       -179.821      
                9.86E-03        -194.455      
                9.865E-03       -187.227      
                9.87E-03        -185.983      
                9.875E-03       -129.766      
                9.88E-03        -160.356      
                9.885E-03       -172.787      
                9.89E-03        -157.918      
                9.895E-03       -165.752      
                9.9E-03         -177.151      
                9.905E-03       -174.974      
                9.91E-03        -174.852      
                9.915E-03       -171.014      
                9.92E-03        -165.784      
                9.925E-03       -190.659      
                9.93E-03        -176.146      
                9.935E-03       -180.445      
                9.94E-03        -153.853      
                9.945E-03       -194.603      
                9.95E-03        -171.635      
                9.955E-03       -175.364      
                9.96E-03        -188.237      
                9.965E-03       -118.855      
                9.97E-03        -159.935      
                9.975E-03       -166.242      
                9.98E-03        -175.339      
                9.985E-03       -163.592      
                9.99E-03        -144.376      
                9.995E-03       -176.635      
               10.E-03          -180.765      




