
                  X               _temp_4     

                0.                 0.         
                1.30055E-06      -32.9404     
                2.60114E-06     -110.515      
                3.90053E-06        8.3122     
                5.20114E-06       18.198      
                6.50053E-06     -246.925      
                7.80107E-06     -188.038      
                9.10119E-06      138.053      
               10.4001E-06       -19.5997     
               11.7002E-06      -277.19       
               13.0003E-06        20.305      
               14.3004E-06       191.512      
               15.6008E-06      -166.616      
               16.9007E-06      -209.413      
               18.2006E-06       103.26       
               19.5005E-06        26.9943     
               20.8004E-06      -222.027      
               22.1002E-06      -104.529      
               23.4001E-06        27.5267     
               24.7E-06          -94.304      
               26.0011E-06      -138.196      
               27.301E-06        -65.1555     
               28.6009E-06       -62.9539     
               29.9007E-06       -61.3099     
               31.2006E-06       -73.7081     
               32.5005E-06      -139.828      
               33.8004E-06       -99.0143     
               35.1003E-06       -25.1227     
               36.4002E-06      -135.19       
               37.7E-06         -206.131      
               39.0011E-06       -58.6294     
               40.301E-06        -38.1553     
               41.6009E-06      -200.356      
               42.9008E-06      -157.837      
               44.2007E-06        -2.42225    
               45.5005E-06       -84.1508     
               46.8004E-06      -186.129      
               48.1003E-06       -80.8092     
               49.4002E-06       -30.322      
               50.7001E-06      -136.235      
               52.0012E-06      -155.276      
               53.3011E-06       -90.6022     
               54.6009E-06      -105.703      
               55.9008E-06      -146.825      
               57.2007E-06      -141.578      
               58.5006E-06      -134.665      
               59.8005E-06      -124.418      
               61.1002E-06      -118.684      
               62.401E-06       -155.173      
               63.7006E-06      -157.872      
               65.0002E-06      -102.447      
               66.301E-06       -132.132      
               67.6006E-06      -201.034      
               68.9002E-06      -156.901      
               70.201E-06       -119.676      
               71.5006E-06      -192.125      
               72.8002E-06      -148.42       
               74.101E-06        -80.5209     
               75.4006E-06      -100.371      
               76.7002E-06      -165.001      
               78.001E-06        -96.8147     
               79.3006E-06       -75.3119     
               80.6002E-06      -114.277      
               81.901E-06       -136.293      
               83.2006E-06      -126.105      
               84.5002E-06      -133.658      
               85.801E-06       -157.701      
               87.1007E-06      -164.622      
               88.4003E-06      -168.1        
               89.7011E-06      -162.145      
               91.0007E-06      -158.207      
               92.3003E-06      -177.584      
               93.6011E-06      -180.011      
               94.9007E-06       -92.3477     
               96.2003E-06       -97.5902     
               97.5011E-06      -134.284      
               98.8007E-06       -93.5775     
              100.1E-06          -69.9828     
              101.401E-06       -116.592      
              102.701E-06       -148.778      
              104.E-06          -138.759      
              105.301E-06       -145.343      
              106.601E-06       -180.288      
              107.9E-06         -183.912      
              109.201E-06        -67.2681     
              110.501E-06        -77.0284     
              111.8E-06         -104.396      
              113.101E-06       -120.435      
              114.401E-06       -131.376      
              115.7E-06         -125.007      
              117.001E-06        -58.7405     
              118.301E-06        -89.4044     
              119.6E-06          -95.5767     
              120.901E-06       -111.384      
              122.201E-06       -113.995      
              123.5E-06          -83.8933     
              124.8E-06          -97.9521     
              126.101E-06       -109.17       
              127.4E-06         -144.669      
              128.7E-06         -135.74       
              130.001E-06       -101.149      
              131.3E-06         -121.954      
              132.6E-06         -142.664      
              133.901E-06       -120.761      
              135.2E-06         -107.188      
              136.5E-06         -129.628      
              137.801E-06       -108.843      
              139.1E-06         -104.263      
              140.4E-06         -112.405      
              141.701E-06       -146.572      
              143.E-06          -161.172      
              144.3E-06         -164.937      
              145.601E-06       -167.889      
              146.9E-06         -183.188      
              148.2E-06         -188.462      
              149.501E-06       -187.471      
              150.801E-06       -184.654      
              152.1E-06          -90.701      
              153.401E-06        -92.3551     
              154.701E-06        -99.1362     
              156.E-06          -125.522      
              157.301E-06       -118.009      
              158.601E-06       -113.239      
              159.9E-06         -121.478      
              161.201E-06       -102.547      
              162.501E-06       -105.488      
              163.8E-06         -116.867      
              165.101E-06       -121.564      
              166.401E-06       -116.012      
              167.7E-06         -121.215      
              169.001E-06       -125.456      
              170.301E-06        -97.2151     
              171.6E-06         -109.058      
              172.901E-06       -106.551      
              174.201E-06       -132.061      
              175.5E-06          -95.825      
              176.801E-06        -96.6446     
              178.101E-06       -122.225      
              179.4E-06         -131.414      
              180.701E-06       -123.777      
              182.001E-06       -140.745      
              183.3E-06         -155.797      
              184.601E-06       -158.136      
              185.901E-06       -161.196      
              187.2E-06         -144.929      
              188.501E-06       -156.148      
              189.801E-06       -161.041      
              191.1E-06         -162.493      
              192.401E-06       -166.644      
              193.701E-06       -167.186      
              195.E-06          -169.883      
              196.301E-06       -170.181      
              197.601E-06       -176.321      
              198.9E-06         -175.674      
              200.201E-06       -176.994      
              201.501E-06       -178.47       
              202.8E-06         -181.623      
              204.101E-06       -178.809      
              205.401E-06       -139.787      
              206.7E-06         -113.311      
              208.001E-06       -135.22       
              209.301E-06       -153.395      
              210.6E-06         -162.844      
              211.901E-06       -167.009      
              213.201E-06       -147.739      
              214.5E-06         -130.31       
              215.801E-06       -138.65       
              217.101E-06       -164.122      
              218.4E-06         -169.628      
              219.701E-06       -126.226      
              221.001E-06       -128.559      
              222.3E-06         -151.64       
              223.601E-06       -157.582      
              224.901E-06       -161.362      
              226.2E-06         -135.644      
              227.5E-06         -147.443      
              228.801E-06       -166.76       
              230.1E-06         -167.116      
              231.4E-06         -173.719      
              232.701E-06       -113.716      
              234.E-06          -126.676      
              235.3E-06         -142.417      
              236.601E-06       -165.86       
              237.9E-06         -170.917      
              239.2E-06         -169.675      
              240.501E-06       -157.172      
              241.8E-06         -171.35       
              243.1E-06         -173.518      
              244.4E-06         -170.704      
              245.701E-06       -169.512      
              247.E-06          -171.276      
              248.301E-06       -143.282      
              249.6E-06         -158.711      
              250.901E-06       -165.338      
              252.2E-06         -179.853      
              253.501E-06       -174.524      
              254.8E-06         -153.076      
              256.101E-06       -147.786      
              257.4E-06         -173.301      
              258.701E-06       -186.907      
              260.E-06          -191.236      
              261.301E-06       -124.19       
              262.6E-06          -69.5955     
              263.901E-06        -78.0396     
              265.2E-06         -127.875      
              266.501E-06       -129.447      
              267.8E-06         -133.936      
              269.101E-06       -128.736      
              270.401E-06       -114.931      
              271.7E-06          -58.9292     
              273.001E-06        -61.9814     
              274.3E-06          -75.9452     
              275.601E-06        -82.0238     
              276.9E-06         -108.278      
              278.201E-06       -128.937      
              279.5E-06          -99.1792     
              280.801E-06       -110.355      
              282.1E-06         -115.002      
              283.401E-06       -129.583      
              284.7E-06         -141.581      
              286.001E-06       -143.62       
              287.3E-06         -151.936      
              288.601E-06       -155.971      
              289.9E-06         -123.27       
              291.201E-06        -96.4485     
              292.501E-06        -95.473      
              293.801E-06       -110.607      
              295.101E-06       -138.516      
              296.401E-06       -142.423      
              297.701E-06       -142.387      
              299.E-06          -122.58       
              300.301E-06       -104.746      
              301.6E-06          -84.3677     
              302.901E-06       -117.786      
              304.2E-06         -125.171      
              305.501E-06        -82.2481     
              306.8E-06          -95.3502     
              308.101E-06       -109.613      
              309.4E-06         -126.525      
              310.701E-06       -140.132      
              312.E-06          -117.498      
              313.301E-06        -65.3623     
              314.6E-06          -72.5547     
              315.901E-06        -73.6654     
              317.2E-06          -75.8564     
              318.501E-06        -78.0351     
              319.8E-06          -55.3548     
              321.101E-06        -46.119      
              322.4E-06          -54.2499     
              323.701E-06        -87.2405     
              325.E-06          -105.621      
              326.301E-06       -121.555      
              327.6E-06         -135.613      
              328.901E-06       -147.087      
              330.2E-06         -140.001      
              331.501E-06        -55.3338     
              332.8E-06          -47.5058     
              334.101E-06        -42.333      
              335.401E-06        -86.2889     
              336.701E-06       -117.956      
              338.001E-06        -76.7551     
              339.301E-06       -112.503      
              340.601E-06       -127.683      
              341.9E-06          -87.8538     
              343.201E-06        -70.3134     
              344.5E-06          -75.3511     
              345.801E-06        -88.9482     
              347.1E-06         -140.801      
              348.401E-06       -121.223      
              349.7E-06         -104.378      
              351.001E-06       -116.769      
              352.3E-06         -105.903      
              353.601E-06        -40.9009     
              354.9E-06         -103.539      
              356.201E-06        -95.7063     
              357.5E-06         -127.516      
              358.8E-06         -113.514      
              360.101E-06       -114.992      
              361.4E-06          -45.9164     
              362.701E-06        -68.7397     
              364.E-06          -108.604      
              365.301E-06       -128.713      
              366.6E-06         -141.434      
              367.901E-06       -142.308      
              369.2E-06         -137.158      
              370.501E-06       -129.71       
              371.8E-06          -77.3707     
              373.101E-06        -83.2944     
              374.4E-06          -99.0084     
              375.701E-06       -170.161      
              377.E-06          -167.67       
              378.301E-06       -130.406      
              379.601E-06        -68.5124     
              380.901E-06        -76.5585     
              382.201E-06       -109.826      
              383.501E-06       -137.459      
              384.801E-06       -166.097      
              386.1E-06         -162.051      
              387.401E-06       -169.581      
              388.7E-06         -156.714      
              390.001E-06       -150.068      
              391.3E-06         -162.887      
              392.601E-06       -175.035      
              393.9E-06         -179.555      
              395.201E-06       -176.999      
              396.5E-06         -180.79       
              397.801E-06       -186.408      
              399.1E-06         -178.306      
              400.401E-06       -147.506      
              401.7E-06          -49.4292     
              403.001E-06        -96.404      
              404.3E-06         -106.516      
              405.601E-06       -148.032      
              406.9E-06         -155.392      
              408.201E-06       -160.835      
              409.5E-06         -109.034      
              410.801E-06       -167.4        
              412.1E-06         -173.387      
              413.401E-06       -155.493      
              414.7E-06         -151.093      
              416.001E-06       -145.903      
              417.3E-06         -150.652      
              418.601E-06       -133.972      
              419.9E-06         -123.339      
              421.201E-06       -128.071      
              422.501E-06       -148.161      
              423.801E-06       -156.755      
              425.101E-06       -169.283      
              426.401E-06       -156.52       
              427.701E-06       -108.07       
              429.E-06          -133.13       
              430.301E-06       -154.23       
              431.6E-06         -115.834      
              432.901E-06       -149.34       
              434.2E-06         -131.414      
              435.501E-06       -150.201      
              436.8E-06         -148.964      
              438.101E-06       -179.761      
              439.4E-06          -98.7384     
              440.701E-06       -123.445      
              442.E-06          -135.993      
              443.301E-06       -135.451      
              444.6E-06         -148.437      
              445.901E-06       -135.534      
              447.2E-06         -144.683      
              448.501E-06       -120.912      
              449.8E-06         -140.398      
              451.101E-06       -143.134      
              452.4E-06         -139.345      
              453.701E-06        -83.2358     
              455.E-06          -114.961      
              456.301E-06       -126.953      
              457.6E-06         -121.         
              458.901E-06       -138.868      
              460.2E-06         -101.528      
              461.501E-06       -124.128      
              462.801E-06        -71.1779     
              464.101E-06        -92.2846     
              465.401E-06        -97.5368     
              466.701E-06        -94.7914     
              468.001E-06       -104.737      
              469.3E-06          -96.3461     
              470.601E-06       -110.873      
              471.9E-06         -107.632      
              473.201E-06       -132.359      
              474.5E-06         -132.154      
              475.801E-06       -135.891      
              477.1E-06         -134.564      
              478.401E-06       -134.388      
              479.7E-06          -98.8784     
              481.001E-06        -87.1232     
              482.3E-06         -101.075      
              483.601E-06       -121.473      
              484.9E-06         -123.426      
              486.201E-06       -122.889      
              487.5E-06         -132.408      
              488.801E-06       -135.065      
              490.1E-06         -141.016      
              491.401E-06       -158.809      
              492.7E-06         -152.104      
              494.001E-06       -103.307      
              495.3E-06         -129.348      
              496.601E-06       -138.287      
              497.9E-06         -153.571      
              499.201E-06       -142.792      
              500.5E-06         -157.218      
              501.801E-06       -145.195      
              503.1E-06          -81.6967     
              504.401E-06        -98.7856     
              505.701E-06       -115.629      
              507.001E-06       -139.032      
              508.301E-06       -135.948      
              509.601E-06       -140.115      
              510.901E-06       -124.851      
              512.201E-06       -138.029      
              513.501E-06       -139.701      
              514.8E-06         -124.001      
              516.101E-06       -156.172      
              517.4E-06         -151.915      
              518.701E-06       -121.212      
              520.E-06          -127.099      
              521.301E-06       -124.379      
              522.6E-06         -133.47       
              523.901E-06       -131.502      
              525.2E-06         -141.775      
              526.501E-06       -148.806      
              527.8E-06         -133.906      
              529.101E-06       -154.727      
              530.4E-06         -150.992      
              531.701E-06       -166.616      
              533.E-06          -105.091      
              534.301E-06       -113.981      
              535.6E-06          -86.0119     
              536.901E-06       -115.751      
              538.2E-06         -127.375      
              539.501E-06        -80.1158     
              540.8E-06          -71.3815     
              542.101E-06        -64.1371     
              543.4E-06          -97.1448     
              544.701E-06       -120.736      
              546.001E-06       -101.781      
              547.301E-06       -119.782      
              548.601E-06       -123.298      
              549.901E-06       -108.818      
              551.201E-06       -100.283      
              552.5E-06         -116.055      
              553.801E-06       -125.025      
              555.1E-06         -117.888      
              556.401E-06       -125.003      
              557.7E-06         -122.41       
              559.001E-06       -154.875      
              560.3E-06         -146.473      
              561.601E-06       -113.642      
              562.9E-06         -129.446      
              564.201E-06       -132.851      
              565.5E-06         -143.388      
              566.801E-06       -147.929      
              568.1E-06         -145.715      
              569.401E-06        -76.0069     
              570.7E-06          -91.804      
              572.001E-06       -121.604      
              573.3E-06          -65.9115     
              574.601E-06        -60.1316     
              575.9E-06         -107.134      
              577.201E-06       -114.407      
              578.5E-06          -97.0931     
              579.801E-06       -104.668      
              581.1E-06         -124.994      
              582.401E-06       -133.528      
              583.7E-06         -149.626      
              585.001E-06        -75.3197     
              586.3E-06         -112.294      
              587.601E-06        -98.0351     
              588.901E-06       -118.624      
              590.201E-06       -130.418      
              591.501E-06       -139.532      
              592.8E-06         -110.119      
              594.101E-06       -103.41       
              595.4E-06         -129.59       
              596.701E-06        -54.3769     
              598.E-06           -70.6599     
              599.301E-06       -105.353      
              600.6E-06         -118.972      
              601.901E-06        -88.9165     
              603.2E-06         -121.754      
              604.501E-06       -130.732      
              605.8E-06         -141.005      
              607.101E-06       -109.021      
              608.4E-06         -134.705      
              609.701E-06       -124.634      
              611.E-06          -130.955      
              612.301E-06       -155.875      
              613.6E-06          -68.2928     
              614.901E-06       -100.605      
              616.2E-06          -95.6646     
              617.501E-06       -117.356      
              618.8E-06         -123.91       
              620.101E-06       -136.138      
              621.4E-06         -150.729      
              622.701E-06       -160.214      
              624.E-06          -112.328      
              625.301E-06       -129.245      
              626.6E-06         -129.017      
              627.901E-06       -135.144      
              629.201E-06       -126.078      
              630.501E-06       -145.197      
              631.801E-06       -135.759      
              633.101E-06        -92.0343     
              634.401E-06       -107.521      
              635.7E-06         -128.346      
              637.001E-06       -122.439      
              638.3E-06         -134.326      
              639.601E-06       -113.556      
              640.9E-06         -123.373      
              642.201E-06       -152.21       
              643.5E-06         -153.762      
              644.801E-06       -109.039      
              646.1E-06         -122.984      
              647.401E-06       -115.294      
              648.7E-06         -132.923      
              650.001E-06       -139.419      
              651.3E-06         -132.167      
              652.601E-06        -79.0325     
              653.9E-06          -94.6292     
              655.201E-06       -129.223      
              656.5E-06         -148.601      
              657.801E-06       -152.73       
              659.1E-06         -116.27       
              660.401E-06       -127.569      
              661.7E-06         -135.485      
              663.001E-06       -152.9        
              664.3E-06         -119.071      
              665.601E-06       -110.434      
              666.9E-06         -118.215      
              668.201E-06       -122.897      
              669.5E-06         -140.388      
              670.801E-06        -81.046      
              672.101E-06        -62.3683     
              673.401E-06        -80.1182     
              674.701E-06        -77.099      
              676.E-06           -81.2005     
              677.301E-06        -88.0449     
              678.6E-06          -90.167      
              679.901E-06        -98.6235     
              681.2E-06         -120.659      
              682.501E-06       -113.025      
              683.8E-06         -125.285      
              685.101E-06       -122.843      
              686.4E-06         -132.306      
              687.701E-06        -73.2845     
              689.E-06          -105.779      
              690.301E-06       -129.921      
              691.6E-06         -114.271      
              692.901E-06       -171.291      
              694.2E-06         -124.694      
              695.501E-06       -129.661      
              696.8E-06         -142.425      
              698.101E-06       -161.679      
              699.4E-06         -123.995      
              700.701E-06        -94.3662     
              702.E-06           -95.99       
              703.301E-06       -128.116      
              704.6E-06         -123.701      
              705.901E-06       -138.225      
              707.2E-06          -83.6477     
              708.501E-06       -132.119      
              709.8E-06         -139.219      
              711.101E-06       -150.469      
              712.401E-06       -131.01       
              713.701E-06        -86.4324     
              715.001E-06       -113.142      
              716.3E-06         -145.383      
              717.601E-06       -135.171      
              718.9E-06         -143.333      
              720.201E-06       -108.472      
              721.5E-06         -125.565      
              722.801E-06        -61.4778     
              724.1E-06          -53.4909     
              725.401E-06       -104.036      
              726.7E-06         -112.42       
              728.001E-06       -132.26       
              729.3E-06          -49.7136     
              730.601E-06        -66.2699     
              731.9E-06         -112.222      
              733.201E-06        -91.0463     
              734.5E-06         -138.443      
              735.801E-06       -144.13       
              737.1E-06         -149.317      
              738.401E-06       -120.511      
              739.7E-06         -144.535      
              741.001E-06       -148.161      
              742.3E-06          -85.2472     
              743.601E-06       -113.769      
              744.9E-06         -126.573      
              746.201E-06       -116.373      
              747.5E-06         -132.885      
              748.801E-06        -94.5112     
              750.1E-06         -117.82       
              751.401E-06       -118.747      
              752.701E-06       -142.059      
              754.001E-06       -120.024      
              755.301E-06       -134.366      
              756.601E-06       -123.03       
              757.901E-06       -138.71       
              759.201E-06        -83.2152     
              760.501E-06       -125.248      
              761.8E-06         -134.461      
              763.101E-06       -142.163      
              764.4E-06         -148.856      
              765.701E-06       -121.305      
              767.E-06          -108.113      
              768.301E-06       -142.7        
              769.6E-06         -151.858      
              770.901E-06       -113.393      
              772.2E-06          -68.5        
              773.501E-06        -76.424      
              774.8E-06          -82.7533     
              776.101E-06       -116.976      
              777.4E-06          -70.1638     
              778.701E-06        -57.1608     
              780.E-06           -87.3449     
              781.301E-06        -90.6775     
              782.6E-06          -99.3497     
              783.901E-06        -92.3917     
              785.2E-06         -123.868      
              786.501E-06       -103.446      
              787.8E-06         -118.928      
              789.101E-06       -135.914      
              790.4E-06         -162.283      
              791.701E-06       -110.907      
              793.E-06          -122.74       
              794.301E-06       -126.675      
              795.601E-06       -130.26       
              796.901E-06        -92.7186     
              798.201E-06       -131.208      
              799.501E-06       -133.336      
              800.801E-06       -137.233      
              802.1E-06         -147.675      
              803.401E-06        -94.7272     
              804.7E-06         -113.739      
              806.001E-06       -118.22       
              807.3E-06          -50.4696     
              808.601E-06        -46.5357     
              809.9E-06          -75.9059     
              811.201E-06        -66.3688     
              812.5E-06          -48.8677     
              813.801E-06        -83.6474     
              815.1E-06         -112.196      
              816.401E-06        -87.6065     
              817.7E-06         -113.303      
              819.001E-06       -116.068      
              820.3E-06         -139.133      
              821.601E-06       -129.065      
              822.9E-06          -70.0538     
              824.201E-06        -94.675      
              825.5E-06          -88.3908     
              826.801E-06       -111.503      
              828.1E-06         -112.266      
              829.401E-06       -114.311      
              830.7E-06         -104.557      
              832.001E-06       -109.828      
              833.3E-06         -109.724      
              834.601E-06       -130.426      
              835.901E-06        -97.7942     
              837.201E-06        -99.7855     
              838.501E-06       -112.654      
              839.801E-06       -132.981      
              841.101E-06        -48.2674     
              842.401E-06        -77.1096     
              843.701E-06        -98.7731     
              845.E-06           -84.9749     
              846.301E-06       -100.49       
              847.6E-06         -111.919      
              848.901E-06       -116.15       
              850.2E-06          -78.1119     
              851.501E-06       -103.61       
              852.8E-06         -116.08       
              854.101E-06       -122.492      
              855.4E-06          -43.0024     
              856.701E-06        -84.9871     
              858.E-06           -89.5032     
              859.301E-06        -92.2112     
              860.6E-06         -104.483      
              861.901E-06       -107.542      
              863.2E-06         -119.417      
              864.501E-06       -118.101      
              865.8E-06         -107.623      
              867.101E-06        -92.6659     
              868.4E-06         -113.8        
              869.701E-06       -123.849      
              871.E-06           -79.4951     
              872.301E-06       -102.854      
              873.6E-06         -104.263      
              874.901E-06       -106.699      
              876.2E-06         -111.483      
              877.501E-06       -113.672      
              878.801E-06       -100.752      
              880.101E-06       -115.425      
              881.401E-06       -131.163      
              882.701E-06        -76.616      
              884.001E-06       -107.561      
              885.3E-06         -111.648      
              886.601E-06       -124.329      
              887.9E-06         -126.398      
              889.201E-06        -86.6383     
              890.5E-06          -96.7229     
              891.801E-06       -118.93       
              893.1E-06         -112.841      
              894.401E-06       -153.829      
              895.7E-06         -143.145      
              897.001E-06        -70.3975     
              898.3E-06          -86.6433     
              899.601E-06        -43.8235     
              900.9E-06          -52.2595     
              902.201E-06        -56.272      
              903.5E-06          -44.1398     
              904.801E-06        -46.5685     
              906.1E-06          -33.0233     
              907.401E-06        -40.1709     
              908.7E-06          -69.8221     
              910.001E-06        -92.9108     
              911.3E-06          -51.8687     
              912.601E-06       -103.055      
              913.9E-06          -55.1682     
              915.201E-06        -77.9634     
              916.5E-06         -110.778      
              917.801E-06       -127.621      
              919.101E-06       -135.495      
              920.401E-06        -91.9717     
              921.701E-06       -115.402      
              923.E-06          -111.726      
              924.301E-06       -117.919      
              925.6E-06         -131.571      
              926.901E-06       -137.178      
              928.2E-06         -140.778      
              929.501E-06        -78.6898     
              930.8E-06         -126.706      
              932.101E-06       -121.743      
              933.4E-06         -146.702      
              934.701E-06       -143.862      
              936.E-06          -153.181      
              937.301E-06        -61.1242     
              938.6E-06         -102.837      
              939.901E-06       -139.021      
              941.2E-06         -135.258      
              942.501E-06       -159.845      
              943.8E-06         -101.069      
              945.101E-06        -94.3987     
              946.4E-06         -125.472      
              947.701E-06       -119.333      
              949.E-06          -141.502      
              950.301E-06       -144.975      
              951.6E-06          -74.4494     
              952.901E-06       -111.636      
              954.2E-06         -108.572      
              955.501E-06       -130.994      
              956.8E-06         -159.112      
              958.101E-06       -161.614      
              959.401E-06        -77.468      
              960.701E-06       -120.137      
              962.001E-06       -123.003      
              963.301E-06       -131.458      
              964.601E-06       -143.781      
              965.9E-06         -113.371      
              967.201E-06       -107.37       
              968.5E-06         -153.334      
              969.801E-06       -132.237      
              971.1E-06         -147.187      
              972.401E-06       -156.498      
              973.7E-06          -89.5012     
              975.001E-06       -101.52       
              976.3E-06         -111.059      
              977.6E-06         -127.317      
              978.901E-06       -153.487      
              980.201E-06       -163.769      
              981.5E-06         -165.189      
              982.801E-06        -81.3436     
              984.101E-06        -99.2541     
              985.4E-06         -132.413      
              986.701E-06       -138.262      
              988.001E-06       -155.932      
              989.3E-06          -61.0617     
              990.6E-06         -109.044      
              991.901E-06       -109.628      
              993.2E-06         -150.242      
              994.5E-06         -133.333      
              995.801E-06        -76.7524     
              997.101E-06        -96.4483     
              998.4E-06         -111.487      
              999.701E-06       -130.353      
                1.001E-03       -141.603      
                1.0023E-03      -168.137      
                1.0036E-03       -62.5627     
                1.0049E-03      -106.181      
                1.0062E-03      -132.322      
                1.0075E-03      -140.789      
                1.0088E-03      -147.455      
                1.0101E-03       -86.436      
                1.0114E-03       -97.6842     
                1.0127E-03      -102.968      
                1.014E-03       -147.154      
                1.0153E-03      -154.247      
                1.0166E-03       -82.7094     
                1.0179E-03      -103.154      
                1.0192E-03      -113.241      
                1.0205E-03      -128.539      
                1.0218E-03      -144.111      
                1.0231E-03       -72.1239     
                1.0244E-03       -97.4216     
                1.0257E-03      -104.097      
                1.027E-03       -135.791      
                1.0283E-03      -115.206      
                1.0296E-03       -83.8589     
                1.0309E-03       -89.8896     
                1.0322E-03      -110.153      
                1.0335E-03      -143.756      
                1.0348E-03      -139.269      
                1.0361E-03      -137.113      
                1.0374E-03       -72.1961     
                1.0387E-03      -114.341      
                1.04E-03        -125.506      
                1.0413E-03      -123.322      
                1.0426E-03      -133.263      
                1.0439E-03       -57.19       
                1.0452E-03      -119.001      
                1.0465E-03      -121.21       
                1.0478E-03      -134.659      
                1.0491E-03      -135.737      
                1.0504E-03      -150.199      
                1.0517E-03       -49.864      
                1.053E-03        -97.4275     
                1.0543E-03      -108.497      
                1.0556E-03       -97.194      
                1.0569E-03       -71.863      
                1.0582E-03       -97.7804     
                1.0595E-03      -114.532      
                1.0608E-03      -132.749      
                1.0621E-03      -136.769      
                1.0634E-03      -138.447      
                1.0647E-03       -88.0424     
                1.066E-03        -98.2804     
                1.0673E-03       -95.8923     
                1.0686E-03      -138.142      
                1.0699E-03      -157.245      
                1.0712E-03      -157.648      
                1.0725E-03       -94.9151     
                1.0738E-03       -95.2642     
                1.0751E-03      -101.312      
                1.0764E-03      -120.694      
                1.0777E-03       -88.5337     
                1.079E-03       -109.534      
                1.0803E-03       -64.3008     
                1.0816E-03      -148.383      
                1.0829E-03      -136.651      
                1.0842E-03      -155.636      
                1.0855E-03      -152.533      
                1.0868E-03      -123.628      
                1.0881E-03      -106.834      
                1.0894E-03      -135.439      
                1.0907E-03      -139.859      
                1.092E-03        -67.3422     
                1.0933E-03       -82.7365     
                1.0946E-03      -126.596      
                1.0959E-03      -123.437      
                1.0972E-03      -120.971      
                1.0985E-03      -139.149      
                1.0998E-03      -189.489      
                1.1011E-03       -68.1823     
                1.1024E-03      -107.917      
                1.1037E-03      -124.435      
                1.105E-03       -120.131      
                1.1063E-03      -142.85       
                1.1076E-03       -72.734      
                1.1089E-03      -114.977      
                1.1102E-03      -109.959      
                1.1115E-03      -123.693      
                1.1128E-03       -67.7755     
                1.1141E-03      -103.572      
                1.1154E-03      -122.423      
                1.1167E-03      -159.663      
                1.118E-03       -171.786      
                1.1193E-03      -153.02       
                1.1206E-03       -29.054      
                1.1219E-03       -47.6735     
                1.1232E-03       -52.1938     
                1.1245E-03       -43.9659     
                1.1258E-03       -62.3795     
                1.1271E-03       -46.2165     
                1.1284E-03       -58.2329     
                1.1297E-03       -91.2757     
                1.131E-03        -84.4171     
                1.1323E-03       -77.0742     
                1.1336E-03       -49.5039     
                1.1349E-03       -64.66       
                1.1362E-03       -93.51       
                1.1375E-03      -113.2        
                1.1388E-03      -129.518      
                1.1401E-03      -125.049      
                1.1414E-03       -33.161      
                1.1427E-03       -91.0352     
                1.144E-03       -107.904      
                1.1453E-03      -131.634      
                1.1466E-03      -130.587      
                1.1479E-03       -52.2186     
                1.1492E-03       -92.2466     
                1.1505E-03      -109.784      
                1.1518E-03      -127.118      
                1.1531E-03      -130.624      
                1.1544E-03      -143.13       
                1.1557E-03      -148.828      
                1.157E-03       -147.739      
                1.1583E-03       -72.9928     
                1.1596E-03      -102.308      
                1.1609E-03       -95.6588     
                1.1622E-03      -159.701      
                1.1635E-03      -141.781      
                1.1648E-03      -164.155      
                1.1661E-03      -163.943      
                1.1674E-03      -168.36       
                1.1687E-03       -82.6599     
                1.17E-03        -114.005      
                1.1713E-03      -128.232      
                1.1726E-03      -151.233      
                1.1739E-03      -149.161      
                1.1752E-03       -94.0994     
                1.1765E-03       -89.5369     
                1.1778E-03      -125.064      
                1.1791E-03      -166.719      
                1.1804E-03      -182.018      
                1.1817E-03       -96.8009     
                1.183E-03        -95.5732     
                1.1843E-03      -104.333      
                1.1856E-03      -147.019      
                1.1869E-03      -150.817      
                1.1882E-03       -61.2344     
                1.1895E-03      -106.002      
                1.1908E-03      -137.987      
                1.1921E-03      -144.276      
                1.1934E-03      -164.772      
                1.1947E-03       -85.6849     
                1.196E-03       -122.886      
                1.1973E-03      -101.189      
                1.1986E-03      -159.595      
                1.1999E-03       -63.6217     
                1.2012E-03      -107.692      
                1.2025E-03      -139.868      
                1.2038E-03      -126.024      
                1.2051E-03       -99.6482     
                1.2064E-03      -100.992      
                1.2077E-03      -131.005      
                1.209E-03       -131.343      
                1.2103E-03       -72.9422     
                1.2116E-03      -107.503      
                1.2129E-03      -108.472      
                1.2142E-03      -113.57       
                1.2155E-03      -100.238      
                1.2168E-03      -101.647      
                1.2181E-03      -114.229      
                1.2194E-03      -123.595      
                1.2207E-03       -72.1014     
                1.222E-03        -98.4356     
                1.2233E-03      -121.107      
                1.2246E-03      -131.581      
                1.2259E-03      -142.638      
                1.2272E-03       -77.7943     
                1.2285E-03      -102.596      
                1.2298E-03      -122.781      
                1.2311E-03      -130.928      
                1.2324E-03      -153.713      
                1.2337E-03      -135.39       
                1.235E-03        -89.6237     
                1.2363E-03      -108.679      
                1.2376E-03      -116.794      
                1.2389E-03      -121.51       
                1.2402E-03      -144.575      
                1.2415E-03       -65.3214     
                1.2428E-03       -90.5628     
                1.2441E-03      -112.502      
                1.2454E-03      -135.302      
                1.2467E-03      -130.497      
                1.248E-03        -74.7831     
                1.2493E-03      -115.204      
                1.2506E-03      -103.166      
                1.2519E-03      -136.009      
                1.2532E-03      -150.795      
                1.2545E-03       -55.6584     
                1.2558E-03      -106.327      
                1.2571E-03       -96.6944     
                1.2584E-03      -123.757      
                1.2597E-03      -141.54       
                1.261E-03        -63.9684     
                1.2623E-03       -89.6693     
                1.2636E-03       -89.8105     
                1.2649E-03      -123.552      
                1.2662E-03      -152.074      
                1.2675E-03       -79.386      
                1.2688E-03      -105.338      
                1.2701E-03      -109.43       
                1.2714E-03      -132.167      
                1.2727E-03      -148.499      
                1.274E-03        -88.5463     
                1.2753E-03       -90.8794     
                1.2766E-03      -113.131      
                1.2779E-03      -134.838      
                1.2792E-03      -144.405      
                1.2805E-03       -78.9679     
                1.2818E-03       -76.6551     
                1.2831E-03       -87.3479     
                1.2844E-03      -112.243      
                1.2857E-03      -144.862      
                1.287E-03       -152.133      
                1.2883E-03       -83.1336     
                1.2896E-03       -93.5966     
                1.2909E-03      -104.754      
                1.2922E-03      -115.525      
                1.2935E-03       -80.216      
                1.2948E-03       -77.3896     
                1.2961E-03      -111.428      
                1.2974E-03      -111.011      
                1.2987E-03      -129.434      
                1.3E-03          -99.5499     
                1.3013E-03       -90.1096     
                1.3026E-03      -126.999      
                1.3039E-03      -117.76       
                1.3052E-03      -105.387      
                1.3065E-03      -108.817      
                1.3078E-03       -93.0954     
                1.3091E-03       -95.8053     
                1.3104E-03       -98.5448     
                1.3117E-03      -105.668      
                1.313E-03       -135.717      
                1.3143E-03       -69.0549     
                1.3156E-03       -92.7472     
                1.3169E-03       -97.9878     
                1.3182E-03      -115.668      
                1.3195E-03      -102.971      
                1.3208E-03       -67.0565     
                1.3221E-03       -84.6272     
                1.3234E-03      -101.819      
                1.3247E-03      -103.113      
                1.326E-03        -91.7646     
                1.3273E-03       -90.3509     
                1.3286E-03       -86.1493     
                1.3299E-03       -92.5493     
                1.3312E-03       -99.549      
                1.3325E-03       -72.4538     
                1.3338E-03       -92.3546     
                1.3351E-03      -102.602      
                1.3364E-03       -94.1998     
                1.3377E-03      -104.302      
                1.339E-03        -73.165      
                1.3403E-03       -81.7724     
                1.3416E-03       -86.2419     
                1.3429E-03      -104.356      
                1.3442E-03       -97.3968     
                1.3455E-03       -40.7662     
                1.3468E-03       -70.39       
                1.3481E-03       -81.1257     
                1.3494E-03       -99.6832     
                1.3507E-03       -52.9437     
                1.352E-03        -67.9191     
                1.3533E-03      -107.277      
                1.3546E-03       -75.6156     
                1.3559E-03       -90.2298     
                1.3572E-03       -71.8628     
                1.3585E-03       -81.8058     
                1.3598E-03       -57.9568     
                1.3611E-03       -98.8807     
                1.3624E-03       -92.1413     
                1.3637E-03      -107.851      
                1.365E-03        -49.432      
                1.3663E-03       -76.1049     
                1.3676E-03       -79.2462     
                1.3689E-03      -103.005      
                1.3702E-03       -70.8172     
                1.3715E-03       -80.275      
                1.3728E-03       -94.5394     
                1.3741E-03       -92.9695     
                1.3754E-03       -98.0543     
                1.3767E-03      -111.184      
                1.378E-03        -67.9583     
                1.3793E-03       -62.8189     
                1.3806E-03       -57.5215     
                1.3819E-03       -85.1273     
                1.3832E-03       -85.7213     
                1.3845E-03       -90.5049     
                1.3858E-03       -87.7107     
                1.3871E-03       -78.2546     
                1.3884E-03       -96.658      
                1.3897E-03       -84.7714     
                1.391E-03        -89.5367     
                1.3923E-03       -73.4833     
                1.3936E-03       -69.3201     
                1.3949E-03       -71.3079     
                1.3962E-03       -74.2307     
                1.3975E-03       -88.5459     
                1.3988E-03       -89.7872     
                1.4001E-03       -52.9238     
                1.4014E-03       -96.518      
                1.4027E-03       -78.4047     
                1.404E-03        -89.1716     
                1.4053E-03       -87.3376     
                1.4066E-03       -77.0762     
                1.4079E-03       -83.5471     
                1.4092E-03       -90.4555     
                1.4105E-03       -99.2772     
                1.4118E-03       -91.6669     
                1.4131E-03       -85.9216     
                1.4144E-03       -97.9192     
                1.4157E-03       -90.6646     
                1.417E-03        -84.6736     
                1.4183E-03       -93.6957     
                1.4196E-03      -101.521      
                1.4209E-03       -91.0061     
                1.4222E-03       -76.2139     
                1.4235E-03       -78.6572     
                1.4248E-03       -95.9917     
                1.4261E-03       -83.715      
                1.4274E-03       -76.3457     
                1.4287E-03       -80.2679     
                1.43E-03         -76.6705     
                1.4313E-03       -83.1147     
                1.4326E-03       -92.8876     
                1.4339E-03      -106.713      
                1.4352E-03       -95.9611     
                1.4365E-03       -92.1561     
                1.4378E-03       -94.1445     
                1.4391E-03      -105.753      
                1.4404E-03       -70.6927     
                1.4417E-03       -94.9943     
                1.443E-03        -98.3138     
                1.4443E-03      -100.439      
                1.4456E-03      -104.941      
                1.4469E-03       -59.2357     
                1.4482E-03       -49.7839     
                1.4495E-03       -62.535      
                1.4508E-03       -68.4342     
                1.4521E-03       -62.0462     
                1.4534E-03      -105.086      
                1.4547E-03      -101.179      
                1.456E-03       -127.755      
                1.4573E-03       -73.8895     
                1.4586E-03       -88.218      
                1.4599E-03       -70.1868     
                1.4612E-03      -106.11       
                1.4625E-03      -106.809      
                1.4638E-03      -124.343      
                1.4651E-03      -138.553      
                1.4664E-03       -70.5572     
                1.4677E-03       -78.2103     
                1.469E-03        -90.8081     
                1.4703E-03      -102.475      
                1.4716E-03      -129.967      
                1.4729E-03      -140.242      
                1.4742E-03       -61.4824     
                1.4755E-03       -86.8822     
                1.4768E-03       -81.0798     
                1.4781E-03      -114.182      
                1.4794E-03      -118.361      
                1.4807E-03       -91.9479     
                1.482E-03       -100.581      
                1.4833E-03       -96.6167     
                1.4846E-03       -95.2819     
                1.4859E-03      -118.804      
                1.4872E-03      -126.498      
                1.4885E-03       -85.8506     
                1.4898E-03       -86.0551     
                1.4911E-03       -96.3581     
                1.4924E-03       -96.5632     
                1.4937E-03      -116.017      
                1.495E-03       -103.236      
                1.4963E-03       -91.0319     
                1.4976E-03       -93.8209     
                1.4989E-03       -89.598      
                1.5002E-03      -111.394      
                1.5015E-03       -93.1396     
                1.5028E-03       -71.4658     
                1.5041E-03       -79.5279     
                1.5054E-03       -89.1412     
                1.5067E-03      -112.817      
                1.508E-03        -84.1737     
                1.5093E-03       -85.2324     
                1.5106E-03      -105.569      
                1.5119E-03      -109.187      
                1.5132E-03       -85.9422     
                1.5145E-03       -66.508      
                1.5158E-03       -81.0619     
                1.5171E-03       -91.8172     
                1.5184E-03      -101.502      
                1.5197E-03      -120.507      
                1.521E-03        -88.1562     
                1.5223E-03      -102.808      
                1.5236E-03       -76.784      
                1.5249E-03       -92.7549     
                1.5262E-03      -108.341      
                1.5275E-03      -105.021      
                1.5288E-03       -80.0964     
                1.5301E-03       -99.0019     
                1.5314E-03      -119.102      
                1.5327E-03      -123.674      
                1.534E-03       -102.822      
                1.5353E-03       -85.9305     
                1.5366E-03       -97.2372     
                1.5379E-03      -114.632      
                1.5392E-03      -125.568      
                1.5405E-03       -44.5624     
                1.5418E-03       -87.7227     
                1.5431E-03       -92.1468     
                1.5444E-03      -113.11       
                1.5457E-03      -115.172      
                1.547E-03       -128.08       
                1.5483E-03       -90.5661     
                1.5496E-03      -120.517      
                1.5509E-03      -123.172      
                1.5522E-03      -129.278      
                1.5535E-03       -65.4715     
                1.5548E-03       -87.7403     
                1.5561E-03      -108.073      
                1.5574E-03      -121.924      
                1.5587E-03      -113.19       
                1.56E-03         -77.818      
                1.5613E-03       -84.2873     
                1.5626E-03       -95.246      
                1.5639E-03       -92.75       
                1.5652E-03       -99.5736     
                1.5665E-03      -123.436      
                1.5678E-03       -96.0282     
                1.5691E-03       -90.8148     
                1.5704E-03       -99.7383     
                1.5717E-03       -82.3257     
                1.573E-03       -113.213      
                1.5743E-03      -116.358      
                1.5756E-03       -96.245      
                1.5769E-03      -107.317      
                1.5782E-03       -87.2025     
                1.5795E-03      -102.06       
                1.5808E-03      -102.803      
                1.5821E-03       -97.6644     
                1.5834E-03       -98.209      
                1.5847E-03      -109.646      
                1.586E-03       -118.685      
                1.5873E-03      -126.54       
                1.5886E-03       -73.0974     
                1.5899E-03       -84.5786     
                1.5912E-03       -94.6021     
                1.5925E-03       -91.2229     
                1.5938E-03       -92.7421     
                1.5951E-03       -87.8722     
                1.5964E-03       -99.1919     
                1.5977E-03       -91.2698     
                1.599E-03        -93.8756     
                1.6003E-03       -74.1534     
                1.6016E-03       -98.0284     
                1.6029E-03       -94.6626     
                1.6042E-03       -83.0853     
                1.6055E-03      -108.413      
                1.6068E-03      -110.794      
                1.6081E-03      -116.811      
                1.6094E-03       -94.6715     
                1.6107E-03       -88.7043     
                1.612E-03        -52.9081     
                1.6133E-03       -81.8109     
                1.6146E-03       -91.5183     
                1.6159E-03      -105.696      
                1.6172E-03      -114.019      
                1.6185E-03       -98.4623     
                1.6198E-03       -98.9082     
                1.6211E-03       -83.1223     
                1.6224E-03       -79.2888     
                1.6237E-03       -76.5231     
                1.625E-03        -86.2346     
                1.6263E-03       -89.0724     
                1.6276E-03       -74.5139     
                1.6289E-03       -74.68       
                1.6302E-03       -83.8618     
                1.6315E-03       -89.3266     
                1.6328E-03       -69.4844     
                1.6341E-03       -83.4808     
                1.6354E-03       -81.9633     
                1.6367E-03       -65.9915     
                1.638E-03        -80.3922     
                1.6393E-03       -76.9014     
                1.6406E-03       -73.1977     
                1.6419E-03       -79.3924     
                1.6432E-03       -81.3724     
                1.6445E-03       -92.0297     
                1.6458E-03       -90.7804     
                1.6471E-03       -87.9288     
                1.6484E-03       -65.7563     
                1.6497E-03       -79.6687     
                1.651E-03        -77.0876     
                1.6523E-03       -76.9384     
                1.6536E-03       -88.8022     
                1.6549E-03       -86.5055     
                1.6562E-03       -81.6666     
                1.6575E-03       -94.4537     
                1.6588E-03       -95.9697     
                1.6601E-03       -89.3231     
                1.6614E-03       -97.35       
                1.6627E-03      -100.208      
                1.664E-03       -110.136      
                1.6653E-03      -102.532      
                1.6666E-03       -90.8244     
                1.6679E-03       -85.2194     
                1.6692E-03       -66.0198     
                1.6705E-03       -79.3993     
                1.6718E-03       -73.369      
                1.6731E-03       -90.3487     
                1.6744E-03      -104.179      
                1.6757E-03       -96.6272     
                1.677E-03       -113.512      
                1.6783E-03       -89.1065     
                1.6796E-03       -99.7155     
                1.6809E-03      -101.203      
                1.6822E-03       -96.8392     
                1.6835E-03      -120.642      
                1.6848E-03       -88.0762     
                1.6861E-03      -115.344      
                1.6874E-03      -110.414      
                1.6887E-03       -95.9559     
                1.69E-03        -122.553      
                1.6913E-03       -98.2394     
                1.6926E-03      -100.673      
                1.6939E-03       -82.6828     
                1.6952E-03       -96.4853     
                1.6965E-03       -90.3767     
                1.6978E-03       -96.5961     
                1.6991E-03      -100.555      
                1.7004E-03       -88.248      
                1.7017E-03       -95.4814     
                1.703E-03       -101.079      
                1.7043E-03      -108.59       
                1.7056E-03      -117.062      
                1.7069E-03       -64.5241     
                1.7082E-03       -86.2938     
                1.7095E-03       -98.5006     
                1.7108E-03      -105.721      
                1.7121E-03      -102.105      
                1.7134E-03       -76.2878     
                1.7147E-03       -59.6755     
                1.716E-03        -70.2749     
                1.7173E-03       -83.4915     
                1.7186E-03       -88.1541     
                1.7199E-03      -102.347      
                1.7212E-03       -80.5698     
                1.7225E-03       -94.4724     
                1.7238E-03      -111.11       
                1.7251E-03      -109.443      
                1.7264E-03      -103.195      
                1.7277E-03      -108.295      
                1.729E-03        -61.9896     
                1.7303E-03       -83.2643     
                1.7316E-03       -99.0385     
                1.7329E-03      -102.675      
                1.7342E-03      -111.426      
                1.7355E-03      -117.483      
                1.7368E-03       -91.5927     
                1.7381E-03      -106.287      
                1.7394E-03      -120.132      
                1.7407E-03      -117.249      
                1.742E-03       -135.873      
                1.7433E-03       -66.3693     
                1.7446E-03       -87.771      
                1.7459E-03       -90.9623     
                1.7472E-03       -85.5846     
                1.7485E-03      -110.741      
                1.7498E-03      -113.059      
                1.7511E-03      -126.568      
                1.7524E-03      -129.375      
                1.7537E-03       -93.6013     
                1.755E-03       -118.207      
                1.7563E-03      -131.026      
                1.7576E-03      -130.038      
                1.7589E-03      -142.563      
                1.7602E-03       -71.8473     
                1.7615E-03       -91.479      
                1.7628E-03      -105.935      
                1.7641E-03      -109.895      
                1.7654E-03      -120.915      
                1.7667E-03       -95.4333     
                1.768E-03       -101.919      
                1.7693E-03      -119.923      
                1.7706E-03      -118.773      
                1.7719E-03      -136.096      
                1.7732E-03       -77.3632     
                1.7745E-03       -64.2599     
                1.7758E-03       -76.0388     
                1.7771E-03       -83.1373     
                1.7784E-03       -86.3766     
                1.7797E-03       -95.2518     
                1.781E-03       -113.903      
                1.7823E-03       -94.2842     
                1.7836E-03      -115.86       
                1.7849E-03       -83.433      
                1.7862E-03      -104.627      
                1.7875E-03       -63.0742     
                1.7888E-03       -91.9778     
                1.7901E-03      -107.328      
                1.7914E-03       -77.9924     
                1.7927E-03       -93.5895     
                1.794E-03        -92.0226     
                1.7953E-03       -94.6053     
                1.7966E-03       -94.4381     
                1.7979E-03       -94.661      
                1.7992E-03      -101.423      
                1.8005E-03       -87.3945     
                1.8018E-03       -98.0161     
                1.8031E-03       -98.0311     
                1.8044E-03       -94.9702     
                1.8057E-03      -101.338      
                1.807E-03        -82.5731     
                1.8083E-03       -81.5412     
                1.8096E-03       -79.6018     
                1.8109E-03       -94.4428     
                1.8122E-03       -94.8111     
                1.8135E-03       -88.9006     
                1.8148E-03       -97.6012     
                1.8161E-03       -65.8959     
                1.8174E-03       -96.389      
                1.8187E-03       -69.1692     
                1.82E-03         -88.5218     
                1.8213E-03       -88.8427     
                1.8226E-03       -93.7115     
                1.8239E-03       -83.4322     
                1.8252E-03       -94.5232     
                1.8265E-03       -69.1292     
                1.8278E-03       -93.2415     
                1.8291E-03       -90.0679     
                1.8304E-03       -93.7381     
                1.8317E-03      -101.342      
                1.833E-03        -90.9459     
                1.8343E-03       -79.3446     
                1.8356E-03       -84.3783     
                1.8369E-03       -98.9365     
                1.8382E-03       -49.6574     
                1.8395E-03       -80.6353     
                1.8408E-03       -89.8478     
                1.8421E-03       -93.6044     
                1.8434E-03      -108.077      
                1.8447E-03      -100.577      
                1.846E-03        -93.0715     
                1.8473E-03       -94.436      
                1.8486E-03      -106.951      
                1.8499E-03       -99.2757     
                1.8512E-03       -86.3711     
                1.8525E-03       -78.5984     
                1.8538E-03       -90.9016     
                1.8551E-03       -91.1057     
                1.8564E-03      -109.269      
                1.8577E-03       -94.1695     
                1.859E-03        -99.8833     
                1.8603E-03      -110.874      
                1.8616E-03       -96.8235     
                1.8629E-03      -107.209      
                1.8642E-03       -99.51       
                1.8655E-03       -90.6585     
                1.8668E-03       -80.8771     
                1.8681E-03       -94.5784     
                1.8694E-03      -103.449      
                1.8707E-03       -92.9056     
                1.872E-03        -98.8071     
                1.8733E-03       -88.6719     
                1.8746E-03      -105.103      
                1.8759E-03      -103.054      
                1.8772E-03       -98.2619     
                1.8785E-03      -115.093      
                1.8798E-03       -88.8948     
                1.8811E-03       -98.3295     
                1.8824E-03      -103.621      
                1.8837E-03      -109.366      
                1.885E-03       -117.295      
                1.8863E-03       -90.4859     
                1.8876E-03      -108.763      
                1.8889E-03      -124.56       
                1.8902E-03      -118.881      
                1.8915E-03      -115.369      
                1.8928E-03       -85.3642     
                1.8941E-03       -89.5038     
                1.8954E-03       -90.3858     
                1.8967E-03       -93.5278     
                1.898E-03       -104.715      
                1.8993E-03       -97.9887     
                1.9006E-03       -69.2328     
                1.9019E-03       -86.2208     
                1.9032E-03       -92.5483     
                1.9045E-03       -97.0015     
                1.9058E-03       -80.2905     
                1.9071E-03       -77.5082     
                1.9084E-03       -73.2242     
                1.9097E-03       -99.7369     
                1.911E-03       -100.97       
                1.9123E-03       -99.0217     
                1.9136E-03      -103.65       
                1.9149E-03       -72.0899     
                1.9162E-03       -81.0141     
                1.9175E-03       -94.4908     
                1.9188E-03       -94.2494     
                1.9201E-03       -73.2317     
                1.9214E-03       -91.5475     
                1.9227E-03       -97.2429     
                1.924E-03       -103.672      
                1.9253E-03       -79.1798     
                1.9266E-03       -98.8103     
                1.9279E-03      -106.128      
                1.9292E-03       -78.2345     
                1.9305E-03      -104.501      
                1.9318E-03      -127.379      
                1.9331E-03      -141.272      
                1.9344E-03       -94.7905     
                1.9357E-03       -84.4635     
                1.937E-03        -97.4937     
                1.9383E-03      -106.46       
                1.9396E-03      -124.88       
                1.9409E-03      -130.478      
                1.9422E-03       -85.7013     
                1.9435E-03      -113.315      
                1.9448E-03      -122.924      
                1.9461E-03      -128.935      
                1.9474E-03      -150.632      
                1.9487E-03      -105.939      
                1.95E-03        -106.844      
                1.9513E-03       -97.6579     
                1.9526E-03      -106.373      
                1.9539E-03      -109.065      
                1.9552E-03      -109.136      
                1.9565E-03       -93.2504     
                1.9578E-03      -101.164      
                1.9591E-03       -95.4211     
                1.9604E-03      -100.439      
                1.9617E-03      -110.967      
                1.963E-03       -129.537      
                1.9643E-03       -68.9945     
                1.9656E-03       -73.1518     
                1.9669E-03       -94.998      
                1.9682E-03      -107.801      
                1.9695E-03      -130.471      
                1.9708E-03      -112.762      
                1.9721E-03       -89.8604     
                1.9734E-03       -95.2725     
                1.9747E-03      -101.584      
                1.976E-03       -115.101      
                1.9773E-03      -112.983      
                1.9786E-03       -73.4474     
                1.9799E-03      -100.262      
                1.9812E-03      -101.776      
                1.9825E-03      -103.553      
                1.9838E-03      -114.264      
                1.9851E-03      -111.699      
                1.9864E-03       -70.8479     
                1.9877E-03      -102.329      
                1.989E-03        -98.9745     
                1.9903E-03      -110.302      
                1.9916E-03       -79.5586     
                1.9929E-03      -100.249      
                1.9942E-03      -107.746      
                1.9955E-03       -73.1468     
                1.9968E-03       -77.3037     
                1.9981E-03       -99.5315     
                1.9994E-03      -101.3        
                2.0007E-03       -87.357      
                2.002E-03        -98.3705     
                2.0033E-03       -98.8884     
                2.0046E-03      -111.817      
                2.0059E-03      -104.624      
                2.0072E-03       -73.9511     
                2.0085E-03       -90.8739     
                2.0098E-03       -96.3735     
                2.0111E-03      -105.876      
                2.0124E-03      -112.609      
                2.0137E-03      -105.048      
                2.015E-03        -52.7623     
                2.0163E-03       -90.6932     
                2.0176E-03      -105.334      
                2.0189E-03      -106.332      
                2.0202E-03      -115.107      
                2.0215E-03      -113.077      
                2.0228E-03      -105.734      
                2.0241E-03      -126.248      
                2.0254E-03       -94.9682     
                2.0267E-03      -101.97       
                2.028E-03       -107.839      
                2.0293E-03      -116.047      
                2.0306E-03      -116.237      
                2.0319E-03       -96.2139     
                2.0332E-03      -111.409      
                2.0345E-03       -88.5361     
                2.0358E-03      -110.531      
                2.0371E-03      -124.758      
                2.0384E-03      -118.882      
                2.0397E-03      -121.411      
                2.041E-03       -121.613      
                2.0423E-03       -94.3246     
                2.0436E-03      -101.188      
                2.0449E-03      -110.223      
                2.0462E-03       -95.1522     
                2.0475E-03       -73.2523     
                2.0488E-03       -84.0024     
                2.0501E-03       -87.1056     
                2.0514E-03      -105.121      
                2.0527E-03      -112.147      
                2.054E-03       -111.734      
                2.0553E-03       -85.5351     
                2.0566E-03      -102.663      
                2.0579E-03      -105.735      
                2.0592E-03      -106.219      
                2.0605E-03      -103.95       
                2.0618E-03      -113.86       
                2.0631E-03      -115.567      
                2.0644E-03      -129.56       
                2.0657E-03       -87.4601     
                2.067E-03       -113.91       
                2.0683E-03      -120.991      
                2.0696E-03       -73.7085     
                2.0709E-03      -124.82       
                2.0722E-03      -129.004      
                2.0735E-03       -88.9856     
                2.0748E-03       -96.7768     
                2.0761E-03       -89.4857     
                2.0774E-03       -92.2464     
                2.0787E-03      -124.486      
                2.08E-03        -119.371      
                2.0813E-03      -109.316      
                2.0826E-03       -98.759      
                2.0839E-03       -72.9915     
                2.0852E-03       -71.1711     
                2.0865E-03       -60.6601     
                2.0878E-03       -90.9425     
                2.0891E-03       -99.7991     
                2.0904E-03      -120.629      
                2.0917E-03       -75.7346     
                2.093E-03        -75.2503     
                2.0943E-03       -94.1574     
                2.0956E-03       -62.9962     
                2.0969E-03       -86.5351     
                2.0982E-03      -115.707      
                2.0995E-03      -116.935      
                2.1008E-03       -91.7639     
                2.1021E-03      -102.04       
                2.1034E-03      -100.081      
                2.1047E-03       -78.0083     
                2.106E-03       -117.409      
                2.1073E-03      -133.781      
                2.1086E-03      -105.589      
                2.1099E-03      -106.466      
                2.1112E-03       -55.1355     
                2.1125E-03      -107.202      
                2.1138E-03       -98.6622     
                2.1151E-03      -111.423      
                2.1164E-03       -91.8913     
                2.1177E-03       -80.4231     
                2.119E-03        -89.7944     
                2.1203E-03      -102.463      
                2.1216E-03      -102.989      
                2.1229E-03      -100.939      
                2.1242E-03       -95.193      
                2.1255E-03      -101.938      
                2.1268E-03      -103.564      
                2.1281E-03       -63.0895     
                2.1294E-03       -98.8857     
                2.1307E-03       -87.6214     
                2.132E-03        -83.1232     
                2.1333E-03       -94.9023     
                2.1346E-03      -101.408      
                2.1359E-03       -72.8692     
                2.1372E-03       -84.2871     
                2.1385E-03       -92.9705     
                2.1398E-03      -104.802      
                2.1411E-03      -108.049      
                2.1424E-03       -96.4296     
                2.1437E-03       -99.7515     
                2.145E-03        -78.6964     
                2.1463E-03       -97.1914     
                2.1476E-03      -100.411      
                2.1489E-03      -115.445      
                2.1502E-03      -106.634      
                2.1515E-03      -119.789      
                2.1528E-03      -113.696      
                2.1541E-03       -78.3519     
                2.1554E-03       -78.0874     
                2.1567E-03       -89.9875     
                2.158E-03        -94.3837     
                2.1593E-03      -109.595      
                2.1606E-03      -112.448      
                2.1619E-03      -115.722      
                2.1632E-03      -104.91       
                2.1645E-03      -112.592      
                2.1658E-03      -110.051      
                2.1671E-03      -100.136      
                2.1684E-03       -86.5872     
                2.1697E-03       -73.2596     
                2.171E-03        -84.6622     
                2.1723E-03       -96.9371     
                2.1736E-03       -99.1986     
                2.1749E-03       -86.2569     
                2.1762E-03       -93.0373     
                2.1775E-03      -105.458      
                2.1788E-03       -95.1367     
                2.1801E-03      -110.435      
                2.1814E-03      -110.742      
                2.1827E-03      -111.546      
                2.184E-03       -116.39       
                2.1853E-03      -117.547      
                2.1866E-03       -93.3385     
                2.1879E-03       -81.4831     
                2.1892E-03       -90.1376     
                2.1905E-03       -81.9453     
                2.1918E-03       -91.6029     
                2.1931E-03       -94.0149     
                2.1944E-03       -91.5179     
                2.1957E-03       -71.835      
                2.197E-03        -92.2715     
                2.1983E-03       -97.0678     
                2.1996E-03      -107.623      
                2.2009E-03      -109.044      
                2.2022E-03      -109.604      
                2.2035E-03       -67.9442     
                2.2048E-03       -93.1494     
                2.2061E-03       -73.46       
                2.2074E-03       -75.9918     
                2.2087E-03       -95.9742     
                2.21E-03         -94.573      
                2.2113E-03       -88.942      
                2.2126E-03       -87.2402     
                2.2139E-03       -99.5123     
                2.2152E-03       -86.1888     
                2.2165E-03       -69.48       
                2.2178E-03       -88.0987     
                2.2191E-03       -68.2864     
                2.2204E-03       -84.2655     
                2.2217E-03       -89.0859     
                2.223E-03        -89.0317     
                2.2243E-03       -92.816      
                2.2256E-03       -92.8038     
                2.2269E-03       -66.932      
                2.2282E-03       -79.9926     
                2.2295E-03       -73.828      
                2.2308E-03       -76.7073     
                2.2321E-03       -68.6582     
                2.2334E-03       -89.4521     
                2.2347E-03       -85.7861     
                2.236E-03        -86.729      
                2.2373E-03       -82.655      
                2.2386E-03       -79.0417     
                2.2399E-03       -82.7795     
                2.2412E-03       -97.3855     
                2.2425E-03       -88.3303     
                2.2438E-03       -82.937      
                2.2451E-03       -85.0961     
                2.2464E-03       -90.1305     
                2.2477E-03       -90.1655     
                2.249E-03        -87.7446     
                2.2503E-03       -65.9097     
                2.2516E-03       -84.0284     
                2.2529E-03       -76.2671     
                2.2542E-03       -87.2392     
                2.2555E-03       -83.7447     
                2.2568E-03       -82.2851     
                2.2581E-03       -82.2531     
                2.2594E-03       -79.4308     
                2.2607E-03       -56.895      
                2.262E-03        -73.099      
                2.2633E-03       -76.0926     
                2.2646E-03       -83.182      
                2.2659E-03       -59.8392     
                2.2672E-03       -56.3205     
                2.2685E-03       -85.7507     
                2.2698E-03       -72.4177     
                2.2711E-03       -78.1317     
                2.2724E-03       -78.2565     
                2.2737E-03       -65.3458     
                2.275E-03        -40.2806     
                2.2763E-03       -70.5325     
                2.2776E-03       -65.4554     
                2.2789E-03       -75.0795     
                2.2802E-03       -76.4684     
                2.2815E-03       -45.0386     
                2.2828E-03       -53.7338     
                2.2841E-03       -71.1983     
                2.2854E-03       -89.047      
                2.2867E-03       -48.6157     
                2.288E-03        -60.7259     
                2.2893E-03       -76.8132     
                2.2906E-03       -74.4036     
                2.2919E-03       -64.3252     
                2.2932E-03       -72.4418     
                2.2945E-03       -80.0445     
                2.2958E-03       -85.307      
                2.2971E-03       -58.0354     
                2.2984E-03       -88.7671     
                2.2997E-03       -76.2184     
                2.301E-03        -89.0787     
                2.3023E-03       -75.2121     
                2.3036E-03       -83.7544     
                2.3049E-03       -84.2811     
                2.3062E-03       -76.0254     
                2.3075E-03       -77.7503     
                2.3088E-03       -75.6342     
                2.3101E-03       -77.9453     
                2.3114E-03       -78.0227     
                2.3127E-03       -79.0072     
                2.314E-03        -69.7527     
                2.3153E-03       -75.0628     
                2.3166E-03       -77.7037     
                2.3179E-03       -74.3907     
                2.3192E-03       -73.9546     
                2.3205E-03       -57.2085     
                2.3218E-03       -73.9023     
                2.3231E-03       -67.3722     
                2.3244E-03       -74.4572     
                2.3257E-03       -64.6153     
                2.327E-03        -65.0563     
                2.3283E-03       -65.8959     
                2.3296E-03       -63.3783     
                2.3309E-03       -59.5974     
                2.3322E-03       -69.242      
                2.3335E-03       -66.7365     
                2.3348E-03       -63.2926     
                2.3361E-03       -77.3409     
                2.3374E-03       -73.7807     
                2.3387E-03       -36.6837     
                2.34E-03         -64.1755     
                2.3413E-03       -76.0487     
                2.3426E-03       -77.7013     
                2.3439E-03       -75.5098     
                2.3452E-03       -74.3445     
                2.3465E-03       -75.0958     
                2.3478E-03       -75.4861     
                2.3491E-03       -66.6037     
                2.3504E-03       -73.6674     
                2.3517E-03       -78.387      
                2.353E-03        -76.3672     
                2.3543E-03       -69.1988     
                2.3556E-03       -71.4331     
                2.3569E-03       -41.9654     
                2.3582E-03       -49.2258     
                2.3595E-03       -38.9685     
                2.3608E-03       -42.4255     
                2.3621E-03       -49.2775     
                2.3634E-03       -39.7827     
                2.3647E-03       -37.9773     
                2.366E-03        -43.4354     
                2.3673E-03       -51.9809     
                2.3686E-03       -64.7915     
                2.3699E-03       -80.1809     
                2.3712E-03       -58.9369     
                2.3725E-03       -69.9809     
                2.3738E-03       -69.4952     
                2.3751E-03       -72.2618     
                2.3764E-03       -82.4054     
                2.3777E-03       -70.6838     
                2.379E-03        -83.0197     
                2.3803E-03       -72.2234     
                2.3816E-03       -72.9872     
                2.3829E-03       -72.6448     
                2.3842E-03       -68.2144     
                2.3855E-03       -57.0137     
                2.3868E-03       -58.3343     
                2.3881E-03       -57.4545     
                2.3894E-03       -35.2869     
                2.3907E-03       -48.2462     
                2.392E-03        -49.8472     
                2.3933E-03       -54.2977     
                2.3946E-03       -53.6275     
                2.3959E-03       -46.6497     
                2.3972E-03       -42.6677     
                2.3985E-03       -49.5112     
                2.3998E-03       -55.6814     
                2.4011E-03       -55.1771     
                2.4024E-03       -59.0247     
                2.4037E-03       -45.3935     
                2.405E-03        -36.4899     
                2.4063E-03       -52.3678     
                2.4076E-03       -56.1679     
                2.4089E-03       -52.0848     
                2.4102E-03       -51.0858     
                2.4115E-03       -53.7938     
                2.4128E-03       -36.5352     
                2.4141E-03       -47.6099     
                2.4154E-03       -53.2755     
                2.4167E-03       -53.911      
                2.418E-03        -39.179      
                2.4193E-03       -55.371      
                2.4206E-03       -54.5175     
                2.4219E-03       -50.8419     
                2.4232E-03       -54.9278     
                2.4245E-03       -55.372      
                2.4258E-03       -56.4716     
                2.4271E-03       -34.7294     
                2.4284E-03       -37.7663     
                2.4297E-03       -42.99       
                2.431E-03        -52.168      
                2.4323E-03       -55.2048     
                2.4336E-03       -53.7002     
                2.4349E-03       -54.9023     
                2.4362E-03       -49.5615     
                2.4375E-03       -46.8606     
                2.4388E-03       -58.8477     
                2.4401E-03       -42.9344     
                2.4414E-03       -43.4505     
                2.4427E-03       -57.252      
                2.444E-03        -49.1016     
                2.4453E-03       -28.3729     
                2.4466E-03       -28.1118     
                2.4479E-03       -26.556      
                2.4492E-03       -34.8752     
                2.4505E-03       -35.6055     
                2.4518E-03       -51.4685     
                2.4531E-03       -51.2531     
                2.4544E-03       -26.6214     
                2.4557E-03       -32.4417     
                2.457E-03        -26.1818     
                2.4583E-03       -28.5808     
                2.4596E-03       -36.6297     
                2.4609E-03       -29.9348     
                2.4622E-03       -12.7878     
                2.4635E-03       -36.8802     
                2.4648E-03       -28.6469     
                2.4661E-03       -33.4048     
                2.4674E-03       -27.306      
                2.4687E-03       -31.8077     
                2.47E-03         -27.2143     
                2.4713E-03       -35.5242     
                2.4726E-03       -34.3996     
                2.4739E-03       -37.2577     
                2.4752E-03       -26.9351     
                2.4765E-03       -38.3358     
                2.4778E-03       -38.4525     
                2.4791E-03       -40.7968     
                2.4804E-03       -40.7584     
                2.4817E-03       -35.8068     
                2.483E-03        -42.8191     
                2.4843E-03       -37.8603     
                2.4856E-03       -33.5061     
                2.4869E-03       -39.03       
                2.4882E-03       -32.541      
                2.4895E-03       -40.2207     
                2.4908E-03       -33.5586     
                2.4921E-03       -37.5573     
                2.4934E-03       -42.9274     
                2.4947E-03       -37.0284     
                2.496E-03        -23.4847     
                2.4973E-03       -54.3505     
                2.4986E-03       -35.7725     
                2.4999E-03       -38.7335     
                2.5012E-03       -40.0661     
                2.5025E-03       -33.2961     
                2.5038E-03       -33.077      
                2.5051E-03        -5.26141    
                2.5064E-03       -23.7849     
                2.5077E-03       -20.7503     
                2.509E-03        -25.6647     
                2.5103E-03       -34.3368     
                2.5116E-03       -15.0377     
                2.5129E-03       -27.5399     
                2.5142E-03       -22.7485     
                2.5155E-03       -12.2975     
                2.5168E-03       -33.5395     
                2.5181E-03       -24.427      
                2.5194E-03       -19.0353     
                2.5207E-03       -31.1332     
                2.522E-03        -22.3248     
                2.5233E-03       -26.7194     
                2.5246E-03       -34.7566     
                2.5259E-03       -20.9449     
                2.5272E-03       -30.8005     
                2.5285E-03        -9.51753    
                2.5298E-03       -65.0226     
                2.5311E-03       -43.0698     
                2.5324E-03       -53.4135     
                2.5337E-03       -46.3327     
                2.535E-03        -39.6851     
                2.5363E-03       -44.0767     
                2.5376E-03       -25.1021     
                2.5389E-03       -31.8336     
                2.5402E-03       -87.3504     
                2.5415E-03       -45.4049     
                2.5428E-03       -31.3312     
                2.5441E-03       -37.5056     
                2.5454E-03       -20.6107     
                2.5467E-03       -30.8274     
                2.548E-03        -28.6751     
                2.5493E-03       -23.4343     
                2.5506E-03       -38.2441     
                2.5519E-03       -31.157      
                2.5532E-03       -31.3556     
                2.5545E-03       -49.2926     
                2.5558E-03       -17.4302     
                2.5571E-03       -43.4689     
                2.5584E-03       -22.5973     
                2.5597E-03       -30.3897     
                2.561E-03        -31.3723     
                2.5623E-03       -22.6446     
                2.5636E-03       -23.6979     
                2.5649E-03       -30.2049     
                2.5662E-03       -32.3962     
                2.5675E-03       -32.2672     
                2.5688E-03       -33.5206     
                2.5701E-03       -30.3444     
                2.5714E-03       -36.045      
                2.5727E-03       -36.8711     
                2.574E-03        -42.3748     
                2.5753E-03       -33.3248     
                2.5766E-03       -37.3676     
                2.5779E-03       -19.2548     
                2.5792E-03       -34.5381     
                2.5805E-03       -32.1632     
                2.5818E-03       -36.3954     
                2.5831E-03       -30.5571     
                2.5844E-03       -33.5042     
                2.5857E-03       -36.3866     
                2.587E-03        -27.404      
                2.5883E-03       -25.6225     
                2.5896E-03       -18.8719     
                2.5909E-03       -29.1957     
                2.5922E-03       -17.2879     
                2.5935E-03       -39.4307     
                2.5948E-03       -41.7112     
                2.5961E-03       -38.9887     
                2.5974E-03       -32.9654     
                2.5987E-03       -28.0732     
                2.6E-03          -41.153      




