
                  X               _temp_3     

                0.              -880.152E-06  
                1.30055E-06     -515.638      
                2.60114E-06      227.93       
                3.90053E-06      224.797      
                5.20114E-06     -437.497      
                6.50053E-06     -186.98       
                7.80107E-06      173.625      
                9.10119E-06     -269.247      
               10.4001E-06      -308.304      
               11.7002E-06        88.5695     
               13.0003E-06      -149.866      
               14.3004E-06      -368.028      
               15.6008E-06       -25.9873     
               16.9007E-06       -90.8572     
               18.2006E-06      -403.891      
               19.5005E-06      -148.131      
               20.8004E-06       -44.2732     
               22.1002E-06      -405.171      
               23.4001E-06      -296.498      
               24.7E-06           15.5133     
               26.0011E-06      -248.827      
               27.301E-06       -393.78       
               28.6009E-06       -53.9747     
               29.9007E-06       -76.4212     
               31.2006E-06      -368.497      
               32.5005E-06      -200.975      
               33.8004E-06       -28.286      
               35.1003E-06      -275.82       
               36.4002E-06      -308.242      
               37.7E-06          -95.8096     
               39.0011E-06      -204.101      
               40.301E-06       -333.224      
               41.6009E-06      -176.327      
               42.9008E-06      -177.307      
               44.2007E-06      -317.493      
               45.5005E-06      -227.48       
               46.8004E-06      -163.905      
               48.1003E-06      -309.174      
               49.4002E-06      -274.003      
               50.7001E-06      -151.477      
               52.0012E-06      -278.061      
               53.3011E-06      -338.253      
               54.6009E-06      -182.457      
               55.9008E-06      -213.709      
               57.2007E-06      -347.287      
               58.5006E-06      -260.139      
               59.8005E-06      -184.851      
               61.1002E-06      -305.478      
               62.401E-06       -309.803      
               63.7006E-06      -205.921      
               65.0002E-06      -245.954      
               66.301E-06       -313.515      
               67.6006E-06      -260.118      
               68.9002E-06      -235.499      
               70.201E-06       -316.786      
               71.5006E-06      -268.65       
               72.8002E-06      -203.663      
               74.101E-06       -267.055      
               75.4006E-06      -260.073      
               76.7002E-06      -216.007      
               78.001E-06       -277.113      
               79.3006E-06      -257.817      
               80.6002E-06      -212.474      
               81.901E-06       -253.198      
               83.2006E-06      -293.192      
               84.5002E-06      -249.411      
               85.801E-06       -260.349      
               87.1007E-06      -322.01       
               88.4003E-06      -298.613      
               89.7011E-06      -251.042      
               91.0007E-06      -303.57       
               92.3003E-06      -313.246      
               93.6011E-06      -266.703      
               94.9007E-06      -239.367      
               96.2003E-06      -282.063      
               97.5011E-06      -235.734      
               98.8007E-06      -230.804      
              100.1E-06         -257.07       
              101.401E-06       -264.633      
              102.701E-06       -272.854      
              104.E-06          -301.105      
              105.301E-06       -294.565      
              106.601E-06       -277.488      
              107.9E-06         -305.098      
              109.201E-06       -236.435      
              110.501E-06       -231.684      
              111.8E-06         -262.59       
              113.101E-06       -305.272      
              114.401E-06       -274.616      
              115.7E-06         -253.826      
              117.001E-06       -245.02       
              118.301E-06       -239.115      
              119.6E-06         -246.633      
              120.901E-06       -282.531      
              122.201E-06       -267.551      
              123.5E-06         -210.209      
              124.8E-06         -267.459      
              126.101E-06       -270.472      
              127.4E-06         -278.976      
              128.7E-06         -261.324      
              130.001E-06       -262.32       
              131.3E-06         -276.134      
              132.6E-06         -265.506      
              133.901E-06       -278.382      
              135.2E-06         -266.15       
              136.5E-06         -261.26       
              137.801E-06       -264.593      
              139.1E-06         -264.708      
              140.4E-06         -250.76       
              141.701E-06       -292.468      
              143.E-06          -295.165      
              144.3E-06         -308.021      
              145.601E-06       -308.986      
              146.9E-06         -312.364      
              148.2E-06         -318.54       
              149.501E-06       -310.573      
              150.801E-06       -324.054      
              152.1E-06         -226.11       
              153.401E-06       -249.59       
              154.701E-06       -261.546      
              156.E-06          -276.175      
              157.301E-06       -258.197      
              158.601E-06       -256.762      
              159.9E-06         -268.378      
              161.201E-06       -251.448      
              162.501E-06       -258.55       
              163.8E-06         -268.107      
              165.101E-06       -277.079      
              166.401E-06       -260.624      
              167.7E-06         -271.37       
              169.001E-06       -274.704      
              170.301E-06       -244.7        
              171.6E-06         -253.527      
              172.901E-06       -273.865      
              174.201E-06       -270.176      
              175.5E-06         -232.94       
              176.801E-06       -256.533      
              178.101E-06       -275.962      
              179.4E-06         -275.992      
              180.701E-06       -264.518      
              182.001E-06       -295.146      
              183.3E-06         -288.533      
              184.601E-06       -296.407      
              185.901E-06       -299.437      
              187.2E-06         -285.417      
              188.501E-06       -299.133      
              189.801E-06       -308.637      
              191.1E-06         -325.482      
              192.401E-06       -305.147      
              193.701E-06       -317.362      
              195.E-06          -316.004      
              196.301E-06       -318.94       
              197.601E-06       -319.633      
              198.9E-06         -320.122      
              200.201E-06       -330.357      
              201.501E-06       -317.307      
              202.8E-06         -326.913      
              204.101E-06       -326.39       
              205.401E-06       -282.209      
              206.7E-06         -275.389      
              208.001E-06       -298.536      
              209.301E-06       -321.997      
              210.6E-06         -336.334      
              211.901E-06       -320.7        
              213.201E-06       -302.357      
              214.5E-06         -277.147      
              215.801E-06       -304.124      
              217.101E-06       -318.52       
              218.4E-06         -316.305      
              219.701E-06       -276.238      
              221.001E-06       -310.756      
              222.3E-06         -307.916      
              223.601E-06       -328.896      
              224.901E-06       -297.573      
              226.2E-06         -265.         
              227.5E-06         -307.283      
              228.801E-06       -326.211      
              230.1E-06         -336.038      
              231.4E-06         -326.111      
              232.701E-06       -253.99       
              234.E-06          -285.211      
              235.3E-06         -328.812      
              236.601E-06       -317.658      
              237.9E-06         -317.89       
              239.2E-06         -307.573      
              240.501E-06       -313.754      
              241.8E-06         -305.519      
              243.1E-06         -319.849      
              244.4E-06         -324.193      
              245.701E-06       -307.187      
              247.E-06          -315.173      
              248.301E-06       -274.426      
              249.6E-06         -319.709      
              250.901E-06       -317.985      
              252.2E-06         -327.882      
              253.501E-06       -323.845      
              254.8E-06         -295.748      
              256.101E-06       -313.268      
              257.4E-06         -336.49       
              258.701E-06       -325.813      
              260.E-06          -335.533      
              261.301E-06       -305.804      
              262.6E-06         -202.81       
              263.901E-06       -248.66       
              265.2E-06         -317.773      
              266.501E-06       -305.693      
              267.8E-06         -309.513      
              269.101E-06       -301.473      
              270.401E-06       -260.307      
              271.7E-06         -176.389      
              273.001E-06       -229.123      
              274.3E-06         -239.982      
              275.601E-06       -226.124      
              276.9E-06         -282.799      
              278.201E-06       -300.563      
              279.5E-06         -261.15       
              280.801E-06       -321.038      
              282.1E-06         -262.766      
              283.401E-06       -282.684      
              284.7E-06         -322.934      
              286.001E-06       -316.25       
              287.3E-06         -306.226      
              288.601E-06       -316.103      
              289.9E-06         -255.416      
              291.201E-06       -233.705      
              292.501E-06       -261.618      
              293.801E-06       -275.957      
              295.101E-06       -300.263      
              296.401E-06       -294.487      
              297.701E-06       -298.425      
              299.E-06          -269.533      
              300.301E-06       -257.186      
              301.6E-06         -246.887      
              302.901E-06       -296.679      
              304.2E-06         -287.778      
              305.501E-06       -238.315      
              306.8E-06         -249.962      
              308.101E-06       -270.196      
              309.4E-06         -307.067      
              310.701E-06       -295.121      
              312.E-06          -243.609      
              313.301E-06       -186.809      
              314.6E-06         -216.94       
              315.901E-06       -232.859      
              317.2E-06         -257.381      
              318.501E-06       -247.88       
              319.8E-06         -201.822      
              321.101E-06       -159.9        
              322.4E-06         -232.509      
              323.701E-06       -256.611      
              325.E-06          -270.263      
              326.301E-06       -267.507      
              327.6E-06         -274.318      
              328.901E-06       -286.463      
              330.2E-06         -277.708      
              331.501E-06       -162.644      
              332.8E-06         -223.541      
              334.101E-06       -208.424      
              335.401E-06       -233.89       
              336.701E-06       -285.381      
              338.001E-06       -170.915      
              339.301E-06       -267.241      
              340.601E-06       -278.091      
              341.9E-06         -226.718      
              343.201E-06       -223.498      
              344.5E-06         -238.075      
              345.801E-06       -336.385      
              347.1E-06         -296.973      
              348.401E-06       -269.812      
              349.7E-06         -311.18       
              351.001E-06       -265.62       
              352.3E-06         -266.361      
              353.601E-06       -161.037      
              354.9E-06         -292.864      
              356.201E-06       -280.114      
              357.5E-06         -282.038      
              358.8E-06         -268.072      
              360.101E-06       -234.251      
              361.4E-06         -135.665      
              362.701E-06       -180.153      
              364.E-06          -225.391      
              365.301E-06       -268.822      
              366.6E-06         -280.211      
              367.901E-06       -299.099      
              369.2E-06         -243.866      
              370.501E-06       -208.501      
              371.8E-06         -176.661      
              373.101E-06       -229.181      
              374.4E-06         -260.486      
              375.701E-06       -282.696      
              377.E-06          -298.069      
              378.301E-06       -223.526      
              379.601E-06       -254.593      
              380.901E-06       -185.632      
              382.201E-06       -251.15       
              383.501E-06       -306.9        
              384.801E-06       -293.115      
              386.1E-06         -308.121      
              387.401E-06       -311.693      
              388.7E-06         -284.686      
              390.001E-06       -345.597      
              391.3E-06         -293.445      
              392.601E-06       -316.619      
              393.9E-06         -322.682      
              395.201E-06       -310.992      
              396.5E-06         -311.896      
              397.801E-06       -314.688      
              399.1E-06         -317.992      
              400.401E-06       -244.266      
              401.7E-06         -189.67       
              403.001E-06       -267.309      
              404.3E-06         -278.739      
              405.601E-06       -292.148      
              406.9E-06         -296.017      
              408.201E-06       -316.215      
              409.5E-06         -230.284      
              410.801E-06       -299.376      
              412.1E-06         -336.567      
              413.401E-06       -279.368      
              414.7E-06         -300.616      
              416.001E-06       -324.82       
              417.3E-06         -284.176      
              418.601E-06       -273.298      
              419.9E-06         -294.101      
              421.201E-06       -281.414      
              422.501E-06       -310.712      
              423.801E-06       -294.667      
              425.101E-06       -307.351      
              426.401E-06       -304.741      
              427.701E-06       -241.549      
              429.E-06          -276.705      
              430.301E-06       -307.581      
              431.6E-06         -251.89       
              432.901E-06       -279.034      
              434.2E-06         -279.008      
              435.501E-06       -308.706      
              436.8E-06         -310.591      
              438.101E-06       -313.135      
              439.4E-06         -198.203      
              440.701E-06       -266.849      
              442.E-06          -285.459      
              443.301E-06       -287.077      
              444.6E-06         -293.717      
              445.901E-06       -269.981      
              447.2E-06         -291.862      
              448.501E-06       -282.887      
              449.8E-06         -307.054      
              451.101E-06       -306.983      
              452.4E-06         -288.825      
              453.701E-06       -205.796      
              455.E-06          -285.522      
              456.301E-06       -275.013      
              457.6E-06         -309.189      
              458.901E-06       -309.393      
              460.2E-06         -263.214      
              461.501E-06       -287.283      
              462.801E-06       -143.321      
              464.101E-06       -259.681      
              465.401E-06       -261.781      
              466.701E-06       -263.771      
              468.001E-06       -297.784      
              469.3E-06         -276.241      
              470.601E-06       -261.944      
              471.9E-06         -247.449      
              473.201E-06       -286.576      
              474.5E-06         -280.547      
              475.801E-06       -426.931      
              477.1E-06         -269.758      
              478.401E-06       -271.863      
              479.7E-06         -237.187      
              481.001E-06       -243.645      
              482.3E-06         -300.16       
              483.601E-06       -326.124      
              484.9E-06         -285.507      
              486.201E-06       -256.753      
              487.5E-06         -315.848      
              488.801E-06       -253.728      
              490.1E-06         -309.849      
              491.401E-06       -328.201      
              492.7E-06         -284.171      
              494.001E-06       -264.726      
              495.3E-06         -308.458      
              496.601E-06       -294.144      
              497.9E-06         -307.456      
              499.201E-06       -304.187      
              500.5E-06         -301.16       
              501.801E-06       -298.206      
              503.1E-06         -236.76       
              504.401E-06       -258.406      
              505.701E-06       -291.098      
              507.001E-06       -281.293      
              508.301E-06       -336.528      
              509.601E-06       -285.145      
              510.901E-06       -295.522      
              512.201E-06       -292.889      
              513.501E-06       -308.774      
              514.8E-06         -252.629      
              516.101E-06       -317.238      
              517.4E-06         -292.831      
              518.701E-06       -299.056      
              520.E-06          -284.387      
              521.301E-06       -313.333      
              522.6E-06         -290.38       
              523.901E-06       -296.832      
              525.2E-06         -299.992      
              526.501E-06       -300.452      
              527.8E-06         -292.051      
              529.101E-06       -321.876      
              530.4E-06         -310.218      
              531.701E-06       -321.701      
              533.E-06          -270.176      
              534.301E-06       -294.225      
              535.6E-06         -216.502      
              536.901E-06       -290.891      
              538.2E-06         -276.823      
              539.501E-06       -213.744      
              540.8E-06         -165.366      
              542.101E-06       -188.153      
              543.4E-06         -266.377      
              544.701E-06       -293.734      
              546.001E-06       -270.036      
              547.301E-06       -288.977      
              548.601E-06       -246.566      
              549.901E-06       -268.031      
              551.201E-06       -254.139      
              552.5E-06         -262.45       
              553.801E-06       -265.394      
              555.1E-06         -307.106      
              556.401E-06       -256.062      
              557.7E-06         -291.959      
              559.001E-06       -311.366      
              560.3E-06         -310.716      
              561.601E-06       -251.623      
              562.9E-06         -302.741      
              564.201E-06       -289.384      
              565.5E-06         -280.83       
              566.801E-06       -297.555      
              568.1E-06         -353.386      
              569.401E-06       -267.202      
              570.7E-06         -257.944      
              572.001E-06       -293.259      
              573.3E-06         -170.201      
              574.601E-06       -247.652      
              575.9E-06         -281.196      
              577.201E-06       -255.864      
              578.5E-06         -262.335      
              579.801E-06       -268.929      
              581.1E-06         -296.149      
              582.401E-06       -283.036      
              583.7E-06         -305.646      
              585.001E-06       -229.058      
              586.3E-06         -293.854      
              587.601E-06       -280.474      
              588.901E-06       -286.882      
              590.201E-06       -283.107      
              591.501E-06       -299.154      
              592.8E-06         -299.556      
              594.101E-06       -258.825      
              595.4E-06         -302.767      
              596.701E-06       -163.372      
              598.E-06          -244.401      
              599.301E-06       -260.215      
              600.6E-06         -313.804      
              601.901E-06       -243.592      
              603.2E-06         -258.106      
              604.501E-06       -292.055      
              605.8E-06         -312.537      
              607.101E-06       -289.477      
              608.4E-06         -289.931      
              609.701E-06       -256.066      
              611.E-06          -302.582      
              612.301E-06       -306.957      
              613.6E-06         -192.314      
              614.901E-06       -252.308      
              616.2E-06         -259.753      
              617.501E-06       -286.71       
              618.8E-06         -277.488      
              620.101E-06       -300.199      
              621.4E-06         -296.344      
              622.701E-06       -314.273      
              624.E-06          -295.754      
              625.301E-06       -287.568      
              626.6E-06         -300.011      
              627.901E-06       -286.077      
              629.201E-06       -323.021      
              630.501E-06       -291.684      
              631.801E-06       -298.556      
              633.101E-06       -203.002      
              634.401E-06       -304.857      
              635.7E-06         -282.74       
              637.001E-06       -295.794      
              638.3E-06         -293.068      
              639.601E-06       -256.951      
              640.9E-06         -303.779      
              642.201E-06       -291.553      
              643.5E-06         -304.23       
              644.801E-06       -261.176      
              646.1E-06         -278.577      
              647.401E-06       -300.008      
              648.7E-06         -287.798      
              650.001E-06       -258.794      
              651.3E-06         -293.826      
              652.601E-06       -242.948      
              653.9E-06         -267.616      
              655.201E-06       -295.243      
              656.5E-06         -296.05       
              657.801E-06       -308.659      
              659.1E-06         -295.749      
              660.401E-06       -282.813      
              661.7E-06         -293.149      
              663.001E-06       -313.833      
              664.3E-06         -278.788      
              665.601E-06       -287.29       
              666.9E-06         -282.842      
              668.201E-06       -296.656      
              669.5E-06         -302.946      
              670.801E-06       -178.886      
              672.101E-06       -203.959      
              673.401E-06       -194.74       
              674.701E-06       -235.369      
              676.E-06          -221.993      
              677.301E-06       -280.814      
              678.6E-06         -264.957      
              679.901E-06       -264.664      
              681.2E-06         -303.845      
              682.501E-06       -273.54       
              683.8E-06         -281.029      
              685.101E-06       -282.757      
              686.4E-06         -295.516      
              687.701E-06       -194.629      
              689.E-06          -272.616      
              690.301E-06       -326.361      
              691.6E-06         -283.515      
              692.901E-06       -333.061      
              694.2E-06         -284.068      
              695.501E-06       -296.997      
              696.8E-06         -305.917      
              698.101E-06       -333.062      
              699.4E-06         -236.924      
              700.701E-06       -245.002      
              702.E-06          -261.713      
              703.301E-06       -303.418      
              704.6E-06         -280.885      
              705.901E-06       -304.429      
              707.2E-06         -220.775      
              708.501E-06       -283.5        
              709.8E-06         -292.743      
              711.101E-06       -298.523      
              712.401E-06       -284.203      
              713.701E-06       -247.819      
              715.001E-06       -282.52       
              716.3E-06         -309.781      
              717.601E-06       -277.554      
              718.9E-06         -287.959      
              720.201E-06       -277.847      
              721.5E-06         -272.159      
              722.801E-06       -134.448      
              724.1E-06         -230.538      
              725.401E-06       -306.138      
              726.7E-06         -278.375      
              728.001E-06       -299.762      
              729.3E-06         -107.052      
              730.601E-06       -259.         
              731.9E-06         -256.817      
              733.201E-06       -216.968      
              734.5E-06         -314.44       
              735.801E-06       -274.919      
              737.1E-06         -300.036      
              738.401E-06       -270.863      
              739.7E-06         -300.614      
              741.001E-06       -314.979      
              742.3E-06         -268.829      
              743.601E-06       -273.013      
              744.9E-06         -302.323      
              746.201E-06       -291.984      
              747.5E-06         -299.198      
              748.801E-06       -247.111      
              750.1E-06         -281.119      
              751.401E-06       -316.013      
              752.701E-06       -285.943      
              754.001E-06       -277.946      
              755.301E-06       -281.252      
              756.601E-06       -304.185      
              757.901E-06       -267.807      
              759.201E-06       -235.164      
              760.501E-06       -294.509      
              761.8E-06         -306.029      
              763.101E-06       -302.215      
              764.4E-06         -294.034      
              765.701E-06       -286.332      
              767.E-06          -278.943      
              768.301E-06       -281.677      
              769.6E-06         -306.25       
              770.901E-06       -295.621      
              772.2E-06         -222.962      
              773.501E-06       -209.098      
              774.8E-06         -287.044      
              776.101E-06       -296.035      
              777.4E-06         -216.447      
              778.701E-06       -235.663      
              780.E-06          -256.318      
              781.301E-06       -280.181      
              782.6E-06         -221.007      
              783.901E-06       -280.669      
              785.2E-06         -257.171      
              786.501E-06       -300.454      
              787.8E-06         -269.437      
              789.101E-06       -298.356      
              790.4E-06         -320.683      
              791.701E-06       -239.894      
              793.E-06          -308.772      
              794.301E-06       -278.078      
              795.601E-06       -326.604      
              796.901E-06       -261.219      
              798.201E-06       -297.537      
              799.501E-06       -276.189      
              800.801E-06       -301.633      
              802.1E-06         -292.842      
              803.401E-06       -277.217      
              804.7E-06         -241.144      
              806.001E-06       -303.474      
              807.3E-06         -212.226      
              808.601E-06       -191.943      
              809.9E-06         -211.608      
              811.201E-06       -235.063      
              812.5E-06         -234.458      
              813.801E-06       -246.982      
              815.1E-06         -299.771      
              816.401E-06       -275.796      
              817.7E-06         -283.763      
              819.001E-06       -278.344      
              820.3E-06         -293.669      
              821.601E-06       -253.084      
              822.9E-06         -278.376      
              824.201E-06       -226.471      
              825.5E-06         -310.069      
              826.801E-06       -261.812      
              828.1E-06         -263.421      
              829.401E-06       -290.507      
              830.7E-06         -251.032      
              832.001E-06       -293.808      
              833.3E-06         -281.71       
              834.601E-06       -283.946      
              835.901E-06       -265.842      
              837.201E-06       -245.753      
              838.501E-06       -269.526      
              839.801E-06       -299.216      
              841.101E-06       -136.298      
              842.401E-06       -265.991      
              843.701E-06       -268.321      
              845.E-06          -249.699      
              846.301E-06       -258.93       
              847.6E-06         -277.083      
              848.901E-06       -293.548      
              850.2E-06         -248.081      
              851.501E-06       -283.475      
              852.8E-06         -265.089      
              854.101E-06       -285.675      
              855.4E-06         -182.815      
              856.701E-06       -254.712      
              858.E-06          -273.946      
              859.301E-06       -287.557      
              860.6E-06         -271.897      
              861.901E-06       -255.088      
              863.2E-06         -274.654      
              864.501E-06       -287.328      
              865.8E-06         -278.019      
              867.101E-06       -240.865      
              868.4E-06         -274.649      
              869.701E-06       -276.419      
              871.E-06          -235.966      
              872.301E-06       -253.503      
              873.6E-06         -286.182      
              874.901E-06       -266.391      
              876.2E-06         -270.49       
              877.501E-06       -272.442      
              878.801E-06       -249.128      
              880.101E-06       -282.748      
              881.401E-06       -285.515      
              882.701E-06       -246.314      
              884.001E-06       -254.151      
              885.3E-06         -281.783      
              886.601E-06       -279.772      
              887.9E-06         -288.84       
              889.201E-06       -259.311      
              890.5E-06         -276.061      
              891.801E-06       -294.6        
              893.1E-06         -278.193      
              894.401E-06       -341.294      
              895.7E-06         -323.         
              897.001E-06       -155.884      
              898.3E-06         -237.504      
              899.601E-06       -177.225      
              900.9E-06         -207.12       
              902.201E-06       -221.512      
              903.5E-06         -127.733      
              904.801E-06       -161.68       
              906.1E-06         -150.745      
              907.401E-06       -224.494      
              908.7E-06         -219.927      
              910.001E-06       -250.614      
              911.3E-06         -209.352      
              912.601E-06       -227.922      
              913.9E-06         -195.72       
              915.201E-06       -220.468      
              916.5E-06         -267.484      
              917.801E-06       -304.905      
              919.101E-06       -259.033      
              920.401E-06       -210.276      
              921.701E-06       -246.255      
              923.E-06          -283.806      
              924.301E-06       -269.286      
              925.6E-06         -273.602      
              926.901E-06       -272.32       
              928.2E-06         -250.309      
              929.501E-06       -204.468      
              930.8E-06         -279.558      
              932.101E-06       -271.609      
              933.4E-06         -278.528      
              934.701E-06       -294.813      
              936.E-06          -277.306      
              937.301E-06       -174.109      
              938.6E-06         -267.235      
              939.901E-06       -296.33       
              941.2E-06         -305.324      
              942.501E-06       -278.361      
              943.8E-06         -229.211      
              945.101E-06       -280.81       
              946.4E-06         -268.134      
              947.701E-06       -220.785      
              949.E-06          -290.161      
              950.301E-06       -255.212      
              951.6E-06         -248.401      
              952.901E-06       -272.307      
              954.2E-06         -266.174      
              955.501E-06       -266.396      
              956.8E-06         -292.652      
              958.101E-06       -283.072      
              959.401E-06       -218.803      
              960.701E-06       -275.778      
              962.001E-06       -277.237      
              963.301E-06       -285.745      
              964.601E-06       -274.89       
              965.9E-06         -259.808      
              967.201E-06       -259.225      
              968.5E-06         -307.517      
              969.801E-06       -281.992      
              971.1E-06         -289.691      
              972.401E-06       -288.255      
              973.7E-06         -231.555      
              975.001E-06       -260.208      
              976.3E-06         -259.348      
              977.6E-06         -286.891      
              978.901E-06       -338.153      
              980.201E-06       -282.081      
              981.5E-06         -291.509      
              982.801E-06       -225.439      
              984.101E-06       -235.125      
              985.4E-06         -288.11       
              986.701E-06       -331.185      
              988.001E-06       -275.839      
              989.3E-06         -380.081      
              990.6E-06         -278.017      
              991.901E-06       -230.161      
              993.2E-06         -323.103      
              994.5E-06         -295.192      
              995.801E-06       -216.808      
              997.101E-06       -259.603      
              998.4E-06         -238.532      
              999.701E-06       -286.546      
                1.001E-03       -279.172      
                1.0023E-03      -309.207      
                1.0036E-03      -218.492      
                1.0049E-03      -248.04       
                1.0062E-03      -288.917      
                1.0075E-03      -303.082      
                1.0088E-03      -296.336      
                1.0101E-03      -224.563      
                1.0114E-03      -260.254      
                1.0127E-03      -196.039      
                1.014E-03       -283.588      
                1.0153E-03      -292.322      
                1.0166E-03      -267.208      
                1.0179E-03      -254.148      
                1.0192E-03      -254.317      
                1.0205E-03      -266.926      
                1.0218E-03      -290.439      
                1.0231E-03      -136.727      
                1.0244E-03      -290.198      
                1.0257E-03      -253.044      
                1.027E-03       -336.385      
                1.0283E-03      -257.13       
                1.0296E-03      -227.777      
                1.0309E-03      -289.885      
                1.0322E-03      -274.663      
                1.0335E-03      -280.794      
                1.0348E-03      -280.81       
                1.0361E-03      -274.626      
                1.0374E-03      -227.9        
                1.0387E-03      -286.27       
                1.04E-03        -302.816      
                1.0413E-03      -238.66       
                1.0426E-03      -290.651      
                1.0439E-03      -253.741      
                1.0452E-03      -229.127      
                1.0465E-03      -287.415      
                1.0478E-03      -279.886      
                1.0491E-03      -273.466      
                1.0504E-03      -302.533      
                1.0517E-03      -181.185      
                1.053E-03       -248.037      
                1.0543E-03      -243.765      
                1.0556E-03      -186.27       
                1.0569E-03      -259.872      
                1.0582E-03      -262.022      
                1.0595E-03      -313.12       
                1.0608E-03      -278.202      
                1.0621E-03      -281.478      
                1.0634E-03      -285.614      
                1.0647E-03      -212.191      
                1.066E-03       -263.351      
                1.0673E-03      -264.863      
                1.0686E-03      -285.808      
                1.0699E-03      -291.298      
                1.0712E-03      -288.638      
                1.0725E-03      -238.295      
                1.0738E-03      -239.547      
                1.0751E-03      -222.96       
                1.0764E-03      -271.589      
                1.0777E-03      -238.471      
                1.079E-03       -261.166      
                1.0803E-03      -168.395      
                1.0816E-03      -335.71       
                1.0829E-03      -273.207      
                1.0842E-03      -303.181      
                1.0855E-03      -293.047      
                1.0868E-03      -276.444      
                1.0881E-03      -302.431      
                1.0894E-03      -270.998      
                1.0907E-03      -286.046      
                1.092E-03       -146.647      
                1.0933E-03      -255.007      
                1.0946E-03      -269.987      
                1.0959E-03      -280.072      
                1.0972E-03      -273.793      
                1.0985E-03      -259.478      
                1.0998E-03      -360.549      
                1.1011E-03      -198.115      
                1.1024E-03      -249.053      
                1.1037E-03      -263.831      
                1.105E-03       -244.074      
                1.1063E-03      -284.095      
                1.1076E-03      -218.848      
                1.1089E-03      -265.843      
                1.1102E-03      -250.619      
                1.1115E-03      -305.123      
                1.1128E-03      -225.236      
                1.1141E-03      -224.864      
                1.1154E-03      -307.109      
                1.1167E-03      -332.912      
                1.118E-03       -346.367      
                1.1193E-03      -299.572      
                1.1206E-03      -104.706      
                1.1219E-03      -204.982      
                1.1232E-03      -155.537      
                1.1245E-03      -241.97       
                1.1258E-03      -238.508      
                1.1271E-03      -136.399      
                1.1284E-03      -226.175      
                1.1297E-03      -237.44       
                1.131E-03       -287.836      
                1.1323E-03      -173.476      
                1.1336E-03      -186.087      
                1.1349E-03      -246.837      
                1.1362E-03      -256.724      
                1.1375E-03      -304.898      
                1.1388E-03      -270.006      
                1.1401E-03      -271.207      
                1.1414E-03      -189.731      
                1.1427E-03      -223.088      
                1.144E-03       -271.665      
                1.1453E-03      -273.089      
                1.1466E-03      -274.415      
                1.1479E-03      -279.245      
                1.1492E-03      -274.611      
                1.1505E-03      -281.198      
                1.1518E-03      -279.823      
                1.1531E-03      -253.841      
                1.1544E-03      -280.892      
                1.1557E-03      -301.372      
                1.157E-03       -301.698      
                1.1583E-03      -177.683      
                1.1596E-03      -263.185      
                1.1609E-03      -242.428      
                1.1622E-03      -285.02       
                1.1635E-03      -267.053      
                1.1648E-03      -313.527      
                1.1661E-03      -322.626      
                1.1674E-03      -298.879      
                1.1687E-03      -282.162      
                1.17E-03        -239.634      
                1.1713E-03      -265.621      
                1.1726E-03      -321.986      
                1.1739E-03      -265.082      
                1.1752E-03      -227.189      
                1.1765E-03      -229.246      
                1.1778E-03      -270.035      
                1.1791E-03      -274.587      
                1.1804E-03      -331.962      
                1.1817E-03      -172.996      
                1.183E-03       -267.118      
                1.1843E-03      -212.888      
                1.1856E-03      -294.005      
                1.1869E-03      -276.025      
                1.1882E-03      -246.694      
                1.1895E-03      -235.308      
                1.1908E-03      -310.832      
                1.1921E-03      -292.424      
                1.1934E-03      -296.995      
                1.1947E-03      -220.216      
                1.196E-03       -268.558      
                1.1973E-03      -287.527      
                1.1986E-03      -296.682      
                1.1999E-03      -166.952      
                1.2012E-03      -250.059      
                1.2025E-03      -255.285      
                1.2038E-03      -274.301      
                1.2051E-03      -217.585      
                1.2064E-03      -228.451      
                1.2077E-03      -273.532      
                1.209E-03       -263.445      
                1.2103E-03      -236.1        
                1.2116E-03      -241.137      
                1.2129E-03      -260.255      
                1.2142E-03      -261.79       
                1.2155E-03      -280.465      
                1.2168E-03      -242.259      
                1.2181E-03      -282.787      
                1.2194E-03      -276.209      
                1.2207E-03      -206.917      
                1.222E-03       -267.452      
                1.2233E-03      -259.613      
                1.2246E-03      -283.113      
                1.2259E-03      -285.96       
                1.2272E-03      -231.762      
                1.2285E-03      -291.011      
                1.2298E-03      -254.395      
                1.2311E-03      -280.536      
                1.2324E-03      -291.893      
                1.2337E-03      -270.182      
                1.235E-03       -242.313      
                1.2363E-03      -256.703      
                1.2376E-03      -278.421      
                1.2389E-03      -298.344      
                1.2402E-03      -277.623      
                1.2415E-03      -219.918      
                1.2428E-03      -255.844      
                1.2441E-03      -278.343      
                1.2454E-03      -272.218      
                1.2467E-03      -252.989      
                1.248E-03       -302.157      
                1.2493E-03      -261.674      
                1.2506E-03      -272.99       
                1.2519E-03      -286.157      
                1.2532E-03      -278.744      
                1.2545E-03      -184.345      
                1.2558E-03      -234.255      
                1.2571E-03      -260.454      
                1.2584E-03      -272.447      
                1.2597E-03      -263.618      
                1.261E-03       -128.1        
                1.2623E-03      -233.095      
                1.2636E-03      -241.629      
                1.2649E-03      -290.191      
                1.2662E-03      -288.12       
                1.2675E-03      -223.539      
                1.2688E-03      -218.02       
                1.2701E-03      -256.85       
                1.2714E-03      -291.838      
                1.2727E-03      -275.428      
                1.274E-03       -246.935      
                1.2753E-03      -265.416      
                1.2766E-03      -270.899      
                1.2779E-03      -287.925      
                1.2792E-03      -293.191      
                1.2805E-03      -202.527      
                1.2818E-03      -221.169      
                1.2831E-03      -251.578      
                1.2844E-03      -246.588      
                1.2857E-03      -286.502      
                1.287E-03       -293.966      
                1.2883E-03      -227.137      
                1.2896E-03      -226.139      
                1.2909E-03      -269.141      
                1.2922E-03      -278.637      
                1.2935E-03      -229.749      
                1.2948E-03      -214.006      
                1.2961E-03      -256.535      
                1.2974E-03      -271.514      
                1.2987E-03      -283.496      
                1.3E-03         -245.352      
                1.3013E-03      -234.159      
                1.3026E-03      -272.638      
                1.3039E-03      -276.08       
                1.3052E-03      -269.849      
                1.3065E-03      -286.704      
                1.3078E-03      -216.075      
                1.3091E-03      -241.309      
                1.3104E-03      -247.186      
                1.3117E-03      -213.082      
                1.313E-03       -313.955      
                1.3143E-03      -216.218      
                1.3156E-03      -256.13       
                1.3169E-03      -243.783      
                1.3182E-03      -265.273      
                1.3195E-03      -244.326      
                1.3208E-03      -234.024      
                1.3221E-03      -232.866      
                1.3234E-03      -262.38       
                1.3247E-03      -254.96       
                1.326E-03       -264.393      
                1.3273E-03      -260.348      
                1.3286E-03      -220.355      
                1.3299E-03      -286.247      
                1.3312E-03      -252.944      
                1.3325E-03      -242.08       
                1.3338E-03      -249.466      
                1.3351E-03      -255.536      
                1.3364E-03      -242.32       
                1.3377E-03      -278.984      
                1.339E-03       -252.743      
                1.3403E-03      -267.543      
                1.3416E-03      -250.204      
                1.3429E-03      -239.093      
                1.3442E-03      -272.716      
                1.3455E-03      -185.652      
                1.3468E-03      -224.903      
                1.3481E-03      -256.426      
                1.3494E-03      -284.916      
                1.3507E-03      -222.012      
                1.352E-03       -242.8        
                1.3533E-03      -274.372      
                1.3546E-03      -242.989      
                1.3559E-03      -250.842      
                1.3572E-03      -228.581      
                1.3585E-03      -245.097      
                1.3598E-03      -203.467      
                1.3611E-03      -229.586      
                1.3624E-03      -248.399      
                1.3637E-03      -252.668      
                1.365E-03       -201.652      
                1.3663E-03      -201.832      
                1.3676E-03      -212.61       
                1.3689E-03      -229.291      
                1.3702E-03      -234.657      
                1.3715E-03      -289.325      
                1.3728E-03      -231.072      
                1.3741E-03      -196.479      
                1.3754E-03      -246.837      
                1.3767E-03      -276.763      
                1.378E-03       -198.99       
                1.3793E-03      -181.615      
                1.3806E-03      -161.14       
                1.3819E-03      -211.61       
                1.3832E-03      -263.336      
                1.3845E-03      -265.026      
                1.3858E-03      -247.826      
                1.3871E-03      -219.327      
                1.3884E-03      -254.335      
                1.3897E-03      -265.014      
                1.391E-03       -269.12       
                1.3923E-03      -228.888      
                1.3936E-03      -206.793      
                1.3949E-03      -223.903      
                1.3962E-03      -205.667      
                1.3975E-03      -257.351      
                1.3988E-03      -262.322      
                1.4001E-03      -122.669      
                1.4014E-03      -283.988      
                1.4027E-03      -230.905      
                1.404E-03       -259.631      
                1.4053E-03      -347.661      
                1.4066E-03      -239.395      
                1.4079E-03      -227.628      
                1.4092E-03      -256.659      
                1.4105E-03      -252.721      
                1.4118E-03      -231.087      
                1.4131E-03      -241.532      
                1.4144E-03      -213.679      
                1.4157E-03      -262.787      
                1.417E-03       -261.064      
                1.4183E-03      -255.21       
                1.4196E-03      -254.466      
                1.4209E-03      -274.895      
                1.4222E-03      -197.504      
                1.4235E-03      -248.639      
                1.4248E-03      -227.266      
                1.4261E-03      -216.91       
                1.4274E-03      -239.44       
                1.4287E-03      -235.559      
                1.43E-03        -249.412      
                1.4313E-03      -222.724      
                1.4326E-03      -258.479      
                1.4339E-03      -253.527      
                1.4352E-03      -247.85       
                1.4365E-03      -256.757      
                1.4378E-03      -259.416      
                1.4391E-03      -263.217      
                1.4404E-03      -230.678      
                1.4417E-03      -266.489      
                1.443E-03       -246.866      
                1.4443E-03      -262.611      
                1.4456E-03      -261.251      
                1.4469E-03      -152.058      
                1.4482E-03      -165.183      
                1.4495E-03      -182.412      
                1.4508E-03      -239.713      
                1.4521E-03      -229.094      
                1.4534E-03      -265.321      
                1.4547E-03      -236.562      
                1.456E-03       -271.334      
                1.4573E-03      -223.117      
                1.4586E-03      -257.096      
                1.4599E-03      -159.776      
                1.4612E-03      -262.027      
                1.4625E-03      -272.15       
                1.4638E-03      -259.331      
                1.4651E-03      -272.724      
                1.4664E-03      -222.781      
                1.4677E-03      -219.552      
                1.469E-03       -162.801      
                1.4703E-03      -264.346      
                1.4716E-03      -270.343      
                1.4729E-03      -286.327      
                1.4742E-03      -175.817      
                1.4755E-03      -256.035      
                1.4768E-03      -225.043      
                1.4781E-03      -262.211      
                1.4794E-03      -260.047      
                1.4807E-03      -253.63       
                1.482E-03       -265.092      
                1.4833E-03      -257.383      
                1.4846E-03      -184.302      
                1.4859E-03      -278.075      
                1.4872E-03      -276.366      
                1.4885E-03      -235.609      
                1.4898E-03      -242.096      
                1.4911E-03      -247.455      
                1.4924E-03      -251.483      
                1.4937E-03      -229.837      
                1.495E-03       -242.553      
                1.4963E-03      -261.237      
                1.4976E-03      -234.838      
                1.4989E-03      -243.015      
                1.5002E-03      -255.682      
                1.5015E-03      -235.839      
                1.5028E-03      -163.487      
                1.5041E-03      -280.723      
                1.5054E-03      -261.785      
                1.5067E-03      -251.995      
                1.508E-03       -247.024      
                1.5093E-03      -260.564      
                1.5106E-03      -259.45       
                1.5119E-03      -255.386      
                1.5132E-03      -249.477      
                1.5145E-03      -255.348      
                1.5158E-03      -273.513      
                1.5171E-03      -231.02       
                1.5184E-03      -258.213      
                1.5197E-03      -270.817      
                1.521E-03       -238.548      
                1.5223E-03      -250.972      
                1.5236E-03      -190.458      
                1.5249E-03      -258.69       
                1.5262E-03      -273.414      
                1.5275E-03      -260.42       
                1.5288E-03      -257.849      
                1.5301E-03      -245.374      
                1.5314E-03      -264.693      
                1.5327E-03      -268.391      
                1.534E-03       -257.439      
                1.5353E-03      -205.423      
                1.5366E-03      -241.32       
                1.5379E-03      -269.076      
                1.5392E-03      -267.315      
                1.5405E-03      -174.633      
                1.5418E-03      -248.524      
                1.5431E-03      -259.591      
                1.5444E-03      -255.455      
                1.5457E-03      -272.305      
                1.547E-03       -272.091      
                1.5483E-03      -279.686      
                1.5496E-03      -261.482      
                1.5509E-03      -273.964      
                1.5522E-03      -277.263      
                1.5535E-03      -193.415      
                1.5548E-03      -255.325      
                1.5561E-03      -272.261      
                1.5574E-03      -267.007      
                1.5587E-03      -257.323      
                1.56E-03        -221.85       
                1.5613E-03      -260.513      
                1.5626E-03      -274.377      
                1.5639E-03      -273.438      
                1.5652E-03      -228.996      
                1.5665E-03      -281.448      
                1.5678E-03      -227.706      
                1.5691E-03      -262.436      
                1.5704E-03      -263.786      
                1.5717E-03      -207.414      
                1.573E-03       -242.19       
                1.5743E-03      -266.419      
                1.5756E-03      -261.212      
                1.5769E-03      -271.932      
                1.5782E-03      -222.559      
                1.5795E-03      -258.926      
                1.5808E-03      -276.534      
                1.5821E-03      -259.043      
                1.5834E-03      -265.721      
                1.5847E-03      -260.682      
                1.586E-03       -266.355      
                1.5873E-03      -264.713      
                1.5886E-03      -265.751      
                1.5899E-03      -218.968      
                1.5912E-03      -256.003      
                1.5925E-03      -230.261      
                1.5938E-03      -281.088      
                1.5951E-03      -271.375      
                1.5964E-03      -264.93       
                1.5977E-03      -257.378      
                1.599E-03       -248.98       
                1.6003E-03      -262.499      
                1.6016E-03      -251.832      
                1.6029E-03      -285.577      
                1.6042E-03      -238.061      
                1.6055E-03      -263.791      
                1.6068E-03      -255.225      
                1.6081E-03      -260.099      
                1.6094E-03      -276.254      
                1.6107E-03      -250.799      
                1.612E-03       -254.163      
                1.6133E-03      -248.78       
                1.6146E-03      -251.179      
                1.6159E-03      -273.675      
                1.6172E-03      -272.739      
                1.6185E-03      -262.249      
                1.6198E-03      -275.695      
                1.6211E-03      -268.113      
                1.6224E-03      -261.265      
                1.6237E-03      -221.262      
                1.625E-03       -261.806      
                1.6263E-03      -250.194      
                1.6276E-03      -261.711      
                1.6289E-03      -269.569      
                1.6302E-03      -257.854      
                1.6315E-03      -252.793      
                1.6328E-03      -243.506      
                1.6341E-03      -238.229      
                1.6354E-03      -257.625      
                1.6367E-03      -262.726      
                1.638E-03       -217.043      
                1.6393E-03      -265.408      
                1.6406E-03      -192.909      
                1.6419E-03      -249.431      
                1.6432E-03      -262.49       
                1.6445E-03      -258.803      
                1.6458E-03      -260.489      
                1.6471E-03      -251.459      
                1.6484E-03      -202.044      
                1.6497E-03      -259.302      
                1.651E-03       -248.348      
                1.6523E-03      -255.844      
                1.6536E-03      -240.231      
                1.6549E-03      -261.342      
                1.6562E-03      -278.443      
                1.6575E-03      -269.85       
                1.6588E-03      -251.591      
                1.6601E-03      -267.629      
                1.6614E-03      -245.64       
                1.6627E-03      -276.788      
                1.664E-03       -271.46       
                1.6653E-03      -271.37       
                1.6666E-03      -259.251      
                1.6679E-03      -238.709      
                1.6692E-03      -149.742      
                1.6705E-03      -235.466      
                1.6718E-03      -250.013      
                1.6731E-03      -254.77       
                1.6744E-03      -247.814      
                1.6757E-03      -235.951      
                1.677E-03       -270.804      
                1.6783E-03      -245.23       
                1.6796E-03      -253.665      
                1.6809E-03      -256.469      
                1.6822E-03      -218.7        
                1.6835E-03      -268.676      
                1.6848E-03      -257.234      
                1.6861E-03      -240.063      
                1.6874E-03      -260.04       
                1.6887E-03      -274.023      
                1.69E-03        -269.334      
                1.6913E-03      -255.814      
                1.6926E-03      -290.05       
                1.6939E-03      -259.052      
                1.6952E-03      -266.897      
                1.6965E-03      -254.494      
                1.6978E-03      -250.564      
                1.6991E-03      -237.346      
                1.7004E-03      -273.76       
                1.7017E-03      -249.623      
                1.703E-03       -258.699      
                1.7043E-03      -267.73       
                1.7056E-03      -264.923      
                1.7069E-03      -161.452      
                1.7082E-03      -249.023      
                1.7095E-03      -240.061      
                1.7108E-03      -258.355      
                1.7121E-03      -259.361      
                1.7134E-03      -209.682      
                1.7147E-03      -196.656      
                1.716E-03       -258.632      
                1.7173E-03      -247.765      
                1.7186E-03      -248.593      
                1.7199E-03      -242.784      
                1.7212E-03      -239.964      
                1.7225E-03      -260.56       
                1.7238E-03      -274.532      
                1.7251E-03      -253.9        
                1.7264E-03      -249.154      
                1.7277E-03      -247.334      
                1.729E-03       -193.099      
                1.7303E-03      -213.963      
                1.7316E-03      -254.973      
                1.7329E-03      -269.516      
                1.7342E-03      -274.741      
                1.7355E-03      -247.937      
                1.7368E-03      -270.76       
                1.7381E-03      -254.7        
                1.7394E-03      -264.411      
                1.7407E-03      -246.37       
                1.742E-03       -274.822      
                1.7433E-03      -221.665      
                1.7446E-03      -233.329      
                1.7459E-03      -272.804      
                1.7472E-03      -252.954      
                1.7485E-03      -264.995      
                1.7498E-03      -250.958      
                1.7511E-03      -256.248      
                1.7524E-03      -266.854      
                1.7537E-03      -252.278      
                1.755E-03       -265.641      
                1.7563E-03      -278.373      
                1.7576E-03      -263.33       
                1.7589E-03      -286.518      
                1.7602E-03      -192.823      
                1.7615E-03      -230.766      
                1.7628E-03      -268.437      
                1.7641E-03      -245.666      
                1.7654E-03      -278.534      
                1.7667E-03      -222.614      
                1.768E-03       -267.504      
                1.7693E-03      -276.879      
                1.7706E-03      -262.543      
                1.7719E-03      -273.46       
                1.7732E-03      -253.422      
                1.7745E-03      -168.312      
                1.7758E-03      -271.572      
                1.7771E-03      -261.928      
                1.7784E-03      -236.817      
                1.7797E-03      -259.68       
                1.781E-03       -277.717      
                1.7823E-03      -269.308      
                1.7836E-03      -301.626      
                1.7849E-03      -241.091      
                1.7862E-03      -263.275      
                1.7875E-03      -233.326      
                1.7888E-03      -250.258      
                1.7901E-03      -281.282      
                1.7914E-03      -215.991      
                1.7927E-03      -261.068      
                1.794E-03       -254.57       
                1.7953E-03      -255.186      
                1.7966E-03      -260.308      
                1.7979E-03      -256.963      
                1.7992E-03      -258.242      
                1.8005E-03      -272.053      
                1.8018E-03      -245.802      
                1.8031E-03      -271.157      
                1.8044E-03      -235.853      
                1.8057E-03      -264.733      
                1.807E-03       -248.506      
                1.8083E-03      -241.985      
                1.8096E-03      -235.6        
                1.8109E-03      -255.368      
                1.8122E-03      -271.446      
                1.8135E-03      -215.278      
                1.8148E-03      -264.703      
                1.8161E-03      -251.753      
                1.8174E-03      -263.661      
                1.8187E-03      -149.839      
                1.82E-03        -280.341      
                1.8213E-03      -238.091      
                1.8226E-03      -248.755      
                1.8239E-03      -246.144      
                1.8252E-03      -260.961      
                1.8265E-03      -220.291      
                1.8278E-03      -249.353      
                1.8291E-03      -268.511      
                1.8304E-03      -253.339      
                1.8317E-03      -263.295      
                1.833E-03       -236.679      
                1.8343E-03      -270.133      
                1.8356E-03      -253.963      
                1.8369E-03      -260.682      
                1.8382E-03      -171.335      
                1.8395E-03      -235.187      
                1.8408E-03      -254.873      
                1.8421E-03      -244.77       
                1.8434E-03      -273.496      
                1.8447E-03      -250.534      
                1.846E-03       -264.115      
                1.8473E-03      -235.508      
                1.8486E-03      -268.499      
                1.8499E-03      -255.399      
                1.8512E-03      -244.996      
                1.8525E-03      -204.526      
                1.8538E-03      -268.542      
                1.8551E-03      -278.558      
                1.8564E-03      -270.393      
                1.8577E-03      -269.971      
                1.859E-03       -269.214      
                1.8603E-03      -301.372      
                1.8616E-03      -238.407      
                1.8629E-03      -286.108      
                1.8642E-03      -245.641      
                1.8655E-03      -247.257      
                1.8668E-03      -218.467      
                1.8681E-03      -252.802      
                1.8694E-03      -268.321      
                1.8707E-03      -248.976      
                1.872E-03       -249.535      
                1.8733E-03      -236.245      
                1.8746E-03      -253.229      
                1.8759E-03      -254.113      
                1.8772E-03      -245.466      
                1.8785E-03      -255.033      
                1.8798E-03      -283.078      
                1.8811E-03      -260.098      
                1.8824E-03      -264.725      
                1.8837E-03      -234.838      
                1.885E-03       -264.26       
                1.8863E-03      -234.409      
                1.8876E-03      -267.475      
                1.8889E-03      -289.802      
                1.8902E-03      -296.213      
                1.8915E-03      -257.462      
                1.8928E-03      -240.037      
                1.8941E-03      -214.751      
                1.8954E-03      -227.909      
                1.8967E-03      -272.841      
                1.898E-03       -248.437      
                1.8993E-03      -255.37       
                1.9006E-03      -242.623      
                1.9019E-03      -238.812      
                1.9032E-03      -249.305      
                1.9045E-03      -227.147      
                1.9058E-03      -219.934      
                1.9071E-03      -218.24       
                1.9084E-03      -234.869      
                1.9097E-03      -266.053      
                1.911E-03       -262.215      
                1.9123E-03      -252.359      
                1.9136E-03      -245.901      
                1.9149E-03      -207.624      
                1.9162E-03      -290.232      
                1.9175E-03      -264.089      
                1.9188E-03      -243.068      
                1.9201E-03      -177.392      
                1.9214E-03      -237.116      
                1.9227E-03      -296.049      
                1.924E-03       -317.563      
                1.9253E-03      -221.677      
                1.9266E-03      -252.307      
                1.9279E-03      -260.479      
                1.9292E-03      -154.875      
                1.9305E-03      -285.083      
                1.9318E-03      -263.723      
                1.9331E-03      -284.353      
                1.9344E-03      -253.502      
                1.9357E-03      -253.292      
                1.937E-03       -253.509      
                1.9383E-03      -260.298      
                1.9396E-03      -279.038      
                1.9409E-03      -262.605      
                1.9422E-03      -271.086      
                1.9435E-03      -243.578      
                1.9448E-03      -272.694      
                1.9461E-03      -286.722      
                1.9474E-03      -309.473      
                1.9487E-03      -246.995      
                1.95E-03        -275.284      
                1.9513E-03      -251.83       
                1.9526E-03      -272.761      
                1.9539E-03      -253.234      
                1.9552E-03      -269.142      
                1.9565E-03      -244.673      
                1.9578E-03      -268.241      
                1.9591E-03      -260.886      
                1.9604E-03      -259.246      
                1.9617E-03      -258.546      
                1.963E-03       -274.893      
                1.9643E-03      -201.788      
                1.9656E-03      -270.692      
                1.9669E-03      -260.148      
                1.9682E-03      -271.935      
                1.9695E-03      -295.178      
                1.9708E-03      -293.318      
                1.9721E-03      -246.613      
                1.9734E-03      -249.921      
                1.9747E-03      -264.563      
                1.976E-03       -274.642      
                1.9773E-03      -228.119      
                1.9786E-03      -211.683      
                1.9799E-03      -252.823      
                1.9812E-03      -242.407      
                1.9825E-03      -256.172      
                1.9838E-03      -272.853      
                1.9851E-03      -278.455      
                1.9864E-03      -236.153      
                1.9877E-03      -287.782      
                1.989E-03       -265.561      
                1.9903E-03      -269.439      
                1.9916E-03      -195.548      
                1.9929E-03      -260.615      
                1.9942E-03      -249.311      
                1.9955E-03      -241.157      
                1.9968E-03      -257.404      
                1.9981E-03      -266.852      
                1.9994E-03      -261.648      
                2.0007E-03      -214.106      
                2.002E-03       -275.793      
                2.0033E-03      -255.458      
                2.0046E-03      -264.21       
                2.0059E-03      -259.794      
                2.0072E-03      -158.354      
                2.0085E-03      -279.667      
                2.0098E-03      -275.891      
                2.0111E-03      -268.784      
                2.0124E-03      -255.759      
                2.0137E-03      -277.957      
                2.015E-03       -193.249      
                2.0163E-03      -242.57       
                2.0176E-03      -291.408      
                2.0189E-03      -268.737      
                2.0202E-03      -272.599      
                2.0215E-03      -286.998      
                2.0228E-03      -269.448      
                2.0241E-03      -308.227      
                2.0254E-03      -268.903      
                2.0267E-03      -261.208      
                2.028E-03       -255.646      
                2.0293E-03      -271.437      
                2.0306E-03      -279.879      
                2.0319E-03      -279.732      
                2.0332E-03      -259.391      
                2.0345E-03      -242.354      
                2.0358E-03      -275.317      
                2.0371E-03      -269.445      
                2.0384E-03      -276.777      
                2.0397E-03      -270.889      
                2.041E-03       -277.462      
                2.0423E-03      -223.653      
                2.0436E-03      -276.739      
                2.0449E-03      -274.145      
                2.0462E-03      -238.782      
                2.0475E-03      -168.976      
                2.0488E-03      -266.047      
                2.0501E-03      -217.076      
                2.0514E-03      -266.211      
                2.0527E-03      -264.517      
                2.054E-03       -264.218      
                2.0553E-03      -211.132      
                2.0566E-03      -275.122      
                2.0579E-03      -249.432      
                2.0592E-03      -260.93       
                2.0605E-03      -283.889      
                2.0618E-03      -264.85       
                2.0631E-03      -263.684      
                2.0644E-03      -284.098      
                2.0657E-03      -210.441      
                2.067E-03       -279.452      
                2.0683E-03      -281.74       
                2.0696E-03      -227.341      
                2.0709E-03      -313.796      
                2.0722E-03      -289.85       
                2.0735E-03      -233.136      
                2.0748E-03      -279.448      
                2.0761E-03      -252.501      
                2.0774E-03      -269.484      
                2.0787E-03      -302.583      
                2.08E-03        -294.111      
                2.0813E-03      -279.303      
                2.0826E-03      -275.69       
                2.0839E-03      -166.857      
                2.0852E-03      -206.986      
                2.0865E-03      -234.871      
                2.0878E-03      -245.937      
                2.0891E-03      -278.215      
                2.0904E-03      -288.755      
                2.0917E-03      -239.107      
                2.093E-03       -237.645      
                2.0943E-03      -249.528      
                2.0956E-03      -167.856      
                2.0969E-03      -282.962      
                2.0982E-03      -253.209      
                2.0995E-03      -270.109      
                2.1008E-03      -241.566      
                2.1021E-03      -274.494      
                2.1034E-03      -259.641      
                2.1047E-03      -266.87       
                2.106E-03       -264.99       
                2.1073E-03      -263.459      
                2.1086E-03      -279.617      
                2.1099E-03      -265.227      
                2.1112E-03      -210.084      
                2.1125E-03      -280.898      
                2.1138E-03      -255.789      
                2.1151E-03      -259.419      
                2.1164E-03      -264.098      
                2.1177E-03      -239.118      
                2.119E-03       -273.565      
                2.1203E-03      -249.729      
                2.1216E-03      -268.211      
                2.1229E-03      -249.91       
                2.1242E-03      -250.877      
                2.1255E-03      -261.753      
                2.1268E-03      -250.788      
                2.1281E-03      -230.442      
                2.1294E-03      -274.916      
                2.1307E-03      -245.531      
                2.132E-03       -258.162      
                2.1333E-03      -230.009      
                2.1346E-03      -250.842      
                2.1359E-03      -201.151      
                2.1372E-03      -262.702      
                2.1385E-03      -244.913      
                2.1398E-03      -272.1        
                2.1411E-03      -259.488      
                2.1424E-03      -233.903      
                2.1437E-03      -265.397      
                2.145E-03       -253.981      
                2.1463E-03      -261.827      
                2.1476E-03      -249.246      
                2.1489E-03      -285.257      
                2.1502E-03      -262.681      
                2.1515E-03      -269.296      
                2.1528E-03      -269.856      
                2.1541E-03      -163.379      
                2.1554E-03      -248.239      
                2.1567E-03      -237.934      
                2.158E-03       -251.849      
                2.1593E-03      -266.667      
                2.1606E-03      -258.471      
                2.1619E-03      -264.369      
                2.1632E-03      -263.511      
                2.1645E-03      -252.21       
                2.1658E-03      -281.314      
                2.1671E-03      -230.625      
                2.1684E-03      -270.891      
                2.1697E-03      -220.199      
                2.171E-03       -247.571      
                2.1723E-03      -256.053      
                2.1736E-03      -265.544      
                2.1749E-03      -250.101      
                2.1762E-03      -239.305      
                2.1775E-03      -249.262      
                2.1788E-03      -243.497      
                2.1801E-03      -268.219      
                2.1814E-03      -272.876      
                2.1827E-03      -264.217      
                2.184E-03       -278.051      
                2.1853E-03      -271.357      
                2.1866E-03      -251.535      
                2.1879E-03      -245.687      
                2.1892E-03      -268.135      
                2.1905E-03      -256.073      
                2.1918E-03      -247.466      
                2.1931E-03      -255.302      
                2.1944E-03      -253.194      
                2.1957E-03      -199.245      
                2.197E-03       -261.992      
                2.1983E-03      -254.357      
                2.1996E-03      -263.522      
                2.2009E-03      -268.063      
                2.2022E-03      -263.664      
                2.2035E-03      -203.261      
                2.2048E-03      -264.107      
                2.2061E-03      -200.296      
                2.2074E-03      -250.176      
                2.2087E-03      -271.516      
                2.21E-03        -264.612      
                2.2113E-03      -232.811      
                2.2126E-03      -265.036      
                2.2139E-03      -264.109      
                2.2152E-03      -230.209      
                2.2165E-03      -197.173      
                2.2178E-03      -246.331      
                2.2191E-03      -213.881      
                2.2204E-03      -239.393      
                2.2217E-03      -247.245      
                2.223E-03       -261.178      
                2.2243E-03      -246.978      
                2.2256E-03      -257.684      
                2.2269E-03      -230.309      
                2.2282E-03      -252.004      
                2.2295E-03      -223.399      
                2.2308E-03      -198.261      
                2.2321E-03      -253.92       
                2.2334E-03      -263.042      
                2.2347E-03      -253.801      
                2.236E-03       -259.903      
                2.2373E-03      -233.936      
                2.2386E-03      -262.999      
                2.2399E-03      -253.01       
                2.2412E-03      -271.285      
                2.2425E-03      -259.712      
                2.2438E-03      -244.401      
                2.2451E-03      -253.673      
                2.2464E-03      -250.551      
                2.2477E-03      -248.644      
                2.249E-03       -252.67       
                2.2503E-03      -204.797      
                2.2516E-03      -259.479      
                2.2529E-03      -252.75       
                2.2542E-03      -248.492      
                2.2555E-03      -245.245      
                2.2568E-03      -249.04       
                2.2581E-03      -245.861      
                2.2594E-03      -247.687      
                2.2607E-03      -227.333      
                2.262E-03       -227.935      
                2.2633E-03      -236.787      
                2.2646E-03      -243.539      
                2.2659E-03      -173.502      
                2.2672E-03      -220.029      
                2.2685E-03      -270.346      
                2.2698E-03      -238.316      
                2.2711E-03      -239.056      
                2.2724E-03      -232.845      
                2.2737E-03      -207.693      
                2.275E-03       -120.065      
                2.2763E-03      -252.662      
                2.2776E-03      -196.587      
                2.2789E-03      -231.507      
                2.2802E-03      -168.788      
                2.2815E-03      -173.757      
                2.2828E-03      -159.651      
                2.2841E-03      -228.671      
                2.2854E-03      -243.534      
                2.2867E-03      -147.626      
                2.288E-03       -203.001      
                2.2893E-03      -214.629      
                2.2906E-03      -218.858      
                2.2919E-03      -188.216      
                2.2932E-03      -185.763      
                2.2945E-03      -227.39       
                2.2958E-03      -244.458      
                2.2971E-03      -142.705      
                2.2984E-03      -271.422      
                2.2997E-03      -195.24       
                2.301E-03       -240.359      
                2.3023E-03      -231.533      
                2.3036E-03      -230.562      
                2.3049E-03      -225.603      
                2.3062E-03      -233.785      
                2.3075E-03      -223.925      
                2.3088E-03      -233.564      
                2.3101E-03      -224.243      
                2.3114E-03      -231.726      
                2.3127E-03      -234.519      
                2.314E-03       -212.721      
                2.3153E-03      -237.258      
                2.3166E-03      -228.067      
                2.3179E-03      -217.077      
                2.3192E-03      -250.418      
                2.3205E-03      -180.195      
                2.3218E-03      -244.107      
                2.3231E-03      -215.739      
                2.3244E-03      -249.751      
                2.3257E-03      -234.325      
                2.327E-03       -216.55       
                2.3283E-03      -248.176      
                2.3296E-03      -215.273      
                2.3309E-03      -263.328      
                2.3322E-03      -221.765      
                2.3335E-03      -216.348      
                2.3348E-03      -208.071      
                2.3361E-03      -232.242      
                2.3374E-03      -207.236      
                2.3387E-03      -121.901      
                2.34E-03        -250.615      
                2.3413E-03      -218.849      
                2.3426E-03      -214.978      
                2.3439E-03      -212.683      
                2.3452E-03      -218.643      
                2.3465E-03      -222.622      
                2.3478E-03      -207.354      
                2.3491E-03      -207.315      
                2.3504E-03      -223.061      
                2.3517E-03      -220.695      
                2.353E-03       -200.457      
                2.3543E-03      -186.15       
                2.3556E-03      -223.884      
                2.3569E-03      -149.         
                2.3582E-03      -171.063      
                2.3595E-03      -136.789      
                2.3608E-03      -169.397      
                2.3621E-03      -165.898      
                2.3634E-03      -166.988      
                2.3647E-03      -190.731      
                2.366E-03       -180.976      
                2.3673E-03      -173.441      
                2.3686E-03      -183.162      
                2.3699E-03      -223.071      
                2.3712E-03      -231.015      
                2.3725E-03      -178.459      
                2.3738E-03      -209.218      
                2.3751E-03      -156.74       
                2.3764E-03      -210.723      
                2.3777E-03      -145.236      
                2.379E-03       -214.105      
                2.3803E-03      -198.297      
                2.3816E-03      -240.192      
                2.3829E-03      -186.709      
                2.3842E-03      -186.865      
                2.3855E-03      -189.684      
                2.3868E-03      -188.036      
                2.3881E-03      -183.382      
                2.3894E-03      -172.678      
                2.3907E-03      -179.669      
                2.392E-03       -183.203      
                2.3933E-03      -180.629      
                2.3946E-03      -190.625      
                2.3959E-03      -164.559      
                2.3972E-03      -121.906      
                2.3985E-03      -182.004      
                2.3998E-03      -187.147      
                2.4011E-03      -184.288      
                2.4024E-03      -192.398      
                2.4037E-03      -144.243      
                2.405E-03       -108.05       
                2.4063E-03      -166.059      
                2.4076E-03      -183.54       
                2.4089E-03      -169.526      
                2.4102E-03      -173.567      
                2.4115E-03      -171.134      
                2.4128E-03      -159.683      
                2.4141E-03      -143.851      
                2.4154E-03      -165.774      
                2.4167E-03      -150.707      
                2.418E-03       -174.655      
                2.4193E-03      -179.593      
                2.4206E-03      -171.605      
                2.4219E-03      -174.924      
                2.4232E-03      -210.622      
                2.4245E-03      -171.846      
                2.4258E-03      -165.758      
                2.4271E-03      -144.257      
                2.4284E-03      -180.281      
                2.4297E-03      -135.997      
                2.431E-03       -161.879      
                2.4323E-03      -164.14       
                2.4336E-03      -164.801      
                2.4349E-03      -168.093      
                2.4362E-03      -152.184      
                2.4375E-03      -162.974      
                2.4388E-03      -173.533      
                2.4401E-03      -167.223      
                2.4414E-03      -153.775      
                2.4427E-03      -166.72       
                2.444E-03       -163.957      
                2.4453E-03      -144.4        
                2.4466E-03      -136.553      
                2.4479E-03      -152.291      
                2.4492E-03      -139.298      
                2.4505E-03      -124.868      
                2.4518E-03      -142.524      
                2.4531E-03      -164.572      
                2.4544E-03      -125.47       
                2.4557E-03      -123.826      
                2.457E-03       -134.361      
                2.4583E-03      -135.127      
                2.4596E-03      -167.845      
                2.4609E-03      -146.963      
                2.4622E-03       -68.4397     
                2.4635E-03      -148.113      
                2.4648E-03      -149.384      
                2.4661E-03      -131.319      
                2.4674E-03      -147.528      
                2.4687E-03      -132.88       
                2.47E-03        -124.543      
                2.4713E-03      -141.915      
                2.4726E-03      -130.956      
                2.4739E-03      -119.367      
                2.4752E-03      -147.597      
                2.4765E-03      -125.356      
                2.4778E-03      -136.484      
                2.4791E-03      -115.838      
                2.4804E-03      -136.304      
                2.4817E-03      -138.358      
                2.483E-03       -135.295      
                2.4843E-03      -133.737      
                2.4856E-03      -129.824      
                2.4869E-03      -139.522      
                2.4882E-03      -135.038      
                2.4895E-03      -146.971      
                2.4908E-03      -131.378      
                2.4921E-03      -149.805      
                2.4934E-03      -138.818      
                2.4947E-03      -126.661      
                2.496E-03        -70.2305     
                2.4973E-03      -134.048      
                2.4986E-03      -128.049      
                2.4999E-03      -123.035      
                2.5012E-03      -129.862      
                2.5025E-03      -124.231      
                2.5038E-03      -128.143      
                2.5051E-03       -60.047      
                2.5064E-03      -128.81       
                2.5077E-03      -101.388      
                2.509E-03       -137.829      
                2.5103E-03      -126.153      
                2.5116E-03      -108.587      
                2.5129E-03      -109.285      
                2.5142E-03      -111.817      
                2.5155E-03       -83.7388     
                2.5168E-03       -96.1876     
                2.5181E-03      -114.603      
                2.5194E-03       -85.461      
                2.5207E-03      -116.041      
                2.522E-03        -93.4966     
                2.5233E-03      -108.733      
                2.5246E-03      -116.351      
                2.5259E-03       -96.1297     
                2.5272E-03      -118.895      
                2.5285E-03       -32.4315     
                2.5298E-03      -108.585      
                2.5311E-03       -92.7191     
                2.5324E-03      -106.542      
                2.5337E-03       -99.4139     
                2.535E-03       -114.152      
                2.5363E-03      -116.812      
                2.5376E-03       -97.167      
                2.5389E-03      -122.94       
                2.5402E-03      -137.224      
                2.5415E-03       -81.8576     
                2.5428E-03      -114.197      
                2.5441E-03      -105.26       
                2.5454E-03      -116.864      
                2.5467E-03       -97.028      
                2.548E-03       -102.605      
                2.5493E-03       -97.0185     
                2.5506E-03      -106.443      
                2.5519E-03       -99.8639     
                2.5532E-03      -112.846      
                2.5545E-03      -101.589      
                2.5558E-03       -95.9509     
                2.5571E-03      -106.087      
                2.5584E-03       -66.5619     
                2.5597E-03       -93.2317     
                2.561E-03       -106.015      
                2.5623E-03      -103.524      
                2.5636E-03      -118.584      
                2.5649E-03      -100.828      
                2.5662E-03      -110.215      
                2.5675E-03      -103.986      
                2.5688E-03      -106.374      
                2.5701E-03      -106.946      
                2.5714E-03       -83.6468     
                2.5727E-03       -90.3913     
                2.574E-03        -91.6064     
                2.5753E-03      -102.861      
                2.5766E-03      -101.444      
                2.5779E-03       -78.8837     
                2.5792E-03       -94.9848     
                2.5805E-03       -87.2336     
                2.5818E-03       -97.8314     
                2.5831E-03       -93.6836     
                2.5844E-03       -97.414      
                2.5857E-03       -98.5783     
                2.587E-03        -88.889      
                2.5883E-03       -87.8812     
                2.5896E-03       -71.5053     
                2.5909E-03       -84.9561     
                2.5922E-03       -80.6695     
                2.5935E-03       -72.4823     
                2.5948E-03       -86.8596     
                2.5961E-03       -89.65       
                2.5974E-03      -107.         
                2.5987E-03       -82.1783     
                2.6E-03         -120.994      




