
                  X               _temp_2     

                0.                 0.         
                1.30055E-06      -32.9404     
                2.60114E-06     -110.515      
                3.90053E-06       12.7314     
                5.20114E-06       48.1033     
                6.50053E-06     -206.224      
                7.80107E-06     -143.7        
                9.10119E-06      186.171      
               10.4001E-06        21.707      
               11.7002E-06      -234.509      
               13.0003E-06        63.2019     
               14.3004E-06       235.473      
               15.6008E-06      -122.599      
               16.9007E-06      -163.964      
               18.2006E-06       149.648      
               19.5005E-06        65.3799     
               20.8004E-06      -190.212      
               22.1002E-06       -71.6424     
               23.4001E-06        59.0967     
               24.7E-06          -64.4337     
               26.0011E-06      -109.171      
               27.301E-06        -38.5082     
               28.6009E-06       -36.8923     
               29.9007E-06       -39.9888     
               31.2006E-06       -54.7904     
               32.5005E-06      -124.12       
               33.8004E-06       -87.5747     
               35.1003E-06       -15.7642     
               36.4002E-06      -129.115      
               37.7E-06         -204.035      
               39.0011E-06       -57.5973     
               40.301E-06        -39.9866     
               41.6009E-06      -206.706      
               42.9008E-06      -166.833      
               44.2007E-06       -15.1086     
               45.5005E-06      -100.116      
               46.8004E-06      -207.909      
               48.1003E-06      -105.733      
               49.4002E-06       -56.6463     
               50.7001E-06      -163.958      
               52.0012E-06      -184.267      
               53.3011E-06      -119.733      
               54.6009E-06      -134.425      
               55.9008E-06      -175.09       
               57.2007E-06      -170.917      
               58.5006E-06      -164.394      
               59.8005E-06      -153.144      
               61.1002E-06      -145.71       
               62.401E-06       -177.135      
               63.7006E-06      -174.84       
               65.0002E-06      -120.297      
               66.301E-06       -142.712      
               67.6006E-06      -202.652      
               68.9002E-06      -159.412      
               70.201E-06       -117.069      
               71.5006E-06      -185.631      
               72.8002E-06      -206.674      
               74.1007E-06      -137.909      
               75.4003E-06      -142.345      
               76.7003E-06      -201.895      
               78.0005E-06      -159.802      
               79.3001E-06      -121.718      
               80.6009E-06      -160.599      
               81.9005E-06      -188.194      
               83.2001E-06      -169.177      
               84.5009E-06      -168.096      
               85.8005E-06      -185.674      
               87.1001E-06      -194.372      
               88.401E-06       -197.687      
               89.7003E-06      -194.112      
               91.0008E-06       -87.8873     
               92.3004E-06      -119.35       
               93.6012E-06      -144.887      
               94.9008E-06      -133.234      
               96.2011E-06      -148.336      
               97.5002E-06      -184.28       
               98.8006E-06      -181.421      
              100.101E-06       -162.026      
              101.4E-06         -188.653      
              102.701E-06       -214.034      
              104.E-06          -203.785      
              105.301E-06       -194.266      
              106.601E-06       -214.661      
              107.9E-06         -224.275      
              109.201E-06       -205.206      
              110.501E-06       -208.315      
              111.8E-06         -126.338      
              113.1E-06         -124.573      
              114.401E-06       -182.521      
              115.7E-06         -168.742      
              117.001E-06       -201.1        
              118.301E-06       -207.21       
              119.6E-06         -209.423      
              120.901E-06       -215.299      
              122.2E-06         -220.078      
              123.5E-06          -25.8871     
              124.801E-06          1.07601    
              126.1E-06            7.33911    
              127.4E-06          -37.2713     
              128.701E-06       -107.327      
              130.E-06          -119.633      
              131.3E-06         -159.972      
              132.601E-06       -186.493      
              133.9E-06         -179.931      
              135.2E-06         -166.851      
              136.501E-06       -192.262      
              137.801E-06       -210.106      
              139.1E-06         -208.908      
              140.401E-06       -220.999      
              141.701E-06       -229.725      
              143.E-06          -237.499      
              144.301E-06       -220.67       
              145.601E-06       -224.461      
              146.9E-06         -236.431      
              148.201E-06         -9.46208    
              149.501E-06       -160.977      
              150.8E-06         -177.459      
              152.101E-06       -187.02       
              153.401E-06       -198.525      
              154.7E-06         -208.642      
              156.001E-06       -220.351      
              157.301E-06       -236.539      
              158.601E-06        -81.2236     
              159.901E-06        -74.9208     
              161.201E-06       -123.354      
              162.5E-06         -125.154      
              163.801E-06       -152.29       
              165.101E-06       -146.816      
              166.4E-06         -161.246      
              167.701E-06       -168.259      
              169.001E-06       -175.104      
              170.3E-06         -170.411      
              171.601E-06       -181.343      
              172.901E-06       -184.804      
              174.2E-06         -195.16       
              175.501E-06       -200.029      
              176.8E-06         -205.356      
              178.101E-06       -216.293      
              179.4E-06         -220.992      
              180.7E-06         -226.4        
              182.001E-06       -235.628      
              183.301E-06       -240.392      
              184.6E-06         -255.498      
              185.901E-06       -256.4        
              187.201E-06       -262.285      
              188.5E-06         -274.117      
              189.801E-06       -277.097      
              191.101E-06       -283.432      
              192.4E-06         -295.949      
              193.701E-06       -299.115      
              195.001E-06       -519.418      
              196.3E-06         -110.653      
              197.601E-06       -148.124      
              198.901E-06       -173.495      
              200.2E-06         -209.853      
              201.501E-06       -208.572      
              202.801E-06       -211.449      
              204.1E-06         -222.533      
              205.401E-06       -232.246      
              206.701E-06       -237.51       
              208.E-06          -244.404      
              209.3E-06         -253.3        
              210.601E-06       -262.183      
              211.901E-06       -264.002      
              213.2E-06         -271.214      
              214.501E-06       -271.654      
              215.801E-06       -283.845      
              217.1E-06         -286.025      
              218.401E-06       -299.549      
              219.701E-06        -49.492E-03  
              221.001E-06        607.06E-03   
              222.301E-06       -213.071E-03  
              223.601E-06        -14.4755     
              224.901E-06        224.553E-03  
              226.2E-06          401.588E-03  
              227.5E-06          -13.1632     
              228.8E-06         -184.901E-03  
              230.101E-06        -33.5499     
              231.401E-06        -80.0001     
              232.701E-06       -103.602      
              234.E-06          -154.923      
              235.3E-06          -80.2371     
              236.601E-06        -99.3037     
              237.901E-06       -124.124      
              239.2E-06         -140.231      
              240.501E-06        -71.5517     
              241.801E-06       -100.628      
              243.1E-06         -122.817      
              244.4E-06         -135.254      
              245.701E-06       -134.3        
              247.E-06          -139.461      
              248.301E-06       -152.066      
              249.6E-06         -157.157      
              250.901E-06       -159.899      
              252.2E-06         -167.668      
              253.501E-06       -165.159      
              254.8E-06         -179.913      
              256.101E-06       -179.3        
              257.4E-06         -179.251      
              258.701E-06       -189.043      
              260.E-06          -197.773      
              261.301E-06       -202.145      
              262.6E-06         -203.165      
              263.9E-06         -201.85       
              265.201E-06       -210.963      
              266.501E-06       -218.383      
              267.8E-06          -76.8068     
              269.101E-06        -42.023      
              270.4E-06          -72.9353     
              271.7E-06          -30.6044     
              273.001E-06        -20.6411     
              274.3E-06          -30.1198     
              275.601E-06       -228.043E-03  
              276.9E-06          -12.1657     
              278.201E-06        -13.9635     
              279.5E-06           -3.96812    
              280.801E-06       -968.845E-03  
              282.1E-06           75.0697E-03 
              283.401E-06        -43.1011     
              284.7E-06         -101.433      
              286.001E-06       -128.139      
              287.3E-06         -152.748      
              288.601E-06       -172.043      
              289.9E-06         -177.245      
              291.201E-06       -186.946      
              292.5E-06         -202.02       
              293.801E-06       -217.409      
              295.1E-06         -225.577      
              296.401E-06       -219.214      
              297.7E-06         -213.923      
              299.001E-06       -220.727      
              300.3E-06         -218.773      
              301.601E-06       -226.912      
              302.9E-06         -227.583      
              304.201E-06       -227.288      
              305.501E-06       -157.162      
              306.801E-06       -203.754      
              308.101E-06       -213.593      
              309.401E-06       -228.152      
              310.701E-06       -223.987      
              312.E-06          -224.832      
              313.301E-06       -236.686      
              314.6E-06         -231.803      
              315.901E-06       -259.3        
              317.2E-06         -261.77       
              318.501E-06       -259.735      
              319.801E-06       -255.151      
              321.101E-06       -267.413      
              322.4E-06         -267.536      
              323.701E-06       -231.024      
              325.001E-06        -18.8271E-03 
              326.301E-06        -35.1367     
              327.601E-06        -56.991      
              328.901E-06        -99.1754     
              330.201E-06       -131.5        
              331.501E-06       -149.732      
              332.8E-06         -187.657      
              334.101E-06       -193.719      
              335.4E-06         -207.148      
              336.701E-06       -213.664      
              338.E-06          -221.206      
              339.301E-06       -224.753      
              340.6E-06          -67.1047     
              341.901E-06        -17.1314     
              343.2E-06          -58.7325     
              344.501E-06        -98.8522     
              345.801E-06       -120.056      
              347.101E-06       -141.886      
              348.401E-06        -67.2252     
              349.701E-06        -98.2625     
              351.001E-06       -115.163      
              352.3E-06         -124.317      
              353.601E-06       -142.123      
              354.9E-06          -83.4611E-03 
              356.201E-06        -96.492      
              357.5E-06         -111.397      
              358.801E-06       -134.313      
              360.1E-06         -141.802      
              361.401E-06       -152.256      
              362.7E-06         -156.552      
              364.001E-06       -167.105      
              365.3E-06         -168.589      
              366.601E-06       -174.538      
              367.9E-06         -188.876      
              369.201E-06       -185.395      
              370.5E-06         -192.588      
              371.801E-06       -207.855      
              373.1E-06         -199.94       
              374.401E-06       -221.662      
              375.7E-06         -219.448      
              377.001E-06       -115.394      
              378.3E-06         -186.078      
              379.601E-06       -178.702      
              380.9E-06         -200.709      
              382.201E-06       -208.133      
              383.5E-06         -217.682      
              384.801E-06       -226.255      
              386.101E-06       -229.359      
              387.401E-06       -242.233      
              388.701E-06       -247.012      
              390.001E-06       -246.336      
              391.301E-06       -249.041      
              392.6E-06         -268.58       
              393.901E-06       -263.147      
              395.2E-06         -275.531      
              396.501E-06       -267.979      
              397.8E-06         -275.561      
              399.101E-06       -284.571      
              400.4E-06         -286.328      
              401.701E-06       -284.634      
              403.E-06          -116.854      
              404.301E-06         40.0962E-03 
              405.6E-06          -41.064E-03  
              406.901E-06         49.5364E-03 
              408.2E-06          -49.009E-03  
              409.501E-06        -27.5076     
              410.8E-06          -64.9054     
              412.101E-06       -100.965      
              413.4E-06         -127.594      
              414.701E-06       -141.586      
              416.001E-06       -151.23       
              417.301E-06       -166.992      
              418.601E-06       -168.738      
              419.901E-06       -179.889      
              421.201E-06       -187.546      
              422.5E-06         -190.959      
              423.801E-06       -199.975      
              425.1E-06         -201.507      
              426.401E-06       -210.992      
              427.7E-06         -212.698      
              429.001E-06       -190.195      
              430.301E-06         -6.93828    
              431.6E-06          -59.9712     
              432.901E-06        -75.3487     
              434.2E-06         -106.74       
              435.501E-06       -134.947      
              436.8E-06         -157.79       
              438.101E-06       -164.122      
              439.4E-06         -176.215      
              440.701E-06       -184.212      
              442.E-06          -191.325      
              443.301E-06       -197.218      
              444.6E-06         -201.274      
              445.901E-06       -210.128      
              447.201E-06       -205.188      
              448.501E-06       -220.649      
              449.801E-06       -221.025      
              451.101E-06       -145.177      
              452.401E-06        -54.4793     
              453.7E-06         -124.704      
              455.001E-06       -165.997      
              456.3E-06         -190.746      
              457.601E-06       -101.804      
              458.9E-06         -133.846      
              460.201E-06       -154.339      
              461.5E-06         -173.128      
              462.801E-06       -183.596      
              464.1E-06         -181.556      
              465.401E-06       -198.207      
              466.7E-06         -199.4        
              468.001E-06       -205.95       
              469.3E-06         -210.852      
              470.601E-06       -217.371      
              471.9E-06         -218.936      
              473.201E-06       -222.305      
              474.5E-06          -52.4177     
              475.801E-06       -116.034      
              477.1E-06         -135.091      
              478.401E-06       -162.531      
              479.7E-06          -87.334      
              481.001E-06       -135.851      
              482.3E-06         -138.9        
              483.601E-06       -165.166      
              484.9E-06         -173.633      
              486.201E-06       -180.865      
              487.501E-06       -196.58       
              488.801E-06       -202.095      
              490.101E-06       -207.075      
              491.401E-06       -216.067      
              492.701E-06        -50.9155     
              494.E-06           -72.4189     
              495.301E-06       -114.104      
              496.6E-06         -138.763      
              497.901E-06       -160.744      
              499.2E-06         -177.743      
              500.501E-06       -173.127      
              501.8E-06         -181.17       
              503.101E-06       -119.717      
              504.4E-06         -110.825      
              505.701E-06        -28.0761E-03 
              507.E-06           -90.1413     
              508.301E-06       -110.744      
              509.6E-06         -139.187      
              510.901E-06       -161.445      
              512.2E-06         -163.89       
              513.501E-06       -170.068      
              514.8E-06         -180.441      
              516.101E-06       -187.305      
              517.4E-06           -1.3024E-03 
              518.701E-06       -142.977      
              520.E-06          -150.336      
              521.301E-06       -171.551      
              522.6E-06         -183.615      
              523.901E-06       -172.853      
              525.2E-06         -192.461      
              526.501E-06       -198.5        
              527.8E-06         -202.152      
              529.101E-06       -214.718      
              530.401E-06       -217.227      
              531.701E-06       -226.315      
              533.001E-06       -227.565      
              534.3E-06         -232.208      
              535.601E-06       -228.038      
              536.9E-06         -241.143      
              538.201E-06       -239.743      
              539.5E-06         -251.615      
              540.801E-06       -252.117      
              542.1E-06         -251.057      
              543.401E-06       -259.859      
              544.7E-06         -252.264      
              546.001E-06       -257.433      
              547.3E-06         -258.298      
              548.601E-06       -254.756      
              549.9E-06         -242.192      
              551.201E-06        -39.1997     
              552.5E-06         -367.028E-03  
              553.801E-06       -359.943E-03  
              555.1E-06           -7.47932    
              556.401E-06        -61.9486E-03 
              557.7E-06          -26.6955     
              559.E-06           -58.7442E-03 
              560.301E-06         -2.30743    
              561.6E-06          -58.4547     
              562.901E-06       -111.435      
              564.2E-06         -129.233      
              565.501E-06        -79.8697     
              566.8E-06         -109.861      
              568.101E-06       -127.186      
              569.4E-06         -131.382      
              570.701E-06       -153.407      
              572.E-06          -164.951      
              573.301E-06       -166.411      
              574.6E-06          -73.9888     
              575.901E-06       -110.278      
              577.2E-06         -144.823      
              578.501E-06       -164.758      
              579.8E-06         -151.6        
              581.101E-06       -179.666      
              582.4E-06         -171.645      
              583.701E-06       -190.87       
              585.E-06          -187.288      
              586.301E-06       -190.823      
              587.6E-06         -198.329      
              588.901E-06       -201.591      
              590.2E-06         -211.561      
              591.501E-06       -207.301      
              592.801E-06       -208.157      
              594.101E-06       -209.518      
              595.401E-06       -210.821      
              596.701E-06       -213.618      
              598.001E-06       -213.385      
              599.3E-06         -214.81       
              600.601E-06       -210.538      
              601.9E-06         -205.108      
              603.201E-06       -194.811      
              604.5E-06         -211.61       
              605.801E-06       -208.859      
              607.1E-06         -194.231      
              608.401E-06       -190.132      
              609.7E-06         -191.09       
              611.001E-06       -189.745      
              612.3E-06         -192.293      
              613.601E-06       -209.254      
              614.9E-06         -199.808      
              616.201E-06       -188.795      
              617.5E-06         -147.134      
              618.8E-06         -171.678      
              620.101E-06       -175.223      
              621.4E-06         -177.671      
              622.7E-06         -179.214      
              624.E-06          -190.199      
              625.301E-06       -203.607      
              626.601E-06       -198.927      
              627.901E-06       -184.928      
              629.2E-06         -187.489      
              630.501E-06       -188.583      
              631.8E-06           -2.19011    
              633.101E-06         -1.86808    
              634.401E-06         -1.25326    
              635.701E-06       -100.299E-03  
              637.001E-06          6.40495E-03
              638.3E-06          -13.8275     
              639.601E-06        -59.079      
              640.9E-06          -63.36E-03   
              642.201E-06        -60.8055     
              643.5E-06         -103.129      
              644.801E-06       -126.624      
              646.1E-06         -153.777      
              647.401E-06       -164.689      
              648.7E-06          -33.7084     
              650.001E-06        -87.6018     
              651.3E-06         -126.16       
              652.601E-06       -145.623      
              653.9E-06         -151.519      
              655.201E-06       -187.51       
              656.5E-06         -196.629      
              657.801E-06       -191.245      
              659.1E-06         -104.092      
              660.401E-06       -128.181      
              661.7E-06         -144.596      
              663.001E-06       -166.404      
              664.3E-06         -197.406      
              665.601E-06       -193.133      
              666.9E-06         -184.807      
              668.201E-06       -195.338      
              669.5E-06         -185.876      
              670.801E-06       -213.599      
              672.1E-06         -214.757      
              673.401E-06       -205.376      
              674.701E-06       -204.391      
              676.001E-06       -218.678      
              677.301E-06       -215.243      
              678.6E-06         -186.371      
              679.901E-06       -190.438      
              681.2E-06         -179.832      
              682.501E-06       -186.678      
              683.8E-06         -191.667      
              685.101E-06       -179.107      
              686.4E-06         -173.003      
              687.701E-06       -173.96       
              689.E-06          -178.714      
              690.301E-06       -160.336      
              691.6E-06         -163.172      
              692.901E-06       -158.772      
              694.2E-06         -168.016      
              695.501E-06       -163.863      
              696.8E-06         -157.022      
              698.101E-06       -105.917      
              699.4E-06         -105.384      
              700.701E-06       -125.896      
              702.E-06          -137.739      
              703.3E-06         -163.409      
              704.601E-06       -163.249      
              705.901E-06       -124.919      
              707.2E-06         -133.104      
              708.501E-06       -115.713      
              709.8E-06           -3.70691    
              711.101E-06         -2.28639    
              712.4E-06           -1.78517    
              713.701E-06       -365.736E-03  
              715.E-06          -192.743E-03  
              716.301E-06         -8.01088    
              717.6E-06          -33.3596     
              718.901E-06         -3.87925    
              720.2E-06          -22.7572     
              721.501E-06        -57.6167     
              722.801E-06        -88.5837     
              724.101E-06       -126.61       
              725.401E-06       -137.185      
              726.701E-06        -85.4908     
              728.001E-06        -83.6786     
              729.3E-06         -107.217      
              730.601E-06       -126.329      
              731.9E-06         -133.817      
              733.201E-06       -147.038      
              734.5E-06          -82.0699     
              735.801E-06       -121.27       
              737.1E-06         -131.438      
              738.401E-06       -136.701      
              739.7E-06         -148.709      
              741.001E-06       -144.404      
              742.3E-06         -163.272      
              743.601E-06       -162.145      
              744.9E-06         -144.333      
              746.201E-06        -82.9747     
              747.5E-06          -98.6516     
              748.801E-06       -134.405      
              750.1E-06         -133.461      
              751.401E-06       -134.021      
              752.7E-06         -153.385      
              754.001E-06       -138.007      
              755.3E-06         -135.886      
              756.601E-06       -137.051      
              757.9E-06         -137.707      
              759.201E-06        -88.5193     
              760.5E-06          -93.0771     
              761.801E-06       -107.077      
              763.1E-06         -116.171      
              764.401E-06       -113.302      
              765.701E-06       -108.616      
              767.001E-06        -34.721      
              768.301E-06        -37.7638     
              769.601E-06        -58.1577     
              770.901E-06        -76.958      
              772.2E-06          -72.5264     
              773.501E-06        -82.3281     
              774.8E-06           -7.23924    
              776.101E-06        -42.946      
              777.4E-06          -11.5487     
              778.701E-06        -11.3779     
              780.E-06            -8.76658    
              781.301E-06         -9.90503    
              782.6E-06           -9.14523    
              783.901E-06         -7.06261    
              785.2E-06           -7.04731    
              786.501E-06         -6.24371    
              787.8E-06           -5.33395    
              789.101E-06         -4.99935    
              790.4E-06           -4.7528     
              791.701E-06         -3.976      
              793.E-06            15.1414E-03 
              794.301E-06         -7.43133    
              795.6E-06           -5.4107     
              796.901E-06        -19.3897     
              798.2E-06           -3.65982    
              799.501E-06         -4.54733    
              800.8E-06           -4.23506    
              802.101E-06         -5.23493    
              803.4E-06          -19.135      
              804.701E-06        -33.4642     
              806.001E-06        -45.707      
              807.301E-06         -1.61763    
              808.601E-06         -1.92033    
              809.901E-06         -9.11694    
              811.201E-06        -25.4535     
              812.5E-06          -30.5038     
              813.801E-06        -41.2558     
              815.1E-06          -39.4167     
              816.401E-06        -46.3771     
              817.701E-06         -4.57352    
              819.E-06            -4.1806     
              820.301E-06        -14.4481     
              821.6E-06          -21.4193     
              822.9E-06          -27.3704     
              824.2E-06          -35.3962     
              825.501E-06        -40.1825     
              826.801E-06        -39.4053     
              828.1E-06           -2.19339    
              829.4E-06           -1.21742    
              830.701E-06         -1.03147    
              832.001E-06         -8.95474    
              833.3E-06          -18.5534     
              834.6E-06          -28.5033     
              835.9E-06          -28.4898     
              837.2E-06          -92.0003E-03 
              838.501E-06        -28.3399E-03 
              839.801E-06        -53.979E-03  
              841.1E-06         -759.422E-03  
              842.4E-06          -10.34       
              843.7E-06           12.5511E-03 
              845.001E-06        -13.7955     
              846.3E-06          -36.3491     
              847.601E-06        -47.5821     
              848.9E-06          -44.9503     
              850.201E-06        -43.399      
              851.5E-06          -42.2399     
              852.801E-06        -32.5443     
              854.1E-06          -48.3984     
              855.401E-06        -52.7532     
              856.7E-06          -48.0915     
              858.001E-06        -47.4341     
              859.3E-06          -50.6914     
              860.601E-06        -45.0786     
              861.9E-06          -45.6434     
              863.201E-06        -41.9173     
              864.5E-06          -40.4844     
              865.801E-06        -38.0091     
              867.1E-06          -32.148      
              868.4E-06          -32.9956     
              869.701E-06        -33.4808     
              871.E-06           -14.7497     
              872.301E-06        -14.7093     
              873.6E-06          -13.7266E-03 
              874.901E-06         -1.65505    
              876.2E-06          -11.6062E-03 
              877.501E-06        -37.4633     
              878.8E-06          -73.5815     
              880.101E-06        -83.489      
              881.4E-06          -85.1422     
              882.701E-06        -79.559      
              884.E-06           -91.4905     
              885.301E-06        -96.0435     
              886.6E-06          -93.6795     
              887.901E-06        -99.3412     
              889.2E-06          -93.988      
              890.501E-06        -96.5774     
              891.8E-06          -98.0356     
              893.101E-06        -95.928      
              894.4E-06         -100.143      
              895.701E-06        -90.7214     
              897.001E-06        -94.9184     
              898.301E-06        -96.7159     
              899.601E-06        -99.3697     
              900.901E-06        -98.6068     
              902.201E-06       -103.485      
              903.5E-06          -93.4539     
              904.801E-06        -94.0986     
              906.1E-06          -94.95       
              907.401E-06        -95.7142     
              908.7E-06          -39.5512     
              910.001E-06        -68.7632     
              911.3E-06          -84.3277     
              912.601E-06        -91.1395     
              913.9E-06          -90.5024     
              915.201E-06        -92.4932     
              916.5E-06          -91.6698     
              917.801E-06        -37.3846     
              919.1E-06          -75.4594     
              920.401E-06        -89.0976     
              921.7E-06          -94.2816     
              923.001E-06       -100.758      
              924.3E-06          -99.6133     
              925.601E-06          5.85899E-03
              926.9E-06         -102.49       
              928.201E-06       -110.196      
              929.5E-06         -126.433      
              930.801E-06       -113.341      
              932.1E-06         -128.08       
              933.401E-06       -120.469      
              934.7E-06          -96.4721     
              936.001E-06       -115.398      
              937.3E-06         -138.152      
              938.601E-06       -145.622      
              939.901E-06       -148.228      
              941.201E-06       -100.222      
              942.501E-06       -146.803      
              943.801E-06       -152.993      
              945.101E-06       -163.287      
              946.4E-06         -179.107      
              947.701E-06       -182.117      
              949.E-06          -197.553      
              950.301E-06       -196.387      
              951.6E-06         -211.386      
              952.901E-06       -222.931      
              954.2E-06         -218.907      
              955.501E-06       -160.936      
              956.8E-06         -151.981      
              958.101E-06       -165.564      
              959.4E-06         -174.683      
              960.701E-06       -183.856      
              962.001E-06       -211.32       
              963.3E-06         -231.189      
              964.6E-06         -220.28       
              965.9E-06         -202.275      
              967.2E-06          -22.0737     
              968.5E-06         -146.722      
              969.801E-06       -149.981      
              971.1E-06         -198.04       
              972.4E-06         -190.677      
              973.701E-06       -184.604      
              975.E-06          -188.656      
              976.301E-06       -202.38       
              977.6E-06         -219.262      
              978.9E-06         -202.954      
              980.2E-06         -200.493      
              981.5E-06         -158.88       
              982.8E-06         -181.146      
              984.1E-06         -185.38       
              985.401E-06       -186.758      
              986.701E-06       -192.558      
              988.001E-06       -218.451      
              989.3E-06         -208.883      
              990.6E-06         -195.95       
              991.9E-06         -217.242      
              993.2E-06         -212.436      
              994.501E-06        -14.1837     
              995.801E-06         -1.74659    
              997.1E-06         -747.887E-03  
              998.4E-06          -35.312      
              999.7E-06          -81.6555     
                1.001E-03       -113.698      
                1.0023E-03      -176.825      
                1.0036E-03      -184.815      
                1.0049E-03      -173.517      
                1.0062E-03      -183.797      
                1.0075E-03       -69.218      
                1.0088E-03      -106.783      
                1.0101E-03      -183.369      
                1.0114E-03      -195.809      
                1.0127E-03      -195.276      
                1.014E-03       -189.085      
                1.0153E-03      -199.582      
                1.0166E-03       -95.9216     
                1.0179E-03      -141.584      
                1.0192E-03      -162.231      
                1.0205E-03      -195.908      
                1.0218E-03      -203.836      
                1.0231E-03      -192.128      
                1.0244E-03      -193.45       
                1.0257E-03      -201.045      
                1.027E-03       -200.478      
                1.0283E-03      -113.302      
                1.0296E-03       -40.1821     
                1.0309E-03       -76.4901     
                1.0322E-03      -111.986      
                1.0335E-03      -135.         
                1.0348E-03      -149.853      
                1.0361E-03      -150.357      
                1.0374E-03      -159.876      
                1.0387E-03      -120.854      
                1.04E-03         -83.5157     
                1.0413E-03      -114.402      
                1.0426E-03       -94.163      
                1.0439E-03      -103.402      
                1.0452E-03       -54.838      
                1.0465E-03       -77.1501     
                1.0478E-03       -79.6462     
                1.0491E-03       -73.6874     
                1.0504E-03       -12.5232     
                1.0517E-03       -12.5085     
                1.053E-03        -17.7336E-03 
                1.0543E-03        -3.30992    
                1.0556E-03        -9.36601    
                1.0569E-03       -16.2098     
                1.0582E-03       -22.9953     
                1.0595E-03       -15.6673     
                1.0608E-03       -40.6355     
                1.0621E-03       -69.8981     
                1.0634E-03       -97.2529     
                1.0647E-03       -35.1198     
                1.066E-03        -61.4899     
                1.0673E-03       -93.6175     
                1.0686E-03      -108.076      
                1.0699E-03      -133.674      
                1.0712E-03      -140.009      
                1.0725E-03       -64.6723     
                1.0738E-03       -96.7669     
                1.0751E-03      -112.26       
                1.0764E-03      -121.86       
                1.0777E-03      -133.549      
                1.079E-03        -85.8042     
                1.0803E-03      -101.882      
                1.0816E-03      -107.339      
                1.0829E-03      -117.661      
                1.0842E-03      -146.053      
                1.0855E-03      -137.702      
                1.0868E-03       -73.9648     
                1.0881E-03      -100.454      
                1.0894E-03      -110.204      
                1.0907E-03      -109.648      
                1.092E-03       -129.959      
                1.0933E-03      -125.718      
                1.0946E-03       -55.847      
                1.0959E-03       -79.0906     
                1.0972E-03       -88.4579     
                1.0985E-03       -99.0256     
                1.0998E-03      -114.383      
                1.1011E-03       -98.551      
                1.1024E-03       -59.9587     
                1.1037E-03       -66.0284     
                1.105E-03        -67.1988     
                1.1063E-03       -95.6814     
                1.1076E-03       -24.6032     
                1.1089E-03       -34.359      
                1.1102E-03       -48.8285     
                1.1115E-03       -59.1034     
                1.1128E-03       -14.7054     
                1.1141E-03       -15.1312     
                1.1154E-03       -26.1089     
                1.1167E-03       -16.9754     
                1.118E-03        -16.4905     
                1.1193E-03       -14.1464     
                1.1206E-03       -15.059      
                1.1219E-03       -18.7674     
                1.1232E-03       -18.414      
                1.1245E-03       -17.2071     
                1.1258E-03       -16.8331     
                1.1271E-03       -15.4712     
                1.1284E-03       -14.4999     
                1.1297E-03       -13.8448     
                1.131E-03        -15.9106     
                1.1323E-03       -16.691      
                1.1336E-03       -15.9807     
                1.1349E-03       -14.905      
                1.1362E-03       -13.9395     
                1.1375E-03       -14.1948     
                1.1388E-03       -14.4234     
                1.1401E-03       -12.7871     
                1.1414E-03       -13.254      
                1.1427E-03       -12.7449     
                1.144E-03        -12.1572     
                1.1453E-03       -12.3834     
                1.1466E-03       -12.1662     
                1.1479E-03       -11.7158     
                1.1492E-03       -11.5563     
                1.1505E-03       -11.4295     
                1.1518E-03       -11.1372     
                1.1531E-03       -10.2519     
                1.1544E-03        -3.21837    
                1.1557E-03       799.592E-03  
                1.157E-03        -19.227      
                1.1583E-03       -37.8126     
                1.1596E-03       -40.6096     
                1.1609E-03       -41.9633     
                1.1622E-03       -51.0381     
                1.1635E-03       -52.364      
                1.1648E-03       -57.7041     
                1.1661E-03       -54.5142     
                1.1674E-03       -54.6455     
                1.1687E-03       -55.0279     
                1.17E-03         -52.9125     
                1.1713E-03       -51.0075     
                1.1726E-03       -53.8012     
                1.1739E-03       -54.4228     
                1.1752E-03       -52.8495     
                1.1765E-03       -50.288      
                1.1778E-03       -49.6494     
                1.1791E-03       -51.809      
                1.1804E-03       -48.4735     
                1.1817E-03       -45.074      
                1.183E-03        -45.46       
                1.1843E-03       -43.3545     
                1.1856E-03       -41.8488     
                1.1869E-03       -39.9819     
                1.1882E-03       -37.534      
                1.1895E-03       -37.7006     
                1.1908E-03       -38.3672     
                1.1921E-03       -31.6526     
                1.1934E-03       -35.5947     
                1.1947E-03       -36.9118     
                1.196E-03        -35.0615     
                1.1973E-03       -13.2068     
                1.1986E-03       -15.44       
                1.1999E-03       -15.7354     
                1.2012E-03        -8.17755    
                1.2025E-03        -5.61751    
                1.2038E-03       -55.606      
                1.2051E-03       -95.2839     
                1.2064E-03      -108.117      
                1.2077E-03      -108.669      
                1.209E-03       -107.845      
                1.2103E-03      -112.06       
                1.2116E-03      -104.433      
                1.2129E-03      -104.903      
                1.2142E-03      -109.517      
                1.2155E-03      -113.857      
                1.2168E-03      -113.393      
                1.2181E-03      -112.871      
                1.2194E-03      -111.249      
                1.2207E-03      -113.428      
                1.222E-03       -118.087      
                1.2233E-03      -119.3        
                1.2246E-03      -122.963      
                1.2259E-03      -124.944      
                1.2272E-03      -113.175      
                1.2285E-03      -122.832      
                1.2298E-03      -122.259      
                1.2311E-03       -93.2858     
                1.2324E-03      -127.411      
                1.2337E-03      -136.527      
                1.235E-03       -145.988      
                1.2363E-03      -150.426      
                1.2376E-03      -163.016      
                1.2389E-03       -85.0806     
                1.2402E-03      -142.527      
                1.2415E-03      -151.529      
                1.2428E-03      -167.033      
                1.2441E-03      -182.087      
                1.2454E-03      -179.579      
                1.2467E-03      -183.806      
                1.248E-03       -181.035      
                1.2493E-03      -192.522      
                1.2506E-03      -187.184      
                1.2519E-03      -187.079      
                1.2532E-03      -183.411      
                1.2545E-03      -166.56       
                1.2558E-03      -127.314      
                1.2571E-03       -10.4981     
                1.2584E-03       -65.503      
                1.2597E-03       -96.5011     
                1.261E-03       -112.709      
                1.2623E-03      -132.196      
                1.2636E-03      -154.115      
                1.2649E-03      -160.041      
                1.2662E-03      -143.314      
                1.2675E-03      -139.761      
                1.2688E-03      -151.438      
                1.2701E-03      -150.033      
                1.2714E-03      -167.499      
                1.2727E-03      -163.546      
                1.274E-03        -10.8788     
                1.2753E-03        -7.89735    
                1.2766E-03       -35.8462     
                1.2779E-03        -4.71839    
                1.2792E-03       -60.3672     
                1.2805E-03       -93.3813     
                1.2818E-03      -129.936      
                1.2831E-03      -153.923      
                1.2844E-03       -91.0282     
                1.2857E-03      -127.052      
                1.287E-03       -134.107      
                1.2883E-03      -157.93       
                1.2896E-03      -160.15       
                1.2909E-03      -197.951      
                1.2922E-03      -193.205      
                1.2935E-03      -191.94       
                1.2948E-03      -200.039      
                1.2961E-03      -222.871      
                1.2974E-03      -220.04       
                1.2987E-03      -126.061      
                1.3E-03         -161.791      
                1.3013E-03      -166.212      
                1.3026E-03      -187.927      
                1.3039E-03      -217.928      
                1.3052E-03      -206.672      
                1.3065E-03      -215.934      
                1.3078E-03      -217.946      
                1.3091E-03      -211.73       
                1.3104E-03      -211.24       
                1.3117E-03      -209.479      
                1.313E-03       -158.137      
                1.3143E-03      -142.966      
                1.3156E-03      -181.545      
                1.3169E-03      -187.466      
                1.3182E-03      -193.437      
                1.3195E-03      -196.868      
                1.3208E-03      -204.566      
                1.3221E-03      -202.804      
                1.3234E-03      -231.399      
                1.3247E-03      -231.19       
                1.326E-03       -215.965      
                1.3273E-03      -216.597      
                1.3286E-03      -216.399      
                1.3299E-03      -120.256      
                1.3312E-03      -155.186      
                1.3325E-03      -200.603      
                1.3338E-03      -213.051      
                1.3351E-03      -201.852      
                1.3364E-03      -216.14       
                1.3377E-03      -228.4        
                1.339E-03       -233.806      
                1.3403E-03       -31.8935     
                1.3416E-03       -90.6901     
                1.3429E-03      -130.058      
                1.3442E-03      -146.089      
                1.3455E-03      -166.587      
                1.3468E-03       -87.815      
                1.3481E-03      -138.192      
                1.3494E-03      -152.599      
                1.3507E-03      -167.14       
                1.352E-03       -167.832      
                1.3533E-03       -11.65       
                1.3546E-03       -45.8914     
                1.3559E-03       -10.3928     
                1.3572E-03       -40.9198     
                1.3585E-03       -83.5325     
                1.3598E-03       -19.0656     
                1.3611E-03       -38.8718     
                1.3624E-03       -76.9365     
                1.3637E-03      -102.215      
                1.365E-03       -114.213      
                1.3663E-03       -33.1818     
                1.3676E-03       -65.0106     
                1.3689E-03       -91.2693     
                1.3702E-03       -99.4235     
                1.3715E-03      -100.752      
                1.3728E-03       -97.7463     
                1.3741E-03       -85.5518     
                1.3754E-03       -87.4357     
                1.3767E-03       -64.565      
                1.378E-03        -67.9714     
                1.3793E-03       -72.8247     
                1.3806E-03       -58.9336     
                1.3819E-03       -18.5388     
                1.3832E-03       -22.0793     
                1.3845E-03       -21.323      
                1.3858E-03       -15.4755     
                1.3871E-03       -11.8933     
                1.3884E-03       -51.5652     
                1.3897E-03       -78.8308     
                1.391E-03       -100.419      
                1.3923E-03      -111.904      
                1.3936E-03      -119.895      
                1.3949E-03      -143.766      
                1.3962E-03      -147.779      
                1.3975E-03      -140.88       
                1.3988E-03       -95.4718     
                1.4001E-03       -87.6805     
                1.4014E-03      -103.566      
                1.4027E-03      -121.024      
                1.404E-03       -126.626      
                1.4053E-03      -145.916      
                1.4066E-03      -137.133      
                1.4079E-03      -140.093      
                1.4092E-03       -57.4122     
                1.4105E-03       -83.1185     
                1.4118E-03       -99.4951     
                1.4131E-03      -111.325      
                1.4144E-03      -121.058      
                1.4157E-03      -125.532      
                1.417E-03        -84.339      
                1.4183E-03       -65.2551     
                1.4196E-03       -88.6768     
                1.4209E-03      -101.786      
                1.4222E-03      -103.995      
                1.4235E-03      -113.752      
                1.4248E-03       -20.1227     
                1.4261E-03       -50.8047     
                1.4274E-03       -57.679      
                1.4287E-03       -61.8512     
                1.43E-03         -71.359      
                1.4313E-03       -24.406      
                1.4326E-03       -20.794      
                1.4339E-03       -19.585      
                1.4352E-03       -20.9855     
                1.4365E-03       -18.4735     
                1.4378E-03       -18.4377     
                1.4391E-03       -16.0045     
                1.4404E-03       -32.4481     
                1.4417E-03       -20.6405     
                1.443E-03        -20.0014     
                1.4443E-03       -17.1449     
                1.4456E-03       -18.9083     
                1.4469E-03       -16.3308     
                1.4482E-03       -18.2037     
                1.4495E-03       -16.9375     
                1.4508E-03       -18.4225     
                1.4521E-03       -19.1947     
                1.4534E-03       -19.6861     
                1.4547E-03       -19.1221     
                1.456E-03        -16.9792     
                1.4573E-03       -17.4603     
                1.4586E-03       -17.1592     
                1.4599E-03       -17.0521     
                1.4612E-03       -15.9245     
                1.4625E-03       -16.4295     
                1.4638E-03       -14.6385     
                1.4651E-03       -14.8045     
                1.4664E-03       -13.8699     
                1.4677E-03       -14.2007     
                1.469E-03        -13.2759     
                1.4703E-03       -15.9396     
                1.4716E-03       -27.4383     
                1.4729E-03       -37.713      
                1.4742E-03       -57.7333     
                1.4755E-03       -72.5322     
                1.4768E-03       -64.4665     
                1.4781E-03       -45.6708     
                1.4794E-03       -45.3114     
                1.4807E-03       -47.8936     
                1.482E-03        -49.2043     
                1.4833E-03       -48.5349     
                1.4846E-03       -48.9625     
                1.4859E-03       -48.5339     
                1.4872E-03       -50.2914     
                1.4885E-03       -52.8464     
                1.4898E-03       -50.6604     
                1.4911E-03       -50.9259     
                1.4924E-03       -47.8757     
                1.4937E-03       -47.453      
                1.495E-03        -48.3527     
                1.4963E-03       -46.5959     
                1.4976E-03       -45.4353     
                1.4989E-03       -44.1422     
                1.5002E-03       -41.0788     
                1.5015E-03       -41.7793     
                1.5028E-03       -35.7548     
                1.5041E-03       -39.208      
                1.5054E-03       -38.2961     
                1.5067E-03       -34.6125     
                1.508E-03        -35.6612     
                1.5093E-03       -34.7109     
                1.5106E-03       -36.209      
                1.5119E-03       -18.3496     
                1.5132E-03       -23.5084     
                1.5145E-03       -13.5271     
                1.5158E-03       -12.9312     
                1.5171E-03        -8.08558    
                1.5184E-03       -55.2885     
                1.5197E-03       -91.1558     
                1.521E-03       -109.051      
                1.5223E-03      -102.577      
                1.5236E-03      -102.884      
                1.5249E-03      -102.729      
                1.5262E-03      -103.801      
                1.5275E-03      -109.219      
                1.5288E-03      -117.301      
                1.5301E-03      -112.386      
                1.5314E-03      -110.163      
                1.5327E-03      -108.768      
                1.534E-03       -108.386      
                1.5353E-03      -114.096      
                1.5366E-03      -116.564      
                1.5379E-03      -108.653      
                1.5392E-03      -112.479      
                1.5405E-03      -112.008      
                1.5418E-03      -116.796      
                1.5431E-03         3.16592E-03
                1.5444E-03       -98.4455     
                1.5457E-03      -115.637      
                1.547E-03       -132.413      
                1.5483E-03      -121.856      
                1.5496E-03      -124.785      
                1.5509E-03       -59.6786     
                1.5522E-03      -110.053      
                1.5535E-03      -135.396      
                1.5548E-03      -149.473      
                1.5561E-03      -155.372      
                1.5574E-03      -165.766      
                1.5587E-03      -118.402      
                1.56E-03        -145.653      
                1.5613E-03      -161.633      
                1.5626E-03      -167.494      
                1.5639E-03      -179.521      
                1.5652E-03      -188.632      
                1.5665E-03      -173.479      
                1.5678E-03      -177.296      
                1.5691E-03       -99.2057     
                1.5704E-03      -135.444      
                1.5717E-03      -147.181      
                1.573E-03       -153.833      
                1.5743E-03      -150.294      
                1.5756E-03      -159.583      
                1.5769E-03      -153.807      
                1.5782E-03      -164.601      
                1.5795E-03      -161.454      
                1.5808E-03      -103.976      
                1.5821E-03      -146.695      
                1.5834E-03      -158.312      
                1.5847E-03      -162.844      
                1.586E-03       -167.32       
                1.5873E-03      -167.91       
                1.5886E-03      -175.926      
                1.5899E-03      -151.333      
                1.5912E-03      -147.833      
                1.5925E-03      -165.648      
                1.5938E-03      -174.162      
                1.5951E-03      -203.471      
                1.5964E-03      -193.149      
                1.5977E-03      -191.708      
                1.599E-03       -150.778      
                1.6003E-03        -8.56029    
                1.6016E-03       -99.9589     
                1.6029E-03       -24.4655     
                1.6042E-03       -96.9951     
                1.6055E-03      -107.486      
                1.6068E-03      -147.266      
                1.6081E-03      -420.466E-06  
                1.6094E-03      -103.973      
                1.6107E-03      -133.916      
                1.612E-03       -158.054      
                1.6133E-03      -168.249      
                1.6146E-03      -208.443      
                1.6159E-03      -201.032      
                1.6172E-03      -197.258      
                1.6185E-03      -201.964      
                1.6198E-03      -199.04       
                1.6211E-03      -232.955      
                1.6224E-03      -218.55       
                1.6237E-03      -216.247      
                1.625E-03       -135.786      
                1.6263E-03      -165.102      
                1.6276E-03      -178.278      
                1.6289E-03      -216.977      
                1.6302E-03      -210.434      
                1.6315E-03      -205.192      
                1.6328E-03      -205.543      
                1.6341E-03      -213.999      
                1.6354E-03      -211.89       
                1.6367E-03      -152.74       
                1.638E-03       -176.199      
                1.6393E-03      -190.164      
                1.6406E-03      -194.212      
                1.6419E-03      -192.224      
                1.6432E-03      -198.794      
                1.6445E-03      -211.344      
                1.6458E-03        -3.51918    
                1.6471E-03       -33.85       
                1.6484E-03       -96.0044     
                1.6497E-03      -119.171      
                1.651E-03       -137.144      
                1.6523E-03      -152.25       
                1.6536E-03      -152.843      
                1.6549E-03      -162.112      
                1.6562E-03      -168.694      
                1.6575E-03      -129.411      
                1.6588E-03      -150.506      
                1.6601E-03       -84.583      
                1.6614E-03      -113.459      
                1.6627E-03      -126.768      
                1.664E-03        -10.1376     
                1.6653E-03        -2.01612    
                1.6666E-03        -6.94208    
                1.6679E-03        -6.61876    
                1.6692E-03       -22.7647     
                1.6705E-03       -45.2037     
                1.6718E-03       -74.6669     
                1.6731E-03       -46.7231     
                1.6744E-03        -4.79721    
                1.6757E-03       -39.7021     
                1.677E-03        -54.8536     
                1.6783E-03       -41.1924     
                1.6796E-03       -44.004      
                1.6809E-03       -26.7172     
                1.6822E-03       -30.9372     
                1.6835E-03       -32.571      
                1.6848E-03       -32.2784     
                1.6861E-03       -21.4862     
                1.6874E-03       -22.4998     
                1.6887E-03       -21.9537     
                1.69E-03         -16.596      
                1.6913E-03       -18.6542     
                1.6926E-03       -33.7912     
                1.6939E-03       -62.5934     
                1.6952E-03      -108.312      
                1.6965E-03      -115.944      
                1.6978E-03      -116.546      
                1.6991E-03      -119.641      
                1.7004E-03      -127.02       
                1.7017E-03       -72.709      
                1.703E-03        -97.9168     
                1.7043E-03      -111.106      
                1.7056E-03      -122.897      
                1.7069E-03      -121.242      
                1.7082E-03      -123.773      
                1.7095E-03      -123.139      
                1.7108E-03      -134.206      
                1.7121E-03      -118.972      
                1.7134E-03       -48.3146     
                1.7147E-03       -72.8702     
                1.716E-03        -88.4471     
                1.7173E-03       -88.88       
                1.7186E-03      -101.453      
                1.7199E-03      -107.664      
                1.7212E-03       -26.3353     
                1.7225E-03       -36.4381     
                1.7238E-03       -57.3018     
                1.7251E-03       -80.3553     
                1.7264E-03       -73.9322     
                1.7277E-03       -34.1786     
                1.729E-03        -60.7136     
                1.7303E-03       -59.5056     
                1.7316E-03       -68.2033     
                1.7329E-03       -71.9568     
                1.7342E-03       -24.5689     
                1.7355E-03       -26.6103     
                1.7368E-03       -23.7883     
                1.7381E-03       -24.4522     
                1.7394E-03       -24.3158     
                1.7407E-03       -22.6479     
                1.742E-03        -21.1797     
                1.7433E-03       -20.0452     
                1.7446E-03       -19.4992     
                1.7459E-03       -21.2774     
                1.7472E-03       -18.6795     
                1.7485E-03       -17.9185     
                1.7498E-03       -18.5386     
                1.7511E-03       -17.6798     
                1.7524E-03       -18.2619     
                1.7537E-03       -17.754      
                1.755E-03        -16.3514     
                1.7563E-03       -19.6523     
                1.7576E-03       -18.1071     
                1.7589E-03       -18.1232     
                1.7602E-03       -16.4647     
                1.7615E-03       -18.6693     
                1.7628E-03       -17.0831     
                1.7641E-03       -16.719      
                1.7654E-03       -16.3044     
                1.7667E-03        -9.50373    
                1.768E-03        -26.6338     
                1.7693E-03       -25.7929     
                1.7706E-03       -43.7152     
                1.7719E-03       -42.8565     
                1.7732E-03       -41.1071     
                1.7745E-03       -45.6773     
                1.7758E-03       -49.8303     
                1.7771E-03       -56.3313     
                1.7784E-03       -55.3574     
                1.7797E-03       -52.8038     
                1.781E-03        -53.5828     
                1.7823E-03       -54.814      
                1.7836E-03       -55.2477     
                1.7849E-03       -54.64       
                1.7862E-03       -54.2449     
                1.7875E-03       -52.3885     
                1.7888E-03       -53.263      
                1.7901E-03       -52.054      
                1.7914E-03       -51.2303     
                1.7927E-03       -49.3579     
                1.794E-03        -47.6818     
                1.7953E-03       -45.961      
                1.7966E-03       -44.6831     
                1.7979E-03       -45.6376     
                1.7992E-03       -41.5115     
                1.8005E-03       -41.2058     
                1.8018E-03       -42.2362     
                1.8031E-03       -37.3543     
                1.8044E-03       -39.5605     
                1.8057E-03       -37.5404     
                1.807E-03        -37.4926     
                1.8083E-03       -18.4212     
                1.8096E-03       -20.9216     
                1.8109E-03        -6.16478E-03
                1.8122E-03        -4.58031E-03
                1.8135E-03        -2.98455E-03
                1.8148E-03       -34.6467     
                1.8161E-03       -79.7395     
                1.8174E-03       -99.8625     
                1.8187E-03       -97.3661     
                1.82E-03        -105.77       
                1.8213E-03      -100.367      
                1.8226E-03      -112.115      
                1.8239E-03      -103.685      
                1.8252E-03       -94.209      
                1.8265E-03      -103.667      
                1.8278E-03      -103.271      
                1.8291E-03      -102.717      
                1.8304E-03      -105.012      
                1.8317E-03       -99.0008     
                1.833E-03        -96.0195     
                1.8343E-03       -97.5966     
                1.8356E-03       -97.5688     
                1.8369E-03       -90.6863     
                1.8382E-03       -89.8643     
                1.8395E-03       -90.9595     
                1.8408E-03       -76.0036     
                1.8421E-03       -33.4226     
                1.8434E-03       -69.3314     
                1.8447E-03       -81.7422     
                1.846E-03        -87.8757     
                1.8473E-03       -60.1768     
                1.8486E-03       -88.3189     
                1.8499E-03      -104.148      
                1.8512E-03         1.08757E-03
                1.8525E-03       -77.1075     
                1.8538E-03       -86.0383     
                1.8551E-03      -105.808      
                1.8564E-03      -102.172      
                1.8577E-03      -103.994      
                1.859E-03       -113.11       
                1.8603E-03      -121.926      
                1.8616E-03       -71.9947     
                1.8629E-03       -97.1185     
                1.8642E-03      -116.897      
                1.8655E-03      -111.981      
                1.8668E-03      -124.014      
                1.8681E-03      -112.044      
                1.8694E-03      -132.87       
                1.8707E-03      -124.873      
                1.872E-03        -71.2895     
                1.8733E-03      -128.049      
                1.8746E-03      -146.811      
                1.8759E-03      -133.38       
                1.8772E-03      -145.172      
                1.8785E-03      -144.897      
                1.8798E-03      -161.998      
                1.8811E-03      -167.172      
                1.8824E-03      -132.006      
                1.8837E-03      -154.875      
                1.885E-03       -174.605      
                1.8863E-03      -193.894      
                1.8876E-03      -207.261      
                1.8889E-03      -209.216      
                1.8902E-03      -209.867      
                1.8915E-03      -225.15       
                1.8928E-03      -224.152      
                1.8941E-03      -230.317      
                1.8954E-03      -214.056      
                1.8967E-03      -198.548      
                1.898E-03       -163.35       
                1.8993E-03      -161.003      
                1.9006E-03      -203.3        
                1.9019E-03      -209.1        
                1.9032E-03      -196.603      
                1.9045E-03      -189.516      
                1.9058E-03      -142.604      
                1.9071E-03      -178.933      
                1.9084E-03      -206.719      
                1.9097E-03      -199.824      
                1.911E-03       -205.381      
                1.9123E-03      -200.318      
                1.9136E-03      -199.062      
                1.9149E-03      -222.137      
                1.9162E-03      -211.648      
                1.9175E-03      -198.729      
                1.9188E-03      -196.108      
                1.9201E-03      -204.332      
                1.9214E-03      -215.121      
                1.9227E-03      -206.263      
                1.924E-03       -208.897      
                1.9253E-03      -190.717      
                1.9266E-03       -43.7963     
                1.9279E-03      -125.064      
                1.9292E-03      -140.171      
                1.9305E-03      -153.766      
                1.9318E-03      -145.989      
                1.9331E-03      -183.024      
                1.9344E-03      -177.072      
                1.9357E-03      -179.656      
                1.937E-03       -179.039      
                1.9383E-03      -136.291      
                1.9396E-03      -173.253      
                1.9409E-03      -178.587      
                1.9422E-03      -182.121      
                1.9435E-03      -181.449      
                1.9448E-03      -183.939      
                1.9461E-03      -189.126      
                1.9474E-03       -22.9054     
                1.9487E-03      -172.832      
                1.95E-03        -189.137      
                1.9513E-03      -184.441      
                1.9526E-03      -184.484      
                1.9539E-03      -193.741      
                1.9552E-03       -81.8928     
                1.9565E-03      -132.154      
                1.9578E-03      -170.752      
                1.9591E-03       -17.458      
                1.9604E-03       -64.9145     
                1.9617E-03       -94.1635     
                1.963E-03       -130.401      
                1.9643E-03      -140.144      
                1.9656E-03      -144.813      
                1.9669E-03      -157.95       
                1.9682E-03      -159.218      
                1.9695E-03      -159.505      
                1.9708E-03      -154.052      
                1.9721E-03       -80.2887     
                1.9734E-03      -117.501      
                1.9747E-03      -110.099      
                1.976E-03        -29.8357     
                1.9773E-03       -36.4555     
                1.9786E-03       -50.0642     
                1.9799E-03        -2.54562E-03
                1.9812E-03        -5.3082     
                1.9825E-03       -24.5077     
                1.9838E-03       -30.0558     
                1.9851E-03       -37.0021     
                1.9864E-03       -22.0997     
                1.9877E-03        -3.24257    
                1.989E-03        -34.3811     
                1.9903E-03       -56.3965     
                1.9916E-03       -88.2517     
                1.9929E-03      -109.608      
                1.9942E-03      -113.369      
                1.9955E-03       -57.8228     
                1.9968E-03       -73.9891     
                1.9981E-03      -102.227      
                1.9994E-03      -139.835      
                2.0007E-03      -136.298      
                2.002E-03       -140.71       
                2.0033E-03      -141.84       
                2.0046E-03      -145.042      
                2.0059E-03       -90.1876     
                2.0072E-03      -100.517      
                2.0085E-03      -116.93       
                2.0098E-03      -123.23       
                2.0111E-03      -129.453      
                2.0124E-03       -96.993      
                2.0137E-03      -106.933      
                2.015E-03       -124.86       
                2.0163E-03      -123.229      
                2.0176E-03      -131.224      
                2.0189E-03      -139.695      
                2.0202E-03      -134.073      
                2.0215E-03       -93.3987     
                2.0228E-03       -81.8319     
                2.0241E-03       -88.4109     
                2.0254E-03      -102.443      
                2.0267E-03      -117.432      
                2.028E-03       -117.071      
                2.0293E-03      -117.399      
                2.0306E-03       -48.9542     
                2.0319E-03       -72.0596     
                2.0332E-03       -85.8696     
                2.0345E-03       -95.4375     
                2.0358E-03       -23.8336     
                2.0371E-03       -57.7161     
                2.0384E-03       -67.6363     
                2.0397E-03       -18.1859     
                2.041E-03        -20.9781     
                2.0423E-03       -48.5205     
                2.0436E-03       -19.1759     
                2.0449E-03       -16.5606     
                2.0462E-03       -24.975      
                2.0475E-03       -14.9809     
                2.0488E-03       -16.9326     
                2.0501E-03       -16.4222     
                2.0514E-03       -14.9895     
                2.0527E-03       -17.7039     
                2.054E-03        -17.2439     
                2.0553E-03       -16.5107     
                2.0566E-03       -17.2589     
                2.0579E-03       -16.475      
                2.0592E-03       -23.3833     
                2.0605E-03       -14.8247     
                2.0618E-03       -13.9099     
                2.0631E-03       -14.5285     
                2.0644E-03       -16.083      
                2.0657E-03       -29.7741     
                2.067E-03        -50.705      
                2.0683E-03       -15.681      
                2.0696E-03       -15.8217     
                2.0709E-03       -14.8168     
                2.0722E-03       -18.6913     
                2.0735E-03       -29.048      
                2.0748E-03       -36.382      
                2.0761E-03       -44.9744     
                2.0774E-03       -13.081      
                2.0787E-03       -13.1202     
                2.08E-03         -12.3885     
                2.0813E-03       -16.5156     
                2.0826E-03       -22.8495     
                2.0839E-03       -32.3641     
                2.0852E-03       -10.4285     
                2.0865E-03        -4.31415E-03
                2.0878E-03       -10.2725     
                2.0891E-03       -35.4674     
                2.0904E-03       -46.3595     
                2.0917E-03       -50.0935     
                2.093E-03        -50.2166     
                2.0943E-03       -50.8595     
                2.0956E-03       -48.7105     
                2.0969E-03       -47.9562     
                2.0982E-03       -50.9337     
                2.0995E-03       -45.7451     
                2.1008E-03       -51.6844     
                2.1021E-03       -45.562      
                2.1034E-03       -42.4679     
                2.1047E-03       -43.4657     
                2.106E-03        -41.6129     
                2.1073E-03       -41.3555     
                2.1086E-03       -39.6694     
                2.1099E-03       -36.5666     
                2.1112E-03       -37.9435     
                2.1125E-03       -33.4407     
                2.1138E-03       -33.1177     
                2.1151E-03       -33.0804     
                2.1164E-03       -14.0648     
                2.1177E-03       -16.2956     
                2.119E-03        -11.067      
                2.1203E-03        -5.73739E-03
                2.1216E-03       -30.8011     
                2.1229E-03       -68.1516     
                2.1242E-03       -87.6401     
                2.1255E-03       -92.2645     
                2.1268E-03       -92.2867     
                2.1281E-03       -94.7149     
                2.1294E-03       -92.9752     
                2.1307E-03       -88.2756     
                2.132E-03        -91.0559     
                2.1333E-03       -92.2502     
                2.1346E-03       -92.1079     
                2.1359E-03       -88.7948     
                2.1372E-03       -83.7242     
                2.1385E-03       -83.4012     
                2.1398E-03       -88.1864     
                2.1411E-03       -87.147      
                2.1424E-03       -80.6156     
                2.1437E-03       -77.9304     
                2.145E-03        -74.6604     
                2.1463E-03       -63.8926     
                2.1476E-03       -51.884      
                2.1489E-03       -69.4355     
                2.1502E-03       -70.8882     
                2.1515E-03      -125.356E-06  
                2.1528E-03       -64.5254     
                2.1541E-03       -75.2883     
                2.1554E-03       -74.1758     
                2.1567E-03       -78.4738     
                2.158E-03        -74.8425     
                2.1593E-03       -50.5199     
                2.1606E-03       -82.8754     
                2.1619E-03       -80.4039     
                2.1632E-03       -77.6615     
                2.1645E-03       -72.0494     
                2.1658E-03       -76.4212     
                2.1671E-03       -28.512      
                2.1684E-03       -71.6311     
                2.1697E-03       -84.3615     
                2.171E-03        -71.825      
                2.1723E-03       -73.6164     
                2.1736E-03       -76.3722     
                2.1749E-03       -48.3306     
                2.1762E-03       -74.1079     
                2.1775E-03       -73.5681     
                2.1788E-03       -75.8157     
                2.1801E-03       -74.2428     
                2.1814E-03       -75.9422     
                2.1827E-03       -32.5217     
                2.184E-03        -67.2859     
                2.1853E-03       -77.0979     
                2.1866E-03       -69.8475     
                2.1879E-03       -78.1048     
                2.1892E-03       -71.2204     
                2.1905E-03       -71.3194     
                2.1918E-03       -24.6222     
                2.1931E-03       -63.4516     
                2.1944E-03       -59.6154     
                2.1957E-03       -60.6315     
                2.197E-03        -63.3767     
                2.1983E-03       -22.9655     
                2.1996E-03       -48.7813     
                2.2009E-03       -52.025      
                2.2022E-03       -57.9831     
                2.2035E-03       -55.887      
                2.2048E-03       -43.2027     
                2.2061E-03       -44.13       
                2.2074E-03       -41.21       
                2.2087E-03       -50.0203     
                2.21E-03         -49.3594     
                2.2113E-03       -48.1337     
                2.2126E-03       -29.9967     
                2.2139E-03       -39.5251     
                2.2152E-03       -44.5983     
                2.2165E-03       -49.1626     
                2.2178E-03       -50.3018     
                2.2191E-03       -51.4197     
                2.2204E-03       -49.8016     
                2.2217E-03       -28.9136     
                2.223E-03        -49.9999     
                2.2243E-03       -44.5386     
                2.2256E-03       -46.9652     
                2.2269E-03       -47.3994     
                2.2282E-03       -46.7211     
                2.2295E-03       -43.4858     
                2.2308E-03       -43.4548     
                2.2321E-03       -32.5704     
                2.2334E-03       -49.3837     
                2.2347E-03       -44.6086     
                2.236E-03        -42.4651     
                2.2373E-03       -40.6984     
                2.2386E-03      -325.546E-06  
                2.2399E-03       -43.7505     
                2.2412E-03       -51.5555     
                2.2425E-03       -47.8194     
                2.2438E-03       -44.9106     
                2.2451E-03       -43.4832     
                2.2464E-03       -46.7759     
                2.2477E-03       -32.9082     
                2.249E-03        -47.439      
                2.2503E-03       -47.4503     
                2.2516E-03       -47.0315     
                2.2529E-03       -46.7271     
                2.2542E-03       -46.1628     
                2.2555E-03       -46.3362     
                2.2568E-03       -46.0287     
                2.2581E-03       -42.7972     
                2.2594E-03       -44.2533     
                2.2607E-03       -36.9547     
                2.262E-03        -43.8416     
                2.2633E-03       -43.4672     
                2.2646E-03       -41.2823     
                2.2659E-03       -44.4512     
                2.2672E-03       -42.1569     
                2.2685E-03       -44.1357     
                2.2698E-03       -47.8241     
                2.2711E-03       -44.8239     
                2.2724E-03       -45.3532     
                2.2737E-03       -45.2295     
                2.275E-03        -44.0772     
                2.2763E-03       -46.4758     
                2.2776E-03       -42.0914     
                2.2789E-03       -41.0411     
                2.2802E-03       -40.5011     
                2.2815E-03       -40.5043     
                2.2828E-03       -22.0716     
                2.2841E-03       -30.7471     
                2.2854E-03       -27.7459     
                2.2867E-03       -20.9235     
                2.288E-03         57.3997E-03 
                2.2893E-03        89.7003E-03 
                2.2906E-03        64.8669E-03 
                2.2919E-03        43.4053E-03 
                2.2932E-03        -1.1025     
                2.2945E-03        26.7108E-03 
                2.2958E-03       -27.4699     
                2.2971E-03       -71.4161     
                2.2984E-03       -78.6792     
                2.2997E-03       -81.1361     
                2.301E-03        -89.5336     
                2.3023E-03       -92.0374     
                2.3036E-03       -94.5756     
                2.3049E-03       -93.129      
                2.3062E-03       -94.036      
                2.3075E-03       -95.6877     
                2.3088E-03       -99.6794     
                2.3101E-03       -98.5775     
                2.3114E-03       -92.9575     
                2.3127E-03       -95.5899     
                2.314E-03        -94.637      
                2.3153E-03       -93.2846     
                2.3166E-03       -92.9685     
                2.3179E-03       -83.0704     
                2.3192E-03       -91.0974     
                2.3205E-03       -98.1527     
                2.3218E-03       -91.5596     
                2.3231E-03       -78.8311     
                2.3244E-03       -72.4555     
                2.3257E-03       -62.7565     
                2.327E-03        -56.537      
                2.3283E-03       -30.7465     
                2.3296E-03       -31.5798     
                2.3309E-03       -31.4108     
                2.3322E-03       -32.6587     
                2.3335E-03       -31.6632     
                2.3348E-03       -32.3598     
                2.3361E-03       -31.6913     
                2.3374E-03       -31.589      
                2.3387E-03       -25.5994     
                2.34E-03         -32.792      
                2.3413E-03       -33.4168     
                2.3426E-03       -31.1288     
                2.3439E-03       -32.3595     
                2.3452E-03       -32.3136     
                2.3465E-03       -31.3893     
                2.3478E-03       -29.482      
                2.3491E-03       -29.9726     
                2.3504E-03       -28.9889     
                2.3517E-03       -29.4428     
                2.353E-03        -26.6111     
                2.3543E-03       -26.9658     
                2.3556E-03       -27.0251     
                2.3569E-03       -27.0644     
                2.3582E-03       -22.7892     
                2.3595E-03       -26.1803     
                2.3608E-03       -24.6386     
                2.3621E-03       -27.1524     
                2.3634E-03       -26.5341     
                2.3647E-03       -27.6387     
                2.366E-03        -27.8559     
                2.3673E-03       -21.7543     
                2.3686E-03       -24.1556     
                2.3699E-03       -23.8221     
                2.3712E-03       -24.1807     
                2.3725E-03       -23.8251     
                2.3738E-03       -24.7676     
                2.3751E-03       -24.397      
                2.3764E-03       -21.4449     
                2.3777E-03       -22.2765     
                2.379E-03        -23.5788     
                2.3803E-03       -23.5682     
                2.3816E-03       -23.4301     
                2.3829E-03       -23.755      
                2.3842E-03       -24.1022     
                2.3855E-03       -21.006      
                2.3868E-03       -21.1068     
                2.3881E-03       -22.069      
                2.3894E-03       -22.6813     
                2.3907E-03       -23.5022     
                2.392E-03        -23.1626     
                2.3933E-03       -18.3685     
                2.3946E-03       -21.57       
                2.3959E-03       -20.7034     
                2.3972E-03       -20.2244     
                2.3985E-03       -22.1555     
                2.3998E-03       -22.7284     
                2.4011E-03       -21.2234     
                2.4024E-03       -23.6747     
                2.4037E-03       -20.4318     
                2.405E-03        -19.9597     
                2.4063E-03       -18.9146     
                2.4076E-03       -20.9589     
                2.4089E-03       -13.5245     
                2.4102E-03       -20.0872     
                2.4115E-03       -25.7052     
                2.4128E-03       -26.2954     
                2.4141E-03       -22.8736     
                2.4154E-03       -23.9677     
                2.4167E-03       -27.88       
                2.418E-03        -26.1936     
                2.4193E-03       -15.2073     
                2.4206E-03       -10.8962     
                2.4219E-03       -10.4551     
                2.4232E-03        -9.71879    
                2.4245E-03        -8.97883    
                2.4258E-03        -7.60536    
                2.4271E-03        -6.36262    
                2.4284E-03        -4.90189    
                2.4297E-03        -4.13425    
                2.431E-03         -3.61283    
                2.4323E-03        -3.58265    
                2.4336E-03        -3.25379    
                2.4349E-03        -1.91632    
                2.4362E-03        -2.7505     
                2.4375E-03        -2.46963    
                2.4388E-03        -2.80587    
                2.4401E-03       -12.4657     
                2.4414E-03       -29.0594     
                2.4427E-03       -37.0315     
                2.444E-03        -56.8162     
                2.4453E-03       -63.9479     
                2.4466E-03       -65.5854     
                2.4479E-03       -63.7269     
                2.4492E-03       -61.1557     
                2.4505E-03       -55.0833     
                2.4518E-03       -54.7683     
                2.4531E-03       -54.7428     
                2.4544E-03       -53.8493     
                2.4557E-03       -51.3287     
                2.457E-03        -50.0998     
                2.4583E-03       -45.6729     
                2.4596E-03       -45.1853     
                2.4609E-03       -44.8406     
                2.4622E-03        -2.65801    
                2.4635E-03        -2.685      
                2.4648E-03        -7.81881    
                2.4661E-03       -18.0424     
                2.4674E-03       -24.4426     
                2.4687E-03        -2.04445    
                2.47E-03          -2.38559    
                2.4713E-03        -3.0066     
                2.4726E-03        -2.34963    
                2.4739E-03        -2.44997    
                2.4752E-03        -2.55662    
                2.4765E-03        -2.43347    
                2.4778E-03        -5.05927    
                2.4791E-03       -15.0715     
                2.4804E-03       -24.4836     
                2.4817E-03       -31.9035     
                2.483E-03        -29.3067     
                2.4843E-03       -32.5677     
                2.4856E-03       -23.7722     
                2.4869E-03       -28.7494     
                2.4882E-03       -30.4034     
                2.4895E-03       -28.8283     
                2.4908E-03       -35.6146     
                2.4921E-03       -29.8398     
                2.4934E-03       -28.3251     
                2.4947E-03       -33.8705     
                2.496E-03        -34.3717     
                2.4973E-03       -36.0423     
                2.4986E-03       -36.0586     
                2.4999E-03       -36.7011     
                2.5012E-03       -37.4894     
                2.5025E-03       -30.0726     
                2.5038E-03       -36.2794     
                2.5051E-03       -35.2788     
                2.5064E-03       -39.1446     
                2.5077E-03       -35.6372     
                2.509E-03        -41.6177     
                2.5103E-03       -39.8956     
                2.5116E-03       -43.0614     
                2.5129E-03       -41.9329     
                2.5142E-03       -32.7314     
                2.5155E-03       -49.0831     
                2.5168E-03       -46.248      
                2.5181E-03       -49.9416     
                2.5194E-03       -55.1599     
                2.5207E-03       -54.5999     
                2.522E-03        -55.8357     
                2.5233E-03       -56.673      
                2.5246E-03       -52.3313     
                2.5259E-03       -54.8226     
                2.5272E-03       -66.4716     
                2.5285E-03       -42.502      
                2.5298E-03       -58.4608     
                2.5311E-03       -59.081      
                2.5324E-03       -58.4003     
                2.5337E-03       -58.1148     
                2.535E-03        -64.2934     
                2.5363E-03       -65.4034     
                2.5376E-03       -56.9897     
                2.5389E-03       -60.6451     
                2.5402E-03       -49.9401     
                2.5415E-03       -60.8877     
                2.5428E-03       -52.3801     
                2.5441E-03       -52.5242     
                2.5454E-03       -60.4269     
                2.5467E-03       -53.4394     
                2.548E-03        -62.3141     
                2.5493E-03       -65.1404     
                2.5506E-03       -66.4788     
                2.5519E-03       -71.9408     
                2.5532E-03       -69.2917     
                2.5545E-03       -63.888      
                2.5558E-03       -52.335      
                2.5571E-03       -62.7811     
                2.5584E-03       -59.801      
                2.5597E-03       -65.1308     
                2.561E-03        -66.4547     
                2.5623E-03       -61.6463     
                2.5636E-03       -65.2233     
                2.5649E-03       -63.3754     
                2.5662E-03       -60.7762     
                2.5675E-03       -58.9862     
                2.5688E-03       -57.1686     
                2.5701E-03       -51.3005     
                2.5714E-03       -48.7211     
                2.5727E-03       -46.7748     
                2.574E-03        -42.4425     
                2.5753E-03       -42.0225     
                2.5766E-03       -40.0451     
                2.5779E-03       -35.6913     
                2.5792E-03       -18.09       
                2.5805E-03       -15.2195     
                2.5818E-03       -15.8379     
                2.5831E-03       -16.419      
                2.5844E-03       -17.0544     
                2.5857E-03       -17.9601     
                2.587E-03        -18.9866     
                2.5883E-03       -19.5391     
                2.5896E-03       -21.1889     
                2.5909E-03       -21.7244     
                2.5922E-03       -22.4741     
                2.5935E-03       -22.1127     
                2.5948E-03       -20.313      
                2.5961E-03       -21.5316     
                2.5974E-03       -24.5336     
                2.5987E-03       -24.1194     
                2.6E-03          -24.0081     




