
                  X               _temp_2     

                0.                 0.         
                5.00014E-06       38.7725     
               10.0006E-06        37.1587     
               15.0002E-06         2.85894    
               20.0008E-06       -18.1562     
               25.0005E-06       -19.7307     
               30.0001E-06         4.7408     
               35.001E-06         16.9242     
               40.0006E-06         6.28448    
               45.0002E-06       -15.9102     
               50.0011E-06       -24.9862     
               55.0007E-06       -24.0089     
               60.0004E-06       -13.0965     
               65.0002E-06        -9.41083    
               70.0005E-06       -10.8678     
               75.0009E-06       -19.882      
               80.0012E-06       -35.8576     
               85.0003E-06       -42.4583     
               90.0006E-06       -42.3782     
               95.001E-06        -43.5911     
              100.E-06           -47.0902     
              105.E-06           -53.3582     
              110.001E-06        -59.3536     
              115.001E-06        -63.6599     
              120.E-06           -66.4955     
              125.001E-06        -69.2216     
              130.001E-06        -73.1673     
              135.001E-06        -77.9117     
              140.E-06           -83.1605     
              145.001E-06        -87.7637     
              150.001E-06        -91.7033     
              155.E-06           -95.0545     
              160.E-06           -98.8159     
              165.001E-06       -103.004      
              170.001E-06       -108.391      
              175.E-06          -115.293      
              180.001E-06       -121.229      
              185.001E-06       -125.456      
              190.001E-06       -129.095      
              195.E-06          -133.098      
              200.001E-06       -138.003      
              205.001E-06       -141.408      
              210.E-06          -144.336      
              215.E-06          -146.778      
              220.001E-06       -148.826      
              225.001E-06       -150.77       
              230.E-06          -152.884      
              235.001E-06       -154.706      
              240.001E-06       -155.82       
              245.001E-06       -156.692      
              250.E-06          -157.31       
              255.001E-06       -157.655      
              260.E-06          -158.793      
              265.001E-06       -159.286      
              270.E-06          -159.481      
              275.001E-06       -160.554      
              280.E-06          -161.2        
              285.001E-06       -162.041      
              290.001E-06       -162.411      
              295.E-06          -162.236      
              300.001E-06       -162.103      
              305.001E-06       -161.545      
              310.E-06          -162.231      
              315.E-06          -162.426      
              320.001E-06       -162.997      
              325.E-06          -110.77       
              330.001E-06       -150.107      
              335.E-06          -160.425      
              340.001E-06       -164.966      
              345.E-06          -168.734      
              350.001E-06       -173.619      
              355.E-06          -176.424      
              360.001E-06       -179.713      
              365.001E-06       -182.92       
              370.E-06          -184.231      
              375.E-06          -186.196      
              380.001E-06       -188.661      
              385.001E-06       -191.124      
              390.001E-06       -192.547      
              395.E-06          -195.084      
              400.001E-06        -87.7063     
              405.E-06           -93.2617     
              410.001E-06       -130.852      
              415.E-06          -147.176      
              420.001E-06       -157.69       
              425.E-06          -162.1        
              430.001E-06       -167.399      
              435.001E-06       -175.983      
              440.001E-06       -185.236      
              445.001E-06       -190.672      
              450.001E-06       -195.576      
              455.E-06          -199.158      
              460.E-06          -203.921      
              465.E-06          -208.492      
              470.E-06          -212.287      
              475.E-06          -217.351      
              480.001E-06       -222.07       
              485.001E-06       -112.369      
              490.001E-06       -101.872      
              495.E-06          -159.112      
              500.E-06          -169.661      
              505.001E-06       -185.046      
              510.E-06          -194.411      
              515.001E-06        -65.4009     
              520.001E-06       -121.954      
              525.E-06          -150.177      
              530.E-06            -7.78282    
              535.001E-06        -15.5673     
              540.001E-06         -6.5398     
              545.E-06            -5.78564    
              550.001E-06         -6.22632    
              555.E-06            -6.67618    
              560.001E-06         -6.81263    
              565.E-06            -1.89729    
              570.001E-06         -3.19712    
              575.E-06           -19.0782     
              580.001E-06        -44.6134     
              585.001E-06        -75.5324     
              590.E-06           -90.8076     
              595.001E-06       -102.652      
              600.E-06          -109.835      
              605.001E-06       -132.746      
              610.E-06          -148.253      
              615.001E-06       -161.485      
              620.E-06          -172.097      
              625.001E-06       -179.655      
              630.001E-06       -183.515      
              635.E-06           -69.2779     
              640.001E-06        -88.6095     
              645.E-06           -76.3706     
              650.001E-06        -86.0229     
              655.E-06          -149.636      
              660.001E-06       -177.296      
              665.E-06          -193.019      
              670.001E-06       -188.217      
              675.001E-06       -199.821      
              680.E-06          -196.998      
              685.001E-06       -203.51       
              690.001E-06       -215.939      
              695.E-06          -217.336      
              700.001E-06        -70.2763     
              705.E-06          -135.802      
              710.001E-06       -168.603      
              715.E-06          -190.537      
              720.001E-06       -204.069      
              725.E-06          -193.013      
              730.001E-06       -212.393      
              735.E-06          -219.864      
              740.001E-06       -222.999      
              745.E-06          -230.65       
              750.E-06          -234.214      
              755.E-06          -136.744      
              760.001E-06       -154.994      
              765.E-06          -199.455      
              770.001E-06       -198.998      
              775.E-06          -205.97       
              780.001E-06       -215.05       
              785.E-06          -221.098      
              790.001E-06       -225.813      
              795.001E-06       -230.484      
              800.E-06          -235.408      
              805.001E-06       -239.155      
              810.001E-06       -242.509      
              815.E-06          -101.955      
              820.001E-06       -159.102      
              825.E-06          -174.662      
              830.001E-06       -162.399      
              835.001E-06       -184.989      
              840.E-06          -113.519      
              845.001E-06       -148.42       
              850.E-06           -12.8548     
              855.001E-06        -39.9519     
              860.E-06           -86.7602     
              865.001E-06       -114.772      
              870.E-06          -111.121      
              875.001E-06       -132.557      
              880.001E-06       -143.357      
              885.E-06           -27.2796     
              890.001E-06        -11.5935     
              895.E-06           -66.4153     
              900.001E-06        -85.6989     
              905.E-06           -89.3224     
              910.001E-06        -85.3386     
              915.E-06           -52.0482     
              920.001E-06        -60.2863     
              925.001E-06        -44.8026     
              930.E-06           -45.7544     
              935.001E-06        -32.1281     
              940.E-06           -33.1557     
              945.001E-06         -3.54076    
              950.E-06           -17.5794     
              955.001E-06        -17.7521     
              960.E-06           -17.7707     
              965.001E-06        -13.386      
              970.001E-06        -13.3152     
              975.E-06            -7.87612    
              980.E-06           -13.5404     
              985.E-06           -13.8707     
              990.E-06           -11.3416     
              995.E-06           -10.869      
                1.E-03           -11.8811     
                1.005E-03        -11.2305     
                1.01E-03          -8.70635    
                1.015E-03         -8.4269     
                1.02E-03         -46.6052     
                1.025E-03        -74.5966     
                1.03E-03        -102.553      
                1.035E-03       -120.836      
                1.04E-03        -135.224      
                1.045E-03         -6.00155    
                1.05E-03         -76.68       
                1.055E-03       -108.677      
                1.06E-03        -138.534      
                1.065E-03       -144.98       
                1.07E-03        -143.173      
                1.075E-03       -153.455      
                1.08E-03        -166.558      
                1.085E-03       -165.881      
                1.09E-03        -165.31       
                1.095E-03        -95.9293     
                1.1E-03         -118.271      
                1.105E-03       -127.559      
                1.11E-03        -133.036      
                1.115E-03       -136.896      
                1.12E-03        -149.853      
                1.125E-03       -147.119      
                1.13E-03        -153.267      
                1.135E-03       -150.828      
                1.14E-03        -148.908      
                1.145E-03        -77.9268     
                1.15E-03         -90.4568     
                1.155E-03       -107.807      
                1.16E-03        -114.502      
                1.165E-03       -113.603      
                1.17E-03        -122.154      
                1.175E-03        -42.966      
                1.18E-03         -56.2036     
                1.185E-03        -69.2479     
                1.19E-03         -78.9882     
                1.195E-03        -22.0073     
                1.2E-03          -26.1036     
                1.205E-03        -41.7496     
                1.21E-03         -15.275      
                1.215E-03        -14.2314     
                1.22E-03         -13.079      
                1.225E-03        -15.4644     
                1.23E-03         -16.0446     
                1.235E-03        -13.9156     
                1.24E-03         -13.257      
                1.245E-03        -11.9323     
                1.25E-03         -11.4548     
                1.255E-03         -8.30768    
                1.26E-03          -9.29442    
                1.265E-03         -7.19105    
                1.27E-03         -10.8376     
                1.275E-03        -10.0779     
                1.28E-03          -8.88176    
                1.285E-03         -8.12992    
                1.29E-03          -7.12805    
                1.295E-03         -6.36058    
                1.3E-03           -5.60005    
                1.305E-03         -4.30276    
                1.31E-03          -6.40126    
                1.315E-03         -5.50469    
                1.32E-03          -4.09037    
                1.325E-03         -4.02892    
                1.33E-03          -4.06812    
                1.335E-03         -3.76468    
                1.34E-03          -4.05065    
                1.345E-03         -4.09984    
                1.35E-03          -6.09382    
                1.355E-03         -5.86778    
                1.36E-03          -5.18072    
                1.365E-03         -4.9068     
                1.37E-03          -8.31658    
                1.375E-03        -14.9247     
                1.38E-03          -4.28823    
                1.385E-03         -4.13889    
                1.39E-03          -4.06844    
                1.395E-03         -6.46713    
                1.4E-03           -3.77301    
                1.405E-03        -10.6871     
                1.41E-03         -17.5699     
                1.415E-03        -21.8135     
                1.42E-03          -8.31389    
                1.425E-03         -8.13358    
                1.43E-03          -7.75221    
                1.435E-03         -7.46527    
                1.44E-03          -6.96972    
                1.445E-03         -6.18515    
                1.45E-03          -6.12929    
                1.455E-03         -5.92392    
                1.46E-03          -5.67818    
                1.465E-03         -4.91841    
                1.47E-03          -4.88688    
                1.475E-03         -9.51131    
                1.48E-03          -9.12636    
                1.485E-03         -8.22057    
                1.49E-03          -7.84379    
                1.495E-03         -7.62009    
                1.5E-03           -6.51712    
                1.505E-03         -6.34013    
                1.51E-03          -6.26522    
                1.515E-03         -5.83992    
                1.52E-03          -1.49209    
                1.525E-03          1.37823E-03
                1.53E-03           2.27654E-03
                1.535E-03         -2.25119    
                1.54E-03         -12.2818     
                1.545E-03        -39.056      
                1.55E-03         -48.4697     
                1.555E-03        -48.4991     
                1.56E-03         -52.1607     
                1.565E-03        -53.8577     
                1.57E-03         -56.7015     
                1.575E-03        -54.8038     
                1.58E-03         -56.1246     
                1.585E-03        -56.9379     
                1.59E-03         -57.5313     
                1.595E-03        -55.0025     
                1.6E-03          -55.2807     
                1.605E-03        -55.3851     
                1.61E-03         -50.1353     
                1.615E-03        -51.1498     
                1.62E-03         -51.5324     
                1.625E-03        -46.3862     
                1.63E-03         -46.1465     
                1.635E-03        -47.4157     
                1.64E-03         -47.6493     
                1.645E-03        -41.6252     
                1.65E-03         -39.8775     
                1.655E-03        -52.884      
                1.66E-03         -52.1111     
                1.665E-03        -52.5458     
                1.67E-03         -50.8414     
                1.675E-03        835.299E-06  
                1.68E-03         -47.9806     
                1.685E-03        -48.0301     
                1.69E-03         -49.4547     
                1.695E-03        -49.7481     
                1.7E-03          -42.7643     
                1.705E-03        -47.1633     
                1.71E-03         -48.0871     
                1.715E-03        -45.9809     
                1.72E-03         -23.4351     
                1.725E-03        -38.9779     
                1.73E-03         142.284E-06  
                1.735E-03        -40.3813     
                1.74E-03         -44.2445     
                1.745E-03        -46.781      
                1.75E-03         232.752E-06  
                1.755E-03        -26.7098     
                1.76E-03         -59.0191     
                1.765E-03        -56.6716     
                1.77E-03         -16.0578     
                1.775E-03        -56.8606     
                1.78E-03         -61.2132     
                1.785E-03        -62.2519     
                1.79E-03         -64.4402     
                1.795E-03        -57.28       
                1.8E-03          -55.3311     
                1.805E-03        -56.8498     
                1.81E-03         -55.2244     
                1.815E-03        -46.9244     
                1.82E-03         -46.9289     
                1.825E-03        -48.2782     
                1.83E-03         -49.3673     
                1.835E-03        -19.5119     
                1.84E-03         -40.7569     
                1.845E-03        -44.7695     
                1.85E-03         -25.6373     
                1.855E-03        -46.9764     
                1.86E-03         -46.6721     
                1.865E-03        -47.5802     
                1.87E-03         -47.3433     
                1.875E-03        -44.9568     
                1.88E-03         -45.7885     
                1.885E-03        -45.9917     
                1.89E-03         -19.6312     
                1.895E-03        -55.053      
                1.9E-03          -52.9237     
                1.905E-03        -50.1967     
                1.91E-03         -51.7889     
                1.915E-03        -49.6474     
                1.92E-03         -43.6761     
                1.925E-03        -14.8645     
                1.93E-03         -37.5371     
                1.935E-03        -42.5747     
                1.94E-03         -43.2927     
                1.945E-03        -48.2469     
                1.95E-03         -41.6605     
                1.955E-03        -18.2482     
                1.96E-03         -43.6232     
                1.965E-03        -46.0347     
                1.97E-03         -46.5221     
                1.975E-03        -34.2435     
                1.98E-03         -47.5339     
                1.985E-03        -40.758      
                1.99E-03         -41.8159     
                1.995E-03        -48.1191     
                2.E-03           -47.53       
                2.005E-03        -44.7788     
                2.01E-03         -40.8734     
                2.015E-03        -40.231      
                2.02E-03         -31.1642     
                2.025E-03        -46.3928     
                2.03E-03         -45.5953     
                2.035E-03        -46.0301     
                2.04E-03         -42.0556     
                2.045E-03        -41.0953     
                2.05E-03         -35.2248     
                2.055E-03        -42.587      
                2.06E-03         -45.5515     
                2.065E-03         -6.8614     
                2.07E-03         -40.3091     
                2.075E-03        -44.2315     
                2.08E-03         -46.3714     
                2.085E-03        -47.4505     
                2.09E-03         -48.1287     
                2.095E-03        -30.1431     
                2.1E-03          -41.4141     
                2.105E-03        -46.2168     
                2.11E-03         -48.9575     
                2.115E-03        -48.3389     
                2.12E-03         -34.2191     
                2.125E-03        -50.2244     
                2.13E-03         -45.0645     
                2.135E-03        -47.0767     
                2.14E-03         -49.0217     
                2.145E-03        -37.2607     
                2.15E-03         -43.4999     
                2.155E-03        -46.398      
                2.16E-03         -32.2609     
                2.165E-03        -48.6837     
                2.17E-03         -50.0351     
                2.175E-03        -51.8299     
                2.18E-03         -51.5172     
                2.185E-03        -17.9809     
                2.19E-03         -47.7822     
                2.195E-03        -53.2988     
                2.2E-03          -51.4134     
                2.205E-03        -52.6462     
                2.21E-03         -48.4231     
                2.215E-03        -52.7184     
                2.22E-03         -47.5336     
                2.225E-03        -48.8582     
                2.23E-03         -50.5769     
                2.235E-03        -15.0886     
                2.24E-03         -44.3538     
                2.245E-03        -45.3479     
                2.25E-03         -46.833      
                2.255E-03        -50.2035     
                2.26E-03         -40.4446     
                2.265E-03        -53.591      
                2.27E-03         -45.0564     
                2.275E-03        -44.2487     
                2.28E-03         -48.162      
                2.285E-03        -48.5152     
                2.29E-03         -24.8567     
                2.295E-03        -43.3712     
                2.3E-03          -46.3405     
                2.305E-03        -47.5076     
                2.31E-03         -47.7506     
                2.315E-03        -49.6911     
                2.32E-03         -36.4325     
                2.325E-03        -46.8155     
                2.33E-03         -47.627      
                2.335E-03        -45.6372     
                2.34E-03         -46.5773     
                2.345E-03        -13.8871     
                2.35E-03         -39.1666     
                2.355E-03        -44.7763     
                2.36E-03         -47.5326     
                2.365E-03        -48.3644     
                2.37E-03         -47.9063     
                2.375E-03        -43.6441     
                2.38E-03         -42.685      
                2.385E-03        -17.2861     
                2.39E-03         -47.073      
                2.395E-03        -46.7964     
                2.4E-03          -36.4625     
                2.405E-03        -42.513      
                2.41E-03         -24.8463     
                2.415E-03        -41.7453     
                2.42E-03         -46.8762     
                2.425E-03        -45.1685     
                2.43E-03         -41.1249     
                2.435E-03        -12.262      
                2.44E-03         -40.9805     
                2.445E-03        -43.1805     
                2.45E-03         -42.4666     
                2.455E-03        -46.3613     
                2.46E-03         -41.9427     
                2.465E-03        -42.3391     
                2.47E-03         -24.9686     
                2.475E-03        -43.8713     
                2.48E-03         -43.8827     
                2.485E-03        -41.9746     
                2.49E-03         -43.2643     
                2.495E-03        -39.5195     
                2.5E-03          -45.3323     
                2.505E-03        -46.8728     
                2.51E-03         -46.9351     
                2.515E-03        -18.2354     
                2.52E-03         -38.6934     
                2.525E-03        -46.4269     
                2.53E-03         -48.705      
                2.535E-03        -50.2765     
                2.54E-03         -49.4031     
                2.545E-03        -44.1828     
                2.55E-03         -23.8706     
                2.555E-03        -43.3849     
                2.56E-03         -47.0269     
                2.565E-03        -49.1416     
                2.57E-03         -42.7189     
                2.575E-03         -1.73384E-03
                2.58E-03         -39.9481     
                2.585E-03        -48.3234     
                2.59E-03         -50.2564     
                2.595E-03        -48.5089     
                2.6E-03          -44.0494     
                2.605E-03        -23.3111     
                2.61E-03         -43.7017     
                2.615E-03        -50.4506     
                2.62E-03         -46.7759     
                2.625E-03        -43.6485     
                2.63E-03         -43.4578     
                2.635E-03        -43.6012     
                2.64E-03         -19.9098     
                2.645E-03        -41.7991     
                2.65E-03         -52.1115     
                2.655E-03        -47.4123     
                2.66E-03         -44.8987     
                2.665E-03        -30.9059     
                2.67E-03         -45.3707     
                2.675E-03        -47.651      
                2.68E-03         -44.9572     
                2.685E-03        -47.6602     
                2.69E-03         -23.5769     
                2.695E-03        -45.7951     
                2.7E-03          -45.0998     
                2.705E-03        -50.3877     
                2.71E-03         -46.066      
                2.715E-03        -47.0597     
                2.72E-03         -17.9887     
                2.725E-03        -44.9681     
                2.73E-03         -49.623      
                2.735E-03        -47.2463     
                2.74E-03         -44.944      
                2.745E-03        -46.5633     
                2.75E-03         -30.5904     
                2.755E-03        -46.6047     
                2.76E-03         -47.6159     
                2.765E-03        -44.821      
                2.77E-03         -37.4182     
                2.775E-03        -40.5421     
                2.78E-03         -48.9658     
                2.785E-03        -47.4029     
                2.79E-03         -43.4799     
                2.795E-03        -24.2614     
                2.8E-03          -44.4562     
                2.805E-03        -44.2887     
                2.81E-03         -46.2788     
                2.815E-03        -49.4389     
                2.82E-03         -28.0642     
                2.825E-03        -43.5053     
                2.83E-03         -44.0661     
                2.835E-03        -48.2403     
                2.84E-03         -49.41       
                2.845E-03        -17.8047     
                2.85E-03         -41.4362     
                2.855E-03        -44.0511     
                2.86E-03         -46.2828     
                2.865E-03        -47.5256     
                2.87E-03         -46.2606     
                2.875E-03        -12.1669     
                2.88E-03         -41.4308     
                2.885E-03        -43.8691     
                2.89E-03         -43.9355     
                2.895E-03        -46.4024     
                2.9E-03          -35.5086     
                2.905E-03        -12.8754     
                2.91E-03         -43.4638     
                2.915E-03        -44.9656     
                2.92E-03         -45.7738     
                2.925E-03        -44.9167     
                2.93E-03         -43.9741     
                2.935E-03        -34.7321     
                2.94E-03         -46.1956     
                2.945E-03        -44.8503     
                2.95E-03         -45.0067     
                2.955E-03        -49.2998     
                2.96E-03         -43.3648     
                2.965E-03        -41.9419     
                2.97E-03         -33.2246     
                2.975E-03        -43.5979     
                2.98E-03         -50.3192     
                2.985E-03        -48.5432     
                2.99E-03         -42.5057     
                2.995E-03        -43.0966     
                3.E-03           -43.8611     
                3.005E-03        -34.6356     
                3.01E-03         -44.3247     
                3.015E-03        -40.9594     
                3.02E-03         -44.0482     
                3.025E-03        -44.9931     
                3.03E-03         -13.528      
                3.035E-03        -44.3029     
                3.04E-03         -46.1575     
                3.045E-03        -43.3176     
                3.05E-03         -44.9861     
                3.055E-03        -42.9141     
                3.06E-03         -33.7246     
                3.065E-03        -46.0702     
                3.07E-03         -44.4186     
                3.075E-03        -46.6173     
                3.08E-03         -28.7296     
                3.085E-03        -46.8644     
                3.09E-03         -47.6852     
                3.095E-03        -49.538      
                3.1E-03          -44.6668     
                3.105E-03        -45.3761     
                3.11E-03         -35.8077     
                3.115E-03        -44.7818     
                3.12E-03         -48.7444     
                3.125E-03        -41.4194     
                3.13E-03         -20.4431     
                3.135E-03        -45.8432     
                3.14E-03         -48.1527     
                3.145E-03        -48.323      
                3.15E-03         -47.2799     
                3.155E-03        -45.7753     
                3.16E-03         -45.587      
                3.165E-03        -29.0108     
                3.17E-03         -46.8271     
                3.175E-03        -50.0114     
                3.18E-03         -50.9752     
                3.185E-03        -45.0826     
                3.19E-03         -46.8227     
                3.195E-03        -31.4488     
                3.2E-03          -45.024      
                3.205E-03        -52.4955     
                3.21E-03         -45.5342     
                3.215E-03        -45.4071     
                3.22E-03         -45.8753     
                3.225E-03        -34.0662     
                3.23E-03         -44.6793     
                3.235E-03        -51.8441     
                3.24E-03         -46.4098     
                3.245E-03        -28.7155     
                3.25E-03         -46.942      
                3.255E-03        -46.5899     
                3.26E-03         -46.6153     
                3.265E-03        -44.5173     
                3.27E-03         -44.3317     
                3.275E-03        -18.1958     
                3.28E-03         -44.1419     
                3.285E-03        -47.636      
                3.29E-03         -46.2305     
                3.295E-03        -18.1787     
                3.3E-03          -43.9895     
                3.305E-03        -43.6138     
                3.31E-03         -48.2632     
                3.315E-03        -48.8478     
                3.32E-03         -44.7718     
                3.325E-03        -26.5176     
                3.33E-03         -47.147      
                3.335E-03        -46.1807     
                3.34E-03         -47.2277     
                3.345E-03        -49.5417     
                3.35E-03         -43.9879     
                3.355E-03        -20.2386     
                3.36E-03         -41.4128     
                3.365E-03        -44.2888     
                3.37E-03         -46.3595     
                3.375E-03        -41.7442     
                3.38E-03         -35.4098     
                3.385E-03        -44.5888     
                3.39E-03         -45.3379     
                3.395E-03        -47.1994     
                3.4E-03          -47.1913     
                3.405E-03        -44.0906     
                3.41E-03         -28.0337     
                3.415E-03        -42.2519     
                3.42E-03         -46.634      
                3.425E-03        -46.3515     
                3.43E-03         -43.7119     
                3.435E-03        -43.6043     
                3.44E-03         -43.3201     
                3.445E-03        -31.8593     
                3.45E-03         -45.2726     
                3.455E-03        -47.6152     
                3.46E-03         -42.8334     
                3.465E-03        -41.7469     
                3.47E-03         -33.9018     
                3.475E-03        -42.8282     
                3.48E-03         -48.6251     
                3.485E-03        -47.8008     
                3.49E-03         -44.4652     
                3.495E-03        -44.5014     
                3.5E-03          -44.2943     
                3.505E-03        -17.8466     
                3.51E-03         -37.6967     
                3.515E-03        -40.1976     
                3.52E-03         -46.5057     
                3.525E-03        -43.2353     
                3.53E-03         -41.2317     
                3.535E-03        -45.373      
                3.54E-03         -24.4719     
                3.545E-03        -39.2743     
                3.55E-03         -41.7008     
                3.555E-03        -19.6688     
                3.56E-03         -44.3501     
                3.565E-03        -43.1705     
                3.57E-03         -47.6818     
                3.575E-03        -40.0645     
                3.58E-03         -43.3028     
                3.585E-03        -43.9832     
                3.59E-03         -20.7979     
                3.595E-03        -43.1808     
                3.6E-03          -46.048      
                3.605E-03        -42.015      
                3.61E-03         -46.8261     
                3.615E-03        -44.0529     
                3.62E-03         -34.129      
                3.625E-03        -46.2323     
                3.63E-03         -43.5241     
                3.635E-03        -44.9535     
                3.64E-03         -17.1938     
                3.645E-03        -43.5985     
                3.65E-03         -47.3657     
                3.655E-03        -42.7271     
                3.66E-03         -42.8061     
                3.665E-03        -36.9308     
                3.67E-03         -47.5629     
                3.675E-03        -47.9595     
                3.68E-03         -49.5529     
                3.685E-03        -43.7557     
                3.69E-03         -46.0515     
                3.695E-03        -34.3498     
                3.7E-03          -43.6831     
                3.705E-03        -48.0475     
                3.71E-03         -43.1388     
                3.715E-03        -15.2091     
                3.72E-03         -41.5329     
                3.725E-03        -48.1826     
                3.73E-03         -50.8509     
                3.735E-03        -49.1596     
                3.74E-03         -18.7247     
                3.745E-03        -43.7295     
                3.75E-03         -47.804      
                3.755E-03        -47.6415     
                3.76E-03         -47.8727     
                3.765E-03        -50.2047     
                3.77E-03         -33.0821     
                3.775E-03        -43.3766     
                3.78E-03         -44.8035     
                3.785E-03        -46.2428     
                3.79E-03         -48.3332     
                3.795E-03        -43.0356     
                3.8E-03           -8.0953     
                3.805E-03        -41.9276     
                3.81E-03         -45.3093     
                3.815E-03        -47.3863     
                3.82E-03         -49.4159     
                3.825E-03        -44.3006     
                3.83E-03         -35.6798     
                3.835E-03        -40.2153     
                3.84E-03         -44.3622     
                3.845E-03        -46.1986     
                3.85E-03         -42.3079     
                3.855E-03         -6.92467    
                3.86E-03         -40.6906     
                3.865E-03        -46.1182     
                3.87E-03         -46.9467     
                3.875E-03        -50.1748     
                3.88E-03         -44.2533     
                3.885E-03         -8.30933    
                3.89E-03         -40.9985     
                3.895E-03        -44.9003     
                3.9E-03          -49.511      
                3.905E-03        -49.3192     
                3.91E-03         -43.6196     
                3.915E-03        -42.989      
                3.92E-03         -43.0109     
                3.925E-03        -19.5331     
                3.93E-03         -42.2983     
                3.935E-03        -48.1604     
                3.94E-03         -41.0834     
                3.945E-03        -44.312      
                3.95E-03         -43.7758     
                3.955E-03        -44.0004     
                3.96E-03         -18.6728     
                3.965E-03        -42.4168     
                3.97E-03         -46.1791     
                3.975E-03        -40.5968     
                3.98E-03         -42.3963     
                3.985E-03        -44.9708     
                3.99E-03         -13.8719     
                3.995E-03        -41.2983     
                4.E-03           -41.9332     
                4.005E-03        -46.6166     
                4.01E-03         -44.249      
                4.015E-03        -43.734      
                4.02E-03         -43.9382     
                4.025E-03        -44.9191     
                4.03E-03         -35.6202     
                4.035E-03        -42.9876     
                4.04E-03         -37.8161     
                4.045E-03        -44.7462     
                4.05E-03         -46.0497     
                4.055E-03        -17.12       
                4.06E-03         -43.6913     
                4.065E-03        -44.9375     
                4.07E-03         -46.3974     
                4.075E-03        -44.4526     
                4.08E-03         -44.5364     
                4.085E-03        -30.5515     
                4.09E-03         -44.9867     
                4.095E-03        -49.444      
                4.1E-03          -49.6533     
                4.105E-03        -50.6437     
                4.11E-03        -122.145E-06  
                4.115E-03        -37.7673     
                4.12E-03         -46.3473     
                4.125E-03        -42.0717     
                4.13E-03         -46.4959     
                4.135E-03        -47.9554     
                4.14E-03         -44.975      
                4.145E-03        -21.7614     
                4.15E-03         -40.2128     
                4.155E-03        -44.4591     
                4.16E-03         -46.7084     
                4.165E-03        -48.0096     
                4.17E-03         -47.9999     
                4.175E-03        -42.9485     
                4.18E-03         -15.1696     
                4.185E-03        -39.494      
                4.19E-03         -45.9926     
                4.195E-03        -44.072      
                4.2E-03          -47.3389     
                4.205E-03        -50.0126     
                4.21E-03         -13.3741     
                4.215E-03        -43.3905     
                4.22E-03         -46.372      
                4.225E-03        -43.1299     
                4.23E-03         -45.1487     
                4.235E-03        -48.4557     
                4.24E-03         -49.0497     
                4.245E-03        -16.3793     
                4.25E-03         -41.4246     
                4.255E-03        -45.3391     
                4.26E-03         -45.1807     
                4.265E-03        -48.0783     
                4.27E-03         -47.8947     
                4.275E-03        -43.5265     
                4.28E-03         -26.0072     
                4.285E-03        -43.9717     
                4.29E-03         -46.2169     
                4.295E-03        -46.1267     
                4.3E-03          -48.9736     
                4.305E-03        -49.6296     
                4.31E-03         -45.2937     
                4.315E-03        -44.7345     
                4.32E-03         -13.8532     
                4.325E-03        -42.5637     
                4.33E-03         -45.5599     
                4.335E-03        -46.5334     
                4.34E-03         -50.3133     
                4.345E-03        -45.2115     
                4.35E-03         -43.5239     
                4.355E-03        -31.1862     
                4.36E-03         -43.29       
                4.365E-03        -42.8778     
                4.37E-03         -47.2906     
                4.375E-03        -42.9778     
                4.38E-03         -41.6441     
                4.385E-03        -44.3204     
                4.39E-03         -42.9201     
                4.395E-03        -42.8721     
                4.4E-03          -11.4013     
                4.405E-03        -33.1871     
                4.41E-03         -39.4349     
                4.415E-03        -42.4479     
                4.42E-03         -44.8853     
                4.425E-03        -44.93       
                4.43E-03         -12.549      
                4.435E-03        -32.8057     
                4.44E-03         -44.2292     
                4.445E-03        -44.8059     
                4.45E-03         -44.2966     
                4.455E-03        -44.8719     
                4.46E-03         -32.931      
                4.465E-03        -45.0146     
                4.47E-03         -43.9584     
                4.475E-03        -42.53       
                4.48E-03         -44.8115     
                4.485E-03        -45.3925     
                4.49E-03         -19.6921     
                4.495E-03        -42.8904     
                4.5E-03          -44.2111     
                4.505E-03        -47.8601     
                4.51E-03         -46.3192     
                4.515E-03        -44.7906     
                4.52E-03         -29.9364     
                4.525E-03        -44.7094     
                4.53E-03         -47.6158     
                4.535E-03          1.22115E-03
                4.54E-03         -39.1672     
                4.545E-03        -50.5778     
                4.55E-03         -43.9681     
                4.555E-03        -47.6541     
                4.56E-03         -45.5351     
                4.565E-03        -48.8914     
                4.57E-03         -49.6183     
                4.575E-03        -43.6876     
                4.58E-03         -11.4374     
                4.585E-03        -36.5392     
                4.59E-03         -43.7491     
                4.595E-03        -46.413      
                4.6E-03          -50.6937     
                4.605E-03        -48.5658     
                4.61E-03         -44.6264     
                4.615E-03         -8.15237    
                4.62E-03         -41.0153     
                4.625E-03        -44.0396     
                4.63E-03         -44.1061     
                4.635E-03        -46.8514     
                4.64E-03         -47.8475     
                4.645E-03        -44.4052     
                4.65E-03         -21.0769     
                4.655E-03        -43.2374     
                4.66E-03         -46.3173     
                4.665E-03        -45.8074     
                4.67E-03         -47.4548     
                4.675E-03        -43.0223     
                4.68E-03         -45.301      
                4.685E-03        -18.5438     
                4.69E-03         -41.8312     
                4.695E-03        -43.7337     
                4.7E-03          -45.7832     
                4.705E-03        -43.2607     
                4.71E-03         -43.626      
                4.715E-03        -42.6301     
                4.72E-03         -17.8594     
                4.725E-03        -40.7005     
                4.73E-03         -46.4326     
                4.735E-03        -49.8972     
                4.74E-03         -41.5156     
                4.745E-03        -43.7507     
                4.75E-03         -43.2806     
                4.755E-03        -30.144      
                4.76E-03         -44.6345     
                4.765E-03        -48.1779     
                4.77E-03         -49.2585     
                4.775E-03        -41.5581     
                4.78E-03          -5.85538    
                4.785E-03        -34.4762     
                4.79E-03         -42.8073     
                4.795E-03        -46.9919     
                4.8E-03          -46.5699     
                4.805E-03        -48.8734     
                4.81E-03         -43.2826     
                4.815E-03        -43.4583     
                4.82E-03         -44.1879     
                4.825E-03        -43.2211     
                4.83E-03         -10.7569     
                4.835E-03        -43.9091     
                4.84E-03         -47.1645     
                4.845E-03        -42.7406     
                4.85E-03         -43.9331     
                4.855E-03        -43.7596     
                4.86E-03         -11.0107     
                4.865E-03        -34.333      
                4.87E-03         -40.8769     
                4.875E-03        -47.6778     
                4.88E-03         -42.2083     
                4.885E-03        -45.7427     
                4.89E-03         -47.7895     
                4.895E-03        -44.4857     
                4.9E-03          -21.2928     
                4.905E-03        -38.9614     
                4.91E-03         -40.702      
                4.915E-03        -41.7007     
                4.92E-03         -24.3662     
                4.925E-03        -39.6304     
                4.93E-03         -43.0937     
                4.935E-03        -45.9431     
                4.94E-03         -47.9635     
                4.945E-03        -44.8517     
                4.95E-03         -45.1504     
                4.955E-03        -44.6624     
                4.96E-03         -13.0039     
                4.965E-03        -43.6077     
                4.97E-03         -45.9345     
                4.975E-03        -47.1066     
                4.98E-03         -37.8234     
                4.985E-03        -24.9751     
                4.99E-03         -46.0043     
                4.995E-03        -45.5316     
                5.E-03           -45.7593     
                5.005E-03        -47.9478     
                5.01E-03         879.601E-06  
                5.015E-03        -36.6548     
                5.02E-03         -41.9524     
                5.025E-03        -47.3255     
                5.03E-03         -46.2984     
                5.035E-03        -47.8814     
                5.04E-03         -49.0901     
                5.045E-03         -4.62229    
                5.05E-03         -33.2954     
                5.055E-03        -41.2057     
                5.06E-03         -48.7616     
                5.065E-03        -47.4324     
                5.07E-03         -48.3343     
                5.075E-03        -48.3272     
                5.08E-03         -42.2621     
                5.085E-03        -15.2952     
                5.09E-03         -41.1475     
                5.095E-03        -41.949      
                5.1E-03          -45.5228     
                5.105E-03        -50.2845     
                5.11E-03         -42.8708     
                5.115E-03        -45.6058     
                5.12E-03         -18.3131     
                5.125E-03        -40.4254     
                5.13E-03         -45.477      
                5.135E-03        -45.4516     
                5.14E-03         -45.1331     
                5.145E-03        -43.376      
                5.15E-03         -44.2145     
                5.155E-03        -10.3479     
                5.16E-03         -41.3451     
                5.165E-03        -44.7151     
                5.17E-03         -45.1552     
                5.175E-03        -45.4216     
                5.18E-03         -45.0873     
                5.185E-03         -2.76138    
                5.19E-03         -37.7897     
                5.195E-03        -43.5148     
                5.2E-03          -48.4706     
                5.205E-03        -46.9112     
                5.21E-03         -45.0247     
                5.215E-03        -44.6283     
                5.22E-03         -44.5166     
                5.225E-03        -45.1548     
                5.23E-03         -16.7668     
                5.235E-03        -41.9563     
                5.24E-03         -46.2774     
                5.245E-03        -43.3248     
                5.25E-03         -46.8712     
                5.255E-03        -44.069      
                5.26E-03        -743.449E-06  
                5.265E-03        -35.6973     
                5.27E-03         -43.5908     
                5.275E-03        -49.5194     
                5.28E-03         -42.4575     
                5.285E-03        -46.2846     
                5.29E-03         -24.606      
                5.295E-03        -44.3817     
                5.3E-03          -40.5784     
                5.305E-03        -46.8593     
                5.31E-03         -48.623      
                5.315E-03        -43.7454     
                5.32E-03         -45.571      
                5.325E-03        -44.4369     
                5.33E-03         -10.9471     
                5.335E-03        -41.0543     
                5.34E-03         -44.9827     
                5.345E-03        -40.5989     
                5.35E-03         -46.2127     
                5.355E-03        -42.5885     
                5.36E-03         -13.9728     
                5.365E-03        -42.3557     
                5.37E-03         -46.4032     
                5.375E-03        -49.0334     
                5.38E-03         -44.2626     
                5.385E-03        -47.4577     
                5.39E-03         -23.7204     
                5.395E-03        -44.0847     
                5.4E-03          -41.7967     
                5.405E-03        -47.8601     
                5.41E-03         -48.8704     
                5.415E-03        -43.8199     
                5.42E-03         -45.7358     
                5.425E-03        -13.9606     
                5.43E-03         -42.659      
                5.435E-03        -42.512      
                5.44E-03         -44.8774     
                5.445E-03        -42.4726     
                5.45E-03         -45.2214     
                5.455E-03        -45.6996     
                5.46E-03         -21.8209     
                5.465E-03        -41.7809     
                5.47E-03         -43.8601     
                5.475E-03        -45.8504     
                5.48E-03         -44.0268     
                5.485E-03        -17.2276     
                5.49E-03         -41.6319     
                5.495E-03        -46.2238     
                5.5E-03          -44.6039     
                5.505E-03        -45.5581     
                5.51E-03         -49.4169     
                5.515E-03        -43.5748     
                5.52E-03         -31.1651     
                5.525E-03        -47.0274     
                5.53E-03         -45.8755     
                5.535E-03        -46.3386     
                5.54E-03         -48.2213     
                5.545E-03        -48.6161     
                5.55E-03         -44.9611     
                5.555E-03        -44.2172     
                5.56E-03         -45.2373     
                5.565E-03        -30.172      
                5.57E-03         -44.1214     
                5.575E-03        -44.8369     
                5.58E-03         -38.5868     
                5.585E-03        -13.032      
                5.59E-03         -39.4562     
                5.595E-03        -46.5631     
                5.6E-03          -42.726      
                5.605E-03        -47.0097     
                5.61E-03         -49.1639     
                5.615E-03        -44.2087     
                5.62E-03         -10.4126     
                5.625E-03        -40.4334     
                5.63E-03         -44.4778     
                5.635E-03        -44.2243     
                5.64E-03         -45.06       
                5.645E-03        -49.0361     
                5.65E-03         -44.0608     
                5.655E-03        -45.2295     
                5.66E-03         300.035E-06  
                5.665E-03        -34.5824     
                5.67E-03         -41.602      
                5.675E-03        -46.912      
                5.68E-03         -45.2189     
                5.685E-03        -44.7525     
                5.69E-03         -43.2187     
                5.695E-03         -9.20415    
                5.7E-03          -37.0287     
                5.705E-03        -46.0224     
                5.71E-03         -49.6219     
                5.715E-03        -44.3138     
                5.72E-03         -44.0192     
                5.725E-03        -11.9971     
                5.73E-03         -38.8108     
                5.735E-03        -45.191      
                5.74E-03         -43.7435     
                5.745E-03        -48.4513     
                5.75E-03         -43.2504     
                5.755E-03        -45.1523     
                5.76E-03         -44.9438     
                5.765E-03        -12.2216     
                5.77E-03         -40.7322     
                5.775E-03        -45.4686     
                5.78E-03         -47.0688     
                5.785E-03        -43.1442     
                5.79E-03         -44.5471     
                5.795E-03        -19.6841     
                5.8E-03          -42.8435     
                5.805E-03        -44.9144     
                5.81E-03         -47.4006     
                5.815E-03        -39.6485     
                5.82E-03         -94.9055E-06 
                5.825E-03        -32.7308     
                5.83E-03         -44.314      
                5.835E-03        -46.3406     
                5.84E-03         -46.8556     
                5.845E-03        -50.8963     
                5.85E-03         -43.914      
                5.855E-03        -46.024      
                5.86E-03         -22.6573     
                5.865E-03        -45.3813     
                5.87E-03         -41.8654     
                5.875E-03        -47.5907     
                5.88E-03         -36.3136     
                5.885E-03        -44.8256     
                5.89E-03         -44.7185     
                5.895E-03        -18.8613     
                5.9E-03          -42.0277     
                5.905E-03        -44.5709     
                5.91E-03         -45.7804     
                5.915E-03        -48.171      
                5.92E-03         -44.5097     
                5.925E-03        -44.6254     
                5.93E-03         -31.4296     
                5.935E-03        -41.2525     
                5.94E-03         -47.1814     
                5.945E-03        -49.3113     
                5.95E-03         -43.6823     
                5.955E-03        -45.0279     
                5.96E-03         -15.6169     
                5.965E-03        -41.7325     
                5.97E-03         -46.9805     
                5.975E-03        -46.9037     
                5.98E-03         -49.5319     
                5.985E-03        -43.9699     
                5.99E-03         -44.4452     
                5.995E-03        -17.9956     
                6.E-03           -43.12       
                6.005E-03        -47.5539     
                6.01E-03         -47.158      
                6.015E-03        -46.6153     
                6.02E-03         -25.7352     
                6.025E-03        -43.8197     
                6.03E-03         -46.3786     
                6.035E-03        -46.7655     
                6.04E-03         -49.1006     
                6.045E-03        -49.6819     
                6.05E-03         -46.0289     
                6.055E-03        -44.2735     
                6.06E-03         -21.4774     
                6.065E-03        -43.6416     
                6.07E-03         -43.1719     
                6.075E-03        -48.9168     
                6.08E-03         -46.3686     
                6.085E-03        -43.7995     
                6.09E-03         -34.3862     
                6.095E-03        -42.1336     
                6.1E-03          -44.5611     
                6.105E-03        -48.1653     
                6.11E-03         -49.1663     
                6.115E-03        -45.3566     
                6.12E-03         -43.2602     
                6.125E-03        -29.5199     
                6.13E-03         -43.8282     
                6.135E-03        -44.0604     
                6.14E-03         -47.5291     
                6.145E-03        -42.7521     
                6.15E-03         -43.8482     
                6.155E-03        -12.7071     
                6.16E-03         -42.5365     
                6.165E-03        -46.088      
                6.17E-03         -46.2637     
                6.175E-03        -42.5494     
                6.18E-03         -44.6155     
                6.185E-03        -31.718      
                6.19E-03         -44.8855     
                6.195E-03        -47.2838     
                6.2E-03          -42.8171     
                6.205E-03         -8.67401    
                6.21E-03         -34.9128     
                6.215E-03        -43.415      
                6.22E-03         -44.9525     
                6.225E-03        -48.3144     
                6.23E-03         -42.2196     
                6.235E-03        -44.9112     
                6.24E-03         -23.7228     
                6.245E-03        -43.4183     
                6.25E-03         -45.0411     
                6.255E-03        -47.6848     
                6.26E-03         -47.0947     
                6.265E-03        -42.1383     
                6.27E-03         -43.5625     
                6.275E-03        -22.612      
                6.28E-03         -39.5266     
                6.285E-03        -45.663      
                6.29E-03         -46.1809     
                6.295E-03        -40.7504     
                6.3E-03          -44.4194     
                6.305E-03        -45.0305     
                6.31E-03         -27.3699     
                6.315E-03        -43.9498     
                6.32E-03         -47.2388     
                6.325E-03        -43.2567     
                6.33E-03         -22.5019     
                6.335E-03        -40.0035     
                6.34E-03         -46.553      
                6.345E-03        -47.7664     
                6.35E-03         -41.9803     
                6.355E-03         -6.8123     
                6.36E-03         -41.7783     
                6.365E-03        -45.0716     
                6.37E-03         -47.3879     
                6.375E-03        -46.909      
                6.38E-03         -40.7015     
                6.385E-03        -28.6339     
                6.39E-03         -44.8366     
                6.395E-03        -44.3561     
                6.4E-03          -45.0652     
                6.405E-03        -48.1199     
                6.41E-03         -44.1881     
                6.415E-03        -37.2287     
                6.42E-03         -41.2584     
                6.425E-03        -47.7354     
                6.43E-03         -47.1624     
                6.435E-03        -20.6472     
                6.44E-03         -33.1347     
                6.445E-03        -43.1615     
                6.45E-03         -42.651      
                6.455E-03        -46.9622     
                6.46E-03         -43.6888     
                6.465E-03        -41.7343     
                6.47E-03         -13.4013     
                6.475E-03        -35.4784     
                6.48E-03         -42.5031     
                6.485E-03        -42.6217     
                6.49E-03         -48.4233     
                6.495E-03        -48.5035     
                6.5E-03          -43.9533     
                6.505E-03        -21.9226     
                6.51E-03         -41.4857     
                6.515E-03        -41.1358     
                6.52E-03         -39.4141     
                6.525E-03        -46.4009     
                6.53E-03         -42.7505     
                6.535E-03        -44.1164     
                6.54E-03          -8.99891    
                6.545E-03        -36.5044     
                6.55E-03         -41.7571     
                6.555E-03        -43.236      
                6.56E-03         -45.2929     
                6.565E-03        -43.2296     
                6.57E-03         -42.7019     
                6.575E-03         -9.3688     
                6.58E-03         -38.5726     
                6.585E-03        -46.2606     
                6.59E-03         -44.2543     
                6.595E-03        -50.3143     
                6.6E-03          -43.0713     
                6.605E-03        -44.4068     
                6.61E-03         -24.8755     
                6.615E-03        -44.1128     
                6.62E-03         -42.4918     
                6.625E-03        -46.8113     
                6.63E-03         -45.8099     
                6.635E-03        -44.2918     
                6.64E-03         -44.5427     
                6.645E-03        -41.2203     
                6.65E-03         -31.1925     
                6.655E-03        -39.3918     
                6.66E-03         -46.4671     
                6.665E-03        -43.0179     
                6.67E-03         -42.3093     
                6.675E-03        -27.4595     
                6.68E-03         -43.7276     
                6.685E-03        -44.5968     
                6.69E-03         -45.6889     
                6.695E-03        -47.9884     
                6.7E-03          -43.5427     
                6.705E-03        -44.761      
                6.71E-03         -44.4439     
                6.715E-03         -9.75353    
                6.72E-03         -32.5832     
                6.725E-03        -44.7256     
                6.73E-03         -44.9695     
                6.735E-03        -43.016      
                6.74E-03         -44.7347     
                6.745E-03        -42.4013     
                6.75E-03         -28.8019     
                6.755E-03        -44.407      
                6.76E-03         -46.0216     
                6.765E-03        -42.0106     
                6.77E-03         -44.6715     
                6.775E-03        -12.4783     
                6.78E-03         -39.0018     
                6.785E-03        -45.8713     
                6.79E-03         -44.7524     
                6.795E-03        -47.3308     
                6.8E-03          -44.8284     
                6.805E-03        -42.801      
                6.81E-03         -43.8739     
                6.815E-03        -21.3494     
                6.82E-03         -38.4814     
                6.825E-03        -44.7408     
                6.83E-03         -48.1209     
                6.835E-03        -19.0693     
                6.84E-03         -42.4233     
                6.845E-03        -45.5702     
                6.85E-03         -44.9917     
                6.855E-03        -45.5354     
                6.86E-03         -47.4383     
                6.865E-03        -46.2436     
                6.87E-03         -15.6438     
                6.875E-03        -42.2087     
                6.88E-03         -41.8345     
                6.885E-03        -44.4522     
                6.89E-03         -46.5374     
                6.895E-03        -44.2605     
                6.9E-03          -43.2242     
                6.905E-03        -28.8716     
                6.91E-03         -41.6658     
                6.915E-03        -44.1491     
                6.92E-03         -45.6475     
                6.925E-03        -44.9588     
                6.93E-03          -7.53018    
                6.935E-03        -31.592      
                6.94E-03         -44.2572     
                6.945E-03        -42.3328     
                6.95E-03         -46.8351     
                6.955E-03        -44.7433     
                6.96E-03         -44.9883     
                6.965E-03        -41.1774     
                6.97E-03         -13.2409     
                6.975E-03        -40.3881     
                6.98E-03         -41.9102     
                6.985E-03        -43.0011     
                6.99E-03         -43.742      
                6.995E-03        -47.2934     
                7.E-03           -41.0669     
                7.005E-03        -42.441      
                7.01E-03         -20.1765     
                7.015E-03        -40.1907     
                7.02E-03         -41.9155     
                7.025E-03        -40.6724     
                7.03E-03         -48.3742     
                7.035E-03        -41.658      
                7.04E-03         -41.9883     
                7.045E-03        -19.0323     
                7.05E-03         -33.5025     
                7.055E-03        -44.2297     
                7.06E-03         -44.7989     
                7.065E-03        -47.136      
                7.07E-03         -42.2443     
                7.075E-03        -42.3305     
                7.08E-03         -20.3408     
                7.085E-03        -44.315      
                7.09E-03         -40.2746     
                7.095E-03        -40.4315     
                7.1E-03          -42.1994     
                7.105E-03        -42.2378     
                7.11E-03         -32.9929     
                7.115E-03        -39.3872     
                7.12E-03         -43.4584     
                7.125E-03        -44.295      
                7.13E-03         -45.3089     
                7.135E-03        -40.8528     
                7.14E-03         -43.6348     
                7.145E-03        -17.6752     
                7.15E-03         -39.9944     
                7.155E-03        -43.4938     
                7.16E-03         -45.8975     
                7.165E-03        -46.4086     
                7.17E-03          -9.66071    
                7.175E-03        -30.8377     
                7.18E-03         -43.3374     
                7.185E-03        -44.9803     
                7.19E-03         -47.4848     
                7.195E-03        -43.5751     
                7.2E-03          -43.0312     
                7.205E-03        -43.4036     
                7.21E-03         -32.5576     
                7.215E-03        -41.5575     
                7.22E-03         -41.5781     
                7.225E-03        -45.2225     
                7.23E-03         -45.0604     
                7.235E-03        -42.4402     
                7.24E-03         -43.3483     
                7.245E-03        -20.1232     
                7.25E-03         -42.4217     
                7.255E-03        -44.3005     
                7.26E-03         -42.8987     
                7.265E-03        -40.7271     
                7.27E-03         -43.9407     
                7.275E-03        -34.0486     
                7.28E-03         -41.3035     
                7.285E-03        -45.1867     
                7.29E-03         -45.1537     
                7.295E-03        -45.8998     
                7.3E-03          -39.3716     
                7.305E-03        -42.3401     
                7.31E-03         -44.1479     
                7.315E-03        -20.2518     
                7.32E-03         -40.6298     
                7.325E-03        -45.3813     
                7.33E-03         -45.767      
                7.335E-03        -41.9089     
                7.34E-03         -43.2684     
                7.345E-03        -41.3305     
                7.35E-03         -25.8249     
                7.355E-03        -44.672      
                7.36E-03         -41.2038     
                7.365E-03        -40.5938     
                7.37E-03         -44.6923     
                7.375E-03        -44.7034     
                7.38E-03         -27.3602     
                7.385E-03        -40.8007     
                7.39E-03         -40.58       
                7.395E-03        -45.1601     
                7.4E-03          -41.7938     
                7.405E-03        -43.848      
                7.41E-03         -15.6464     
                7.415E-03        -38.3609     
                7.42E-03         -45.6387     
                7.425E-03        -43.4984     
                7.43E-03         -45.3424     
                7.435E-03        -11.334      
                7.44E-03         -28.652      
                7.445E-03        -43.4064     
                7.45E-03         -45.4295     
                7.455E-03        -44.6897     
                7.46E-03         -43.6091     
                7.465E-03        -45.5837     
                7.47E-03         -17.0157     
                7.475E-03        -41.3377     
                7.48E-03         -44.2195     
                7.485E-03        -43.1042     
                7.49E-03         -45.0453     
                7.495E-03        -45.8428     
                7.5E-03          -41.4369     
                7.505E-03        -17.1586     
                7.51E-03         -41.4364     
                7.515E-03        -42.7944     
                7.52E-03         -44.0282     
                7.525E-03        -43.7038     
                7.53E-03           2.08534E-03
                7.535E-03        -29.0453     
                7.54E-03         -41.3403     
                7.545E-03        -44.029      
                7.55E-03         -43.2722     
                7.555E-03        -45.2854     
                7.56E-03         -41.9586     
                7.565E-03        -18.6433     
                7.57E-03         -40.4284     
                7.575E-03        -44.4584     
                7.58E-03         -45.5251     
                7.585E-03        -43.915      
                7.59E-03         -43.0033     
                7.595E-03        -42.5015     
                7.6E-03          -30.1895     
                7.605E-03        -41.271      
                7.61E-03         -44.1768     
                7.615E-03        -48.3729     
                7.62E-03         -41.6278     
                7.625E-03        -41.9565     
                7.63E-03         -42.607      
                7.635E-03        -41.9828     
                7.64E-03         -29.5085     
                7.645E-03        -44.2042     
                7.65E-03         -44.6296     
                7.655E-03        -39.3617     
                7.66E-03         -42.2742     
                7.665E-03        -39.9411     
                7.67E-03         -33.4901     
                7.675E-03        -45.3555     
                7.68E-03         -45.6252     
                7.685E-03        -42.7026     
                7.69E-03         -40.2725     
                7.695E-03        -44.6465     
                7.7E-03          -11.612      
                7.705E-03        -38.8351     
                7.71E-03         -45.6322     
                7.715E-03        -44.4864     
                7.72E-03         -45.9266     
                7.725E-03        -42.0105     
                7.73E-03         -42.5909     
                7.735E-03        -43.1203     
                7.74E-03         -37.2088     
                7.745E-03        -43.4107     
                7.75E-03         -45.6129     
                7.755E-03        -44.2938     
                7.76E-03         -42.8533     
                7.765E-03        -10.3453     
                7.77E-03         -41.8191     
                7.775E-03        -42.1556     
                7.78E-03         -42.1469     
                7.785E-03        -45.6441     
                7.79E-03         -48.1066     
                7.795E-03        -14.1737     
                7.8E-03          -38.1966     
                7.805E-03        -42.2116     
                7.81E-03         -44.8546     
                7.815E-03        -45.9051     
                7.82E-03         -40.6731     
                7.825E-03        -15.5278     
                7.83E-03         -41.1259     
                7.835E-03        -46.8256     
                7.84E-03         -45.5603     
                7.845E-03        -42.5098     
                7.85E-03         -40.3623     
                7.855E-03        -47.4495     
                7.86E-03         -48.1034     
                7.865E-03        -42.0059     
                7.87E-03         -31.0548     
                7.875E-03        -46.7743     
                7.88E-03         -44.7321     
                7.885E-03        -44.4424     
                7.89E-03           5.86469E-03
                7.895E-03        -39.2836     
                7.9E-03          -47.7021     
                7.905E-03        -47.0748     
                7.91E-03         -41.0285     
                7.915E-03         -6.0354     
                7.92E-03         -38.9854     
                7.925E-03        -48.1838     
                7.93E-03         -48.0251     
                7.935E-03       -109.547E-03  
                7.94E-03         -38.2604     
                7.945E-03        -43.1481     
                7.95E-03         -44.7597     
                7.955E-03        -44.0339     
                7.96E-03         -45.821      
                7.965E-03         -9.08139    
                7.97E-03         -39.3214     
                7.975E-03        -42.9981     
                7.98E-03         -44.1154     
                7.985E-03        -39.2471     
                7.99E-03         -43.1895     
                7.995E-03        -24.6719     
                8.E-03           -43.6626     
                8.005E-03        -43.035      
                8.01E-03         -41.0132     
                8.015E-03        -41.2635     
                8.02E-03         106.052E-06  
                8.025E-03        -38.5179     
                8.03E-03         -46.5732     
                8.035E-03        -43.0575     
                8.04E-03          -6.17196    
                8.045E-03        -43.229      
                8.05E-03         -44.0937     
                8.055E-03        -46.6553     
                8.06E-03         -44.0037     
                8.065E-03        -19.9387     
                8.07E-03         -38.9546     
                8.075E-03        -44.9263     
                8.08E-03         -47.8535     
                8.085E-03        -43.9371     
                8.09E-03         -41.7769     
                8.095E-03        -44.8107     
                8.1E-03          -44.7398     
                8.105E-03        -13.4011     
                8.11E-03         -42.2459     
                8.115E-03        -44.3341     
                8.12E-03         -45.4996     
                8.125E-03        -46.5831     
                8.13E-03         -43.6591     
                8.135E-03        -14.6231     
                8.14E-03         -43.3753     
                8.145E-03        -44.9639     
                8.15E-03         -42.1282     
                8.155E-03        -44.2986     
                8.16E-03         -25.3764     
                8.165E-03        -42.7019     
                8.17E-03         -43.5464     
                8.175E-03        -42.0753     
                8.18E-03         -16.269      
                8.185E-03        -43.2333     
                8.19E-03         -44.1047     
                8.195E-03        -43.7362     
                8.2E-03          -12.4061     
                8.205E-03        -43.094      
                8.21E-03         -45.6971     
                8.215E-03        -45.7339     
                8.22E-03         -38.7259     
                8.225E-03        -46.6426     
                8.23E-03         -46.5169     
                8.235E-03        -46.0867     
                8.24E-03         -20.1682     
                8.245E-03        -41.5818     
                8.25E-03         -43.4497     
                8.255E-03        -46.2382     
                8.26E-03          -3.39836    
                8.265E-03        -40.0003     
                8.27E-03         -43.7433     
                8.275E-03        -43.2593     
                8.28E-03         -45.9745     
                8.285E-03        -22.3285     
                8.29E-03         -41.874      
                8.295E-03        -43.0942     
                8.3E-03          -45.9128     
                8.305E-03         -7.67334    
                8.31E-03         -39.823      
                8.315E-03        -44.2699     
                8.32E-03         -44.9115     
                8.325E-03        -46.2607     
                8.33E-03         -21.9548     
                8.335E-03        -38.0138     
                8.34E-03         -41.5774     
                8.345E-03        -42.9512     
                8.35E-03         -41.939      
                8.355E-03        -41.5594     
                8.36E-03         -38.5641     
                8.365E-03        -44.5663     
                8.37E-03         -44.9081     
                8.375E-03        -40.0292     
                8.38E-03         -11.5607     
                8.385E-03        -42.2524     
                8.39E-03         -46.222      
                8.395E-03        -37.9065     
                8.4E-03          -14.3285     
                8.405E-03        -44.55       
                8.41E-03         -44.3533     
                8.415E-03        -48.4112     
                8.42E-03         -45.8165     
                8.425E-03        -40.9439     
                8.43E-03         -45.2241     
                8.435E-03        -46.491      
                8.44E-03         -42.7439     
                8.445E-03        -11.3401     
                8.45E-03         -41.8923     
                8.455E-03        -42.3326     
                8.46E-03         -50.4819     
                8.465E-03        -44.6945     
                8.47E-03         -35.8221     
                8.475E-03        -43.8201     
                8.48E-03         -45.5893     
                8.485E-03        -42.6191     
                8.49E-03         -12.7538     
                8.495E-03        -42.7409     
                8.5E-03          -47.0889     
                8.505E-03        -49.7878     
                8.51E-03         -44.742      
                8.515E-03        -43.318      
                8.52E-03         -10.1532     
                8.525E-03        -41.4631     
                8.53E-03         -42.7729     
                8.535E-03        -43.6796     
                8.54E-03         -42.4238     
                8.545E-03        -48.1363     
                8.55E-03         -45.9968     
                8.555E-03        -41.803      
                8.56E-03         -20.8758     
                8.565E-03        -43.6279     
                8.57E-03         -47.8261     
                8.575E-03        -38.5403     
                8.58E-03          -8.51826    
                8.585E-03        -47.0082     
                8.59E-03         -47.9523     
                8.595E-03        -49.0055     
                8.6E-03          -29.2192     
                8.605E-03        -41.1462     
                8.61E-03         -46.6782     
                8.615E-03        -48.8567     
                8.62E-03         -20.4196     
                8.625E-03        -43.1201     
                8.63E-03         -45.5879     
                8.635E-03        -49.0891     
                8.64E-03         -45.1299     
                8.645E-03        -15.2835     
                8.65E-03         -44.3922     
                8.655E-03        -45.9898     
                8.66E-03         -47.7053     
                8.665E-03        -43.3537     
                8.67E-03         -31.0446     
                8.675E-03        -34.4806     
                8.68E-03         -42.952      
                8.685E-03        -38.0073     
                8.69E-03         -43.681      
                8.695E-03        -34.7586     
                8.7E-03          -41.9791     
                8.705E-03        -45.5745     
                8.71E-03         -42.3338     
                8.715E-03        -42.8876     
                8.72E-03          -5.71762    
                8.725E-03        -38.8562     
                8.73E-03         -46.5773     
                8.735E-03        -42.6168     
                8.74E-03         -29.2359     
                8.745E-03        -41.2489     
                8.75E-03         -44.6005     
                8.755E-03        -42.809      
                8.76E-03         -19.5015     
                8.765E-03        -41.8811     
                8.77E-03         -44.769      
                8.775E-03        -44.7666     
                8.78E-03         -44.0248     
                8.785E-03        -38.0965     
                8.79E-03         -43.6103     
                8.795E-03        -46.2285     
                8.8E-03          -43.4118     
                8.805E-03        -15.0131     
                8.81E-03         -43.9422     
                8.815E-03        -44.2232     
                8.82E-03         -44.6515     
                8.825E-03        -42.8112     
                8.83E-03          -8.01689    
                8.835E-03        -38.7722     
                8.84E-03         -45.5012     
                8.845E-03        -47.2778     
                8.85E-03         -43.6619     
                8.855E-03        -44.7323     
                8.86E-03         -36.8052     
                8.865E-03        -45.2202     
                8.87E-03         -48.1464     
                8.875E-03        -45.3046     
                8.88E-03         -45.5415     
                8.885E-03        -35.6869     
                8.89E-03         -45.3203     
                8.895E-03        -42.7951     
                8.9E-03          -19.9955     
                8.905E-03        -44.5386     
                8.91E-03         -45.9284     
                8.915E-03        -47.7331     
                8.92E-03         -46.3011     
                8.925E-03        -46.8189     
                8.93E-03         -48.4533     
                8.935E-03        -16.5527     
                8.94E-03         -45.4054     
                8.945E-03        -42.4598     
                8.95E-03         -43.8288     
                8.955E-03        -47.7175     
                8.96E-03         -49.3419     
                8.965E-03        -40.7712     
                8.97E-03         -41.1968     
                8.975E-03        -44.9029     
                8.98E-03         -47.2292     
                8.985E-03        -49.5072     
                8.99E-03         -13.5339     
                8.995E-03        -46.7628     
                9.E-03           -44.9405     
                9.005E-03        -46.4811     
                9.01E-03         -47.1213     
                9.015E-03          4.31561E-03
                9.02E-03         -39.9196     
                9.025E-03        -42.2247     
                9.03E-03         -46.4119     
                9.035E-03        -48.8042     
                9.04E-03         -48.0186     
                9.045E-03        -14.5249     
                9.05E-03         -45.2677     
                9.055E-03        -51.0451     
                9.06E-03         -48.8073     
                9.065E-03        -50.8695     
                9.07E-03         -52.5333     
                9.075E-03        -51.6007     
                9.08E-03         -22.4744     
                9.085E-03        -48.662      
                9.09E-03         -51.4481     
                9.095E-03        -59.6227     
                9.1E-03          -54.0496     
                9.105E-03        -54.5856     
                9.11E-03         -58.3041     
                9.115E-03        -58.345      
                9.12E-03         -59.4218     
                9.125E-03        -60.1547     
                9.13E-03         -62.2162     
                9.135E-03        -25.0151     
                9.14E-03         -54.0897     
                9.145E-03        -57.5343     
                9.15E-03         -61.3378     
                9.155E-03        -64.1914     
                9.16E-03         -62.1555     
                9.165E-03        -65.4402     
                9.17E-03         -69.5571     
                9.175E-03        -68.6049     
                9.18E-03         -70.8662     
                9.185E-03        -11.6285     
                9.19E-03         -56.0081     
                9.195E-03        -69.4133     
                9.2E-03          -78.7076     
                9.205E-03        -76.2791     
                9.21E-03         -75.2886     
                9.215E-03        -81.828      
                9.22E-03         -22.8062     
                9.225E-03        -63.4879     
                9.23E-03         -80.9672     
                9.235E-03        -83.6571     
                9.24E-03         -88.0928     
                9.245E-03         21.2066E-03 
                9.25E-03         -46.9502     
                9.255E-03        -67.3446     
                9.26E-03         -79.5434     
                9.265E-03        -81.3495     
                9.27E-03          -7.08411    
                9.275E-03        -33.6315     
                9.28E-03         -49.0387     
                9.285E-03        -57.0376     
                9.29E-03         -24.6144     
                9.295E-03        -26.2969     
                9.3E-03          -27.57       
                9.305E-03        -31.0343     
                9.31E-03         -32.8617     
                9.315E-03        -35.7976     
                9.32E-03         -33.0906     
                9.325E-03        -33.1478     
                9.33E-03         -31.7708     
                9.335E-03        -27.3816     
                9.34E-03         -27.9785     
                9.345E-03        -27.0983     
                9.35E-03         -23.5913     
                9.355E-03        -24.0399     
                9.36E-03         -23.8972     
                9.365E-03        -20.7241     
                9.37E-03         -21.477      
                9.375E-03        -21.6882     
                9.38E-03         -17.8099     
                9.385E-03        -20.1689     
                9.39E-03         -21.7855     
                9.395E-03        -23.0995     
                9.4E-03          -16.5902     
                9.405E-03        -20.4028     
                9.41E-03         -20.3223     
                9.415E-03        -20.6873     
                9.42E-03         -21.7233     
                9.425E-03        -18.0831     
                9.43E-03         -17.8042     
                9.435E-03        -18.5412     
                9.44E-03         -17.8917     
                9.445E-03        -17.7378     
                9.45E-03         -16.1024     
                9.455E-03        -14.9045     
                9.46E-03         -15.6351     
                9.465E-03        -15.7485     
                9.47E-03         -15.9138     
                9.475E-03        -13.6696     
                9.48E-03         -13.4627     
                9.485E-03        -13.7615     
                9.49E-03          -9.94192    
                9.495E-03         -8.40948    
                9.5E-03           -6.80206    
                9.505E-03         -2.40115    
                9.51E-03          -2.37593    
                9.515E-03         -1.8044     
                9.52E-03          -1.95475    
                9.525E-03         -1.97584    
                9.53E-03          -1.61729    
                9.535E-03        -38.6409     
                9.54E-03         -55.9859     
                9.545E-03        -64.4148     
                9.55E-03         -61.9383     
                9.555E-03        -65.2475     
                9.56E-03         -68.5578     
                9.565E-03        -69.7379     
                9.57E-03         -70.3861     
                9.575E-03        -56.2822     
                9.58E-03         -58.2119     
                9.585E-03        -58.4609     
                9.59E-03         -58.6439     
                9.595E-03        -57.6925     
                9.6E-03          -58.7315     
                9.605E-03        -59.6785     
                9.61E-03         -59.0434     
                9.615E-03        -62.1979     
                9.62E-03         -63.1722     
                9.625E-03        -64.2688     
                9.63E-03         -65.5821     
                9.635E-03        -69.0886     
                9.64E-03         -54.4332     
                9.645E-03        -58.3324     
                9.65E-03         -62.0723     
                9.655E-03        -62.8585     
                9.66E-03         -84.3043     
                9.665E-03        -87.7991     
                9.67E-03         -90.3759     
                9.675E-03        -80.1981     
                9.68E-03          -7.31814    
                9.685E-03        -44.4335     
                9.69E-03         -48.7837     
                9.695E-03        -58.6637     
                9.7E-03          -51.6724     
                9.705E-03        -55.1417     
                9.71E-03         -55.3265     
                9.715E-03         -2.00516    
                9.72E-03         -16.1313     
                9.725E-03        -42.7533     
                9.73E-03         -53.246      
                9.735E-03        -46.8055     
                9.74E-03         -41.4285     
                9.745E-03        -36.7038     
                9.75E-03         -38.4591     
                9.755E-03        -35.8962     
                9.76E-03         -37.5198     
                9.765E-03        -34.6005     
                9.77E-03         -36.6671     
                9.775E-03        -37.6403     
                9.78E-03         -32.7428     
                9.785E-03        -35.4793     
                9.79E-03         -35.5758     
                9.795E-03        -35.6732     
                9.8E-03          -34.9793     
                9.805E-03        -36.9908     
                9.81E-03         -37.2539     
                9.815E-03        -35.233      
                9.82E-03         -38.4706     
                9.825E-03        -37.7797     
                9.83E-03         -39.4737     
                9.835E-03        -41.4923     
                9.84E-03         -34.2525     
                9.845E-03        -36.6608     
                9.85E-03         -38.7235     
                9.855E-03        -42.4292     
                9.86E-03         -41.5473     
                9.865E-03        -40.1284     
                9.87E-03         -45.4999     
                9.875E-03        -46.7555     
                9.88E-03         -46.0454     
                9.885E-03        -44.2535     
                9.89E-03         -44.3236     
                9.895E-03        -49.1277     
                9.9E-03          -50.5213     
                9.905E-03        -49.9629     
                9.91E-03         -54.0149     
                9.915E-03        -52.3851     
                9.92E-03         -53.4772     
                9.925E-03        -56.0711     
                9.93E-03         -57.8827     
                9.935E-03        -56.0707     
                9.94E-03         -58.0341     
                9.945E-03        -61.1967     
                9.95E-03         -62.5951     
                9.955E-03        -62.4369     
                9.96E-03         -62.7282     
                9.965E-03        -63.3819     
                9.97E-03         -62.8462     
                9.975E-03        -62.0574     
                9.98E-03         -62.4552     
                9.985E-03        -63.956      
                9.99E-03         -64.4403     
                9.995E-03        -65.3358     
               10.E-03           -67.7481     




