
                  X               _temp_1     

                0.              -188.913E-06  
                2.65074E-06      146.204      
                5.30002E-06     -216.329      
                7.95091E-06       55.8093     
               10.6002E-06       -12.7635     
               13.2511E-06      -206.38       
               15.9001E-06       -28.7813     
               18.551E-06        -86.5773     
               21.2004E-06      -226.781      
               23.8513E-06       -38.1903     
               26.5007E-06      -150.484      
               29.15E-06        -207.519      
               31.801E-06        -48.7515     
               34.4503E-06      -198.657      
               37.1013E-06      -152.707      
               39.7507E-06      -101.527      
               42.4E-06         -216.638      
               45.051E-06       -166.872      
               47.7003E-06      -134.408      
               50.3513E-06      -207.029      
               53.0006E-06      -161.451      
               55.65E-06        -147.299      
               58.3009E-06      -223.624      
               60.9503E-06      -155.076      
               63.6013E-06      -182.55       
               66.2506E-06      -211.998      
               68.9016E-06      -166.372      
               71.5509E-06      -208.155      
               74.2003E-06      -208.593      
               76.8512E-06      -179.566      
               79.5006E-06      -206.5        
               82.1516E-06      -208.852      
               84.8009E-06      -190.242      
               87.4503E-06      -221.578      
               90.1012E-06      -212.352      
               92.7506E-06      -201.455      
               95.4015E-06      -231.729      
               98.0509E-06      -215.81       
              100.7E-06         -221.461      
              103.351E-06       -231.42       
              106.001E-06       -220.054      
              108.652E-06       -230.224      
              111.301E-06       -237.625      
              113.95E-06        -228.438      
              116.601E-06       -233.86       
              119.251E-06       -241.074      
              121.901E-06       -236.191      
              124.551E-06       -249.233      
              127.201E-06       -248.455      
              129.851E-06       -242.28       
              132.501E-06       -252.219      
              135.151E-06       -252.909      
              137.8E-06         -255.485      
              140.451E-06       -261.481      
              143.101E-06       -258.908      
              145.751E-06       -260.974      
              148.4E-06         -265.891      
              151.051E-06       -264.731      
              153.7E-06         -271.558      
              156.351E-06       -274.105      
              159.001E-06       -227.11       
              161.651E-06       -260.71       
              164.3E-06         -268.138      
              166.951E-06       -268.214      
              169.601E-06       -271.758      
              172.25E-06        -273.251      
              174.901E-06       -275.116      
              177.55E-06        -283.779      
              180.2E-06         -285.985      
              182.85E-06        -285.338      
              185.5E-06         -287.758      
              188.15E-06        -287.019      
              190.8E-06         -259.159      
              193.451E-06       -251.131      
              196.1E-06         -274.711      
              198.751E-06       -280.301      
              201.4E-06         -284.376      
              204.05E-06        -291.196      
              206.7E-06         -296.815      
              209.351E-06       -293.         
              212.001E-06       -296.923      
              214.651E-06       -306.765      
              217.301E-06       -315.049      
              219.951E-06       -314.738      
              222.6E-06         -314.807      
              225.251E-06       -305.193      
              227.9E-06         -325.637      
              230.55E-06        -324.186      
              233.201E-06       -207.673      
              235.85E-06        -266.576      
              238.501E-06       -309.637      
              241.151E-06       -321.951      
              243.8E-06         -119.173      
              246.451E-06       -168.532      
              249.101E-06       -168.387      
              251.751E-06       -228.584      
              254.401E-06       -177.767      
              257.05E-06        -223.627      
              259.702E-06       -253.288      
              262.351E-06       -264.489      
              265.001E-06       -256.423      
              267.651E-06       -281.885      
              270.3E-06         -299.899      
              272.95E-06        -293.991      
              275.601E-06       -279.364      
              278.251E-06       -306.115      
              280.9E-06         -301.326      
              283.55E-06        -284.823      
              286.2E-06         -257.829      
              288.85E-06        -243.343      
              291.501E-06       -303.921      
              294.151E-06       -286.765      
              296.801E-06       -297.65       
              299.45E-06        -303.468      
              302.1E-06         -306.743      
              304.751E-06       -318.914      
              307.401E-06       -295.097      
              310.05E-06        -292.903      
              312.701E-06       -289.937      
              315.35E-06        -306.427      
              318.E-06          -199.214      
              320.65E-06        -230.137      
              323.301E-06       -243.064      
              325.95E-06        -244.098      
              328.601E-06       -213.691      
              331.251E-06       -125.224      
              333.9E-06         -129.007      
              336.55E-06        -212.267      
              339.2E-06         -243.665      
              341.851E-06       -115.049      
              344.501E-06       -183.784      
              347.151E-06       -221.877      
              349.801E-06       -244.558      
              352.451E-06       -270.536      
              355.101E-06       -278.881      
              357.75E-06        -303.292      
              360.4E-06         -305.097      
              363.05E-06        -168.559      
              365.701E-06       -211.128      
              368.351E-06       -264.316      
              371.001E-06       -285.748      
              373.651E-06       -297.597      
              376.3E-06         -254.241      
              378.95E-06        -277.79       
              381.601E-06       -157.377      
              384.251E-06       -217.263      
              386.901E-06       -222.095      
              389.551E-06       -233.391      
              392.2E-06         -232.343      
              394.85E-06        -212.056      
              397.501E-06       -231.595      
              400.151E-06       -233.711      
              402.801E-06       -153.771      
              405.451E-06       -201.185      
              408.1E-06         -228.795      
              410.75E-06        -211.727      
              413.401E-06       -206.23       
              416.051E-06       -210.152      
              418.7E-06         -220.136      
              421.35E-06        -211.504      
              424.001E-06       -172.495      
              426.65E-06        -188.231      
              429.3E-06         -217.197      
              431.951E-06       -206.563      
              434.601E-06       -222.586      
              437.251E-06       -220.332      
              439.901E-06       -215.41       
              442.55E-06        -241.235      
              445.2E-06         -225.751      
              447.851E-06       -224.887      
              450.501E-06       -215.901      
              453.151E-06       -219.076      
              455.801E-06       -209.288      
              458.45E-06        -210.87       
              461.1E-06         -238.418      
              463.751E-06       -231.688      
              466.401E-06       -237.024      
              469.051E-06       -209.883      
              471.701E-06       -221.885      
              474.35E-06        -226.852      
              477.002E-06       -238.522      
              479.651E-06       -228.247      
              482.301E-06       -227.362      
              484.951E-06       -215.633      
              487.6E-06         -223.627      
              490.25E-06        -235.061      
              492.901E-06       -236.749      
              495.551E-06       -221.122      
              498.201E-06       -236.647      
              500.851E-06       -223.492      
              503.5E-06         -211.143      
              506.15E-06        -191.937      
              508.801E-06       -227.668      
              511.451E-06       -217.143      
              514.101E-06       -226.93       
              516.751E-06       -220.322      
              519.4E-06         -240.292      
              522.05E-06        -219.655      
              524.701E-06       -210.727      
              527.351E-06       -213.983      
              530.001E-06       -222.783      
              532.651E-06       -187.649      
              535.3E-06         -208.572      
              537.95E-06        -215.779      
              540.601E-06       -232.335      
              543.251E-06       -216.996      
              545.901E-06       -219.104      
              548.55E-06        -230.791      
              551.2E-06         -210.859      
              553.85E-06        -211.251      
              556.501E-06       -214.644      
              559.151E-06       -226.687      
              561.801E-06       -220.482      
              564.45E-06        -228.132      
              567.1E-06         -233.161      
              569.752E-06       -217.157      
              572.401E-06       -217.091      
              575.05E-06        -220.992      
              577.701E-06       -238.379      
              580.351E-06       -232.096      
              583.001E-06       -167.672      
              585.651E-06       -246.574      
              588.3E-06         -240.194      
              590.95E-06        -201.28       
              593.601E-06       -186.849      
              596.25E-06        -205.065      
              598.901E-06       -188.558      
              601.551E-06       -193.862      
              604.2E-06         -208.629      
              606.85E-06        -205.084      
              609.501E-06       -140.467      
              612.151E-06       -193.181      
              614.801E-06       -170.077      
              617.451E-06       -172.904      
              620.1E-06         -181.702      
              622.75E-06        -200.73       
              625.401E-06       -202.871      
              628.051E-06       -237.879      
              630.701E-06       -201.245      
              633.351E-06       -193.458      
              636.E-06          -251.362      
              638.65E-06        -196.445      
              641.301E-06       -264.467      
              643.951E-06       -235.945      
              646.601E-06       -244.45       
              649.25E-06        -250.224      
              651.9E-06         -216.234      
              654.55E-06        -256.985      
              657.201E-06       -225.398      
              659.851E-06       -267.26       
              662.501E-06       -237.604      
              665.15E-06        -211.49       
              667.8E-06         -250.413      
              670.452E-06       -220.462      
              673.101E-06       -232.26       
              675.751E-06       -232.485      
              678.401E-06       -264.54       
              681.05E-06        -217.736      
              683.7E-06         -238.254      
              686.351E-06       -200.873      
              689.001E-06       -251.506      
              691.651E-06       -235.565      
              694.301E-06       -207.903      
              696.95E-06        -263.323      
              699.6E-06         -219.871      
              702.251E-06       -232.525      
              704.901E-06       -213.032      
              707.551E-06       -215.828      
              710.201E-06       -233.295      
              712.85E-06        -218.866      
              715.501E-06       -219.909      
              718.151E-06       -220.202      
              720.801E-06       -240.662      
              723.451E-06       -255.443      
              726.1E-06         -244.353      
              728.75E-06        -232.63       
              731.401E-06       -204.499      
              734.051E-06       -215.806      
              736.701E-06       -224.857      
              739.351E-06        -85.8343     
              742.E-06          -119.758      
              744.65E-06        -166.028      
              747.301E-06       -123.941      
              749.951E-06       -145.442      
              752.601E-06       -156.966      
              755.25E-06        -134.179      
              757.9E-06         -123.54       
              760.552E-06       -174.891      
              763.201E-06       -200.881      
              765.851E-06       -225.541      
              768.501E-06       -260.67       
              771.15E-06        -246.154      
              773.8E-06         -234.171      
              776.451E-06       -226.116      
              779.101E-06       -233.281      
              781.751E-06       -245.592      
              784.401E-06       -244.777      
              787.05E-06        -244.034      
              789.7E-06         -253.604      
              792.351E-06       -237.472      
              795.001E-06       -239.031      
              797.651E-06       -254.496      
              800.301E-06       -246.454      
              802.95E-06        -261.779      
              805.6E-06         -255.691      
              808.251E-06       -262.324      
              810.901E-06       -259.215      
              813.551E-06       -256.893      
              816.201E-06       -264.69       
              818.85E-06        -235.083      
              821.5E-06         -248.454      
              824.151E-06       -252.898      
              826.801E-06       -251.593      
              829.451E-06       -172.338      
              832.1E-06         -232.707      
              834.75E-06        -230.143      
              837.401E-06       -278.458      
              840.051E-06       -247.644      
              842.701E-06       -251.056      
              845.351E-06       -212.607      
              848.E-06          -261.083      
              850.65E-06        -225.819      
              853.301E-06       -272.729      
              855.951E-06       -258.974      
              858.601E-06       -267.02       
              861.251E-06       -245.57       
              863.9E-06         -268.287      
              866.55E-06        -253.397      
              869.201E-06       -201.933      
              871.851E-06       -265.991      
              874.501E-06       -235.299      
              877.151E-06       -246.837      
              879.8E-06         -235.862      
              882.45E-06        -216.793      
              885.101E-06       -180.81       
              887.751E-06       -239.837      
              890.401E-06       -238.78       
              893.05E-06        -246.823      
              895.7E-06         -169.137      
              898.35E-06        -240.353      
              901.001E-06       -254.168      
              903.651E-06       -230.095      
              906.301E-06       -185.145      
              908.95E-06        -157.501      
              911.6E-06         -192.99       
              914.252E-06       -215.232      
              916.901E-06       -240.685      
              919.551E-06       -168.33       
              922.201E-06       -189.896      
              924.85E-06        -212.202      
              927.5E-06         -234.412      
              930.151E-06       -217.051      
              932.801E-06       -237.345      
              935.451E-06       -175.896      
              938.101E-06       -207.041      
              940.75E-06        -225.238      
              943.4E-06         -232.743      
              946.051E-06       -229.412      
              948.701E-06       -224.181      
              951.351E-06       -225.78       
              954.001E-06       -198.604      
              956.65E-06        -235.181      
              959.3E-06         -183.727      
              961.951E-06       -218.019      
              964.601E-06       -228.041      
              967.251E-06       -236.965      
              969.901E-06       -208.442      
              972.55E-06        -178.577      
              975.2E-06         -222.327      
              977.85E-06        -207.912      
              980.5E-06         -226.292      
              983.15E-06        -211.101      
              985.8E-06         -232.474      
              988.45E-06        -221.109      
              991.101E-06       -218.259      
              993.751E-06       -197.416      
              996.401E-06       -239.85       
              999.051E-06       -206.93       
                1.0017E-03      -222.613      
                1.00435E-03     -212.401      
                1.007E-03       -237.522      
                1.00965E-03     -221.214      
                1.0123E-03      -194.361      
                1.01495E-03     -223.21       
                1.0176E-03      -228.249      
                1.02025E-03     -173.214      
                1.0229E-03      -226.426      
                1.02555E-03     -255.272      
                1.0282E-03      -221.418      
                1.03085E-03     -201.811      
                1.0335E-03      -220.607      
                1.03615E-03     -217.963      
                1.0388E-03      -224.956      
                1.04145E-03     -237.772      
                1.0441E-03      -230.409      
                1.04675E-03     -190.921      
                1.0494E-03      -217.367      
                1.05205E-03     -237.347      
                1.0547E-03      -221.037      
                1.05735E-03     -214.598      
                1.06E-03        -229.236      
                1.06265E-03     -231.782      
                1.0653E-03      -222.955      
                1.06795E-03     -227.763      
                1.0706E-03      -233.287      
                1.07325E-03     -223.947      
                1.0759E-03      -227.544      
                1.07855E-03     -188.588      
                1.0812E-03      -199.854      
                1.08385E-03     -204.566      
                1.0865E-03      -153.914      
                1.08915E-03     -181.703      
                1.0918E-03      -131.149      
                1.09445E-03     -146.846      
                1.0971E-03      -170.135      
                1.09975E-03     -215.693      
                1.1024E-03      -208.389      
                1.10505E-03     -252.855      
                1.1077E-03      -227.968      
                1.11035E-03     -241.27       
                1.113E-03       -233.039      
                1.11565E-03     -241.675      
                1.1183E-03      -237.173      
                1.12095E-03     -253.833      
                1.1236E-03      -229.183      
                1.12625E-03     -252.561      
                1.1289E-03      -246.728      
                1.13155E-03     -246.238      
                1.1342E-03      -248.664      
                1.13685E-03     -230.271      
                1.1395E-03      -234.782      
                1.14215E-03     -255.504      
                1.1448E-03      -256.033      
                1.14745E-03     -251.774      
                1.1501E-03      -233.488      
                1.15275E-03     -248.295      
                1.1554E-03      -239.519      
                1.15805E-03     -217.707      
                1.1607E-03      -224.78       
                1.16335E-03     -234.748      
                1.166E-03       -220.125      
                1.16865E-03     -162.214      
                1.1713E-03      -264.589      
                1.17395E-03     -263.522      
                1.1766E-03      -235.458      
                1.17925E-03     -239.558      
                1.1819E-03      -230.11       
                1.18455E-03     -270.433      
                1.1872E-03      -226.382      
                1.18985E-03     -182.187      
                1.1925E-03      -207.216      
                1.19515E-03     -236.659      
                1.1978E-03      -193.814      
                1.20045E-03     -183.676      
                1.2031E-03      -194.194      
                1.20575E-03     -247.933      
                1.2084E-03      -186.559      
                1.21105E-03     -227.959      
                1.2137E-03      -209.87       
                1.21635E-03     -248.126      
                1.219E-03       -246.568      
                1.22165E-03     -244.212      
                1.2243E-03      -252.289      
                1.22695E-03     -216.169      
                1.2296E-03      -255.383      
                1.23225E-03     -239.652      
                1.2349E-03      -226.744      
                1.23755E-03     -260.631      
                1.2402E-03      -265.614      
                1.24285E-03     -228.496      
                1.2455E-03      -222.348      
                1.24815E-03     -257.009      
                1.2508E-03      -232.812      
                1.25345E-03     -164.933      
                1.2561E-03      -213.496      
                1.25875E-03     -275.943      
                1.2614E-03      -244.804      
                1.26405E-03     -270.766      
                1.2667E-03      -255.895      
                1.26935E-03     -241.233      
                1.272E-03       -245.567      
                1.27465E-03     -243.841      
                1.2773E-03      -272.245      
                1.27995E-03     -228.3        
                1.2826E-03      -286.435      
                1.28525E-03     -237.374      
                1.2879E-03      -266.063      
                1.29055E-03     -251.925      
                1.2932E-03      -235.43       
                1.29585E-03     -241.122      
                1.2985E-03      -213.504      
                1.30115E-03     -237.601      
                1.3038E-03      -252.621      
                1.30645E-03     -265.952      
                1.3091E-03      -291.611      
                1.31175E-03     -251.458      
                1.3144E-03      -201.668      
                1.31705E-03     -246.428      
                1.3197E-03      -270.331      
                1.32235E-03     -253.902      
                1.325E-03       -259.355      
                1.32765E-03     -278.571      
                1.3303E-03      -266.667      
                1.33295E-03     -242.5        
                1.3356E-03      -241.943      
                1.33825E-03     -266.148      
                1.3409E-03      -273.268      
                1.34355E-03     -276.746      
                1.3462E-03      -218.228      
                1.34885E-03     -224.949      
                1.3515E-03      -267.782      
                1.35415E-03     -248.183      
                1.3568E-03      -292.326      
                1.35945E-03     -220.672      
                1.3621E-03      -281.698      
                1.36475E-03     -273.278      
                1.3674E-03      -140.439      
                1.37005E-03     -162.258      
                1.3727E-03      -188.204      
                1.37535E-03     -207.318      
                1.378E-03       -230.806      
                1.38065E-03     -283.058      
                1.3833E-03      -237.149      
                1.38595E-03     -269.517      
                1.3886E-03      -274.319      
                1.39125E-03     -276.317      
                1.3939E-03      -265.064      
                1.39655E-03     -252.567      
                1.3992E-03      -249.286      
                1.40185E-03     -278.524      
                1.4045E-03      -152.166      
                1.40715E-03     -159.163      
                1.4098E-03      -218.72       
                1.41245E-03     -244.7        
                1.4151E-03      -258.034      
                1.41775E-03     -274.861      
                1.4204E-03      -207.21       
                1.42305E-03     -264.116      
                1.4257E-03      -217.581      
                1.42835E-03     -176.786      
                1.431E-03       -258.808      
                1.43365E-03     -277.841      
                1.4363E-03      -228.559      
                1.43895E-03     -299.073      
                1.4416E-03      -297.936      
                1.44425E-03     -266.45       
                1.4469E-03      -305.196      
                1.44955E-03     -211.273      
                1.4522E-03      -181.027      
                1.45485E-03     -302.085      
                1.4575E-03      -271.286      
                1.46015E-03     -253.185      
                1.4628E-03      -301.477      
                1.46545E-03     -272.413      
                1.4681E-03      -246.598      
                1.47075E-03     -267.954      
                1.4734E-03      -220.982      
                1.47605E-03     -184.16       
                1.4787E-03      -256.543      
                1.48135E-03     -223.681      
                1.484E-03        -96.2318     
                1.48665E-03     -170.77       
                1.4893E-03      -218.147      
                1.49195E-03     -171.828      
                1.4946E-03      -191.678      
                1.49725E-03     -201.442      
                1.4999E-03      -203.648      
                1.50255E-03     -205.307      
                1.5052E-03      -203.881      
                1.50785E-03     -219.049      
                1.5105E-03      -215.747      
                1.51315E-03     -232.255      
                1.5158E-03      -179.031      
                1.51845E-03     -191.318      
                1.5211E-03      -226.824      
                1.52375E-03     -225.947      
                1.5264E-03      -212.051      
                1.52905E-03     -229.778      
                1.5317E-03      -232.732      
                1.53435E-03     -219.705      
                1.537E-03       -200.245      
                1.53965E-03     -216.207      
                1.5423E-03      -209.227      
                1.54495E-03     -216.837      
                1.5476E-03      -215.054      
                1.55025E-03     -235.149      
                1.5529E-03      -221.884      
                1.55555E-03     -180.017      
                1.5582E-03      -215.743      
                1.56085E-03     -226.448      
                1.5635E-03      -201.165      
                1.56615E-03     -212.14       
                1.5688E-03      -222.322      
                1.57145E-03     -198.497      
                1.5741E-03      -212.532      
                1.57675E-03     -254.165      
                1.5794E-03      -229.102      
                1.58205E-03     -208.203      
                1.5847E-03      -217.516      
                1.58735E-03     -201.193      
                1.59E-03        -212.428      
                1.59265E-03     -223.053      
                1.5953E-03      -180.083      
                1.59795E-03     -228.664      
                1.6006E-03      -210.479      
                1.60325E-03     -223.491      
                1.6059E-03      -221.582      
                1.60855E-03     -221.242      
                1.6112E-03      -196.472      
                1.61385E-03     -232.047      
                1.6165E-03      -209.356      
                1.61915E-03     -204.873      
                1.6218E-03      -194.229      
                1.62445E-03     -227.886      
                1.6271E-03      -196.69       
                1.62975E-03     -200.806      
                1.6324E-03      -202.028      
                1.63505E-03     -209.146      
                1.6377E-03      -189.821      
                1.64035E-03     -212.197      
                1.643E-03       -214.998      
                1.64565E-03     -207.874      
                1.6483E-03      -148.754      
                1.65095E-03     -214.567      
                1.6536E-03      -223.307      
                1.65625E-03     -217.729      
                1.6589E-03      -175.831      
                1.66155E-03     -207.351      
                1.6642E-03      -199.216      
                1.66685E-03     -204.647      
                1.6695E-03      -206.034      
                1.67215E-03     -239.013      
                1.6748E-03      -218.007      
                1.67745E-03     -209.499      
                1.6801E-03      -209.373      
                1.68275E-03     -228.947      
                1.6854E-03      -220.144      
                1.68805E-03     -214.465      
                1.6907E-03      -213.982      
                1.69335E-03     -222.565      
                1.696E-03       -208.677      
                1.69865E-03     -219.068      
                1.7013E-03      -228.885      
                1.70395E-03     -163.823      
                1.7066E-03      -132.776      
                1.70925E-03     -183.225      
                1.7119E-03      -216.468      
                1.71455E-03     -230.056      
                1.7172E-03      -212.173      
                1.71985E-03     -211.863      
                1.7225E-03      -216.743      
                1.72515E-03     -250.459      
                1.7278E-03      -194.488      
                1.73045E-03     -227.799      
                1.7331E-03      -214.756      
                1.73575E-03     -271.698      
                1.7384E-03      -229.155      
                1.74105E-03     -242.829      
                1.7437E-03      -222.461      
                1.74635E-03     -245.394      
                1.749E-03       -238.517      
                1.75165E-03     -228.514      
                1.7543E-03      -233.026      
                1.75695E-03     -233.017      
                1.7596E-03      -239.995      
                1.76225E-03     -220.337      
                1.7649E-03      -226.371      
                1.76755E-03     -221.963      
                1.7702E-03      -231.101      
                1.77285E-03     -235.28       
                1.7755E-03      -235.283      
                1.77815E-03     -219.547      
                1.7808E-03      -200.778      
                1.78345E-03     -203.407      
                1.7861E-03      -190.424      
                1.78875E-03      -92.361      
                1.7914E-03      -135.735      
                1.79405E-03     -148.35       
                1.7967E-03      -201.131      
                1.79935E-03     -220.015      
                1.802E-03       -228.311      
                1.80465E-03     -236.409      
                1.8073E-03      -222.936      
                1.80995E-03     -218.599      
                1.8126E-03      -236.397      
                1.81525E-03     -250.233      
                1.8179E-03      -225.721      
                1.82055E-03     -243.463      
                1.8232E-03      -236.599      
                1.82585E-03     -243.916      
                1.8285E-03      -241.298      
                1.83115E-03     -258.619      
                1.8338E-03      -254.353      
                1.83645E-03     -124.405      
                1.8391E-03      -190.474      
                1.84175E-03     -240.151      
                1.8444E-03      -244.08       
                1.84705E-03     -253.496      
                1.8497E-03      -216.514      
                1.85235E-03     -232.299      
                1.855E-03       -231.996      
                1.85765E-03     -240.123      
                1.8603E-03      -248.343      
                1.86295E-03     -247.192      
                1.8656E-03      -271.918      
                1.86825E-03     -229.44       
                1.8709E-03      -242.194      
                1.87355E-03     -179.832      
                1.8762E-03      -228.499      
                1.87885E-03     -281.417      
                1.8815E-03      -248.529      
                1.88415E-03     -266.631      
                1.8868E-03      -133.911      
                1.88945E-03     -203.566      
                1.8921E-03      -247.544      
                1.89475E-03     -257.226      
                1.8974E-03      -263.69       
                1.90005E-03     -225.         
                1.9027E-03      -177.028      
                1.90535E-03     -225.942      
                1.908E-03       -237.511      
                1.91065E-03     -261.22       
                1.9133E-03      -249.287      
                1.91595E-03     -213.649      
                1.9186E-03      -224.28       
                1.92125E-03     -194.883      
                1.9239E-03      -242.686      
                1.92655E-03     -267.483      
                1.9292E-03      -226.168      
                1.93185E-03     -253.048      
                1.9345E-03      -226.412      
                1.93715E-03     -179.149      
                1.9398E-03      -259.24       
                1.94245E-03     -207.001      
                1.9451E-03      -209.726      
                1.94775E-03     -253.889      
                1.9504E-03      -125.836      
                1.95305E-03     -165.214      
                1.9557E-03      -218.231      
                1.95835E-03     -224.673      
                1.961E-03       -131.695      
                1.96365E-03     -193.01       
                1.9663E-03      -221.956      
                1.96895E-03     -220.634      
                1.9716E-03      -205.539      
                1.97425E-03     -242.397      
                1.9769E-03      -217.82       
                1.97955E-03     -227.689      
                1.9822E-03      -188.347      
                1.98485E-03     -235.63       
                1.9875E-03      -221.625      
                1.99015E-03     -228.099      
                1.9928E-03      -226.762      
                1.99545E-03     -243.243      
                1.9981E-03      -187.512      
                2.00075E-03     -203.527      
                2.0034E-03      -206.45       
                2.00605E-03     -206.608      
                2.0087E-03      -231.93       
                2.01135E-03     -208.121      
                2.014E-03       -217.173      
                2.01665E-03     -128.104      
                2.0193E-03      -198.654      
                2.02195E-03     -205.958      
                2.0246E-03      -225.694      
                2.02725E-03     -240.542      
                2.0299E-03      -208.337      
                2.03255E-03     -205.466      
                2.0352E-03      -215.92       
                2.03785E-03     -209.913      
                2.0405E-03      -209.051      
                2.04315E-03     -234.213      
                2.0458E-03      -223.564      
                2.04845E-03     -200.266      
                2.0511E-03      -226.718      
                2.05375E-03     -225.863      
                2.0564E-03      -221.969      
                2.05905E-03     -206.686      
                2.0617E-03      -240.08       
                2.06435E-03     -212.052      
                2.067E-03       -227.142      
                2.06965E-03     -207.863      
                2.0723E-03      -228.744      
                2.07495E-03     -213.775      
                2.0776E-03      -216.826      
                2.08025E-03     -217.265      
                2.0829E-03      -219.691      
                2.08555E-03     -240.234      
                2.0882E-03      -242.707      
                2.09085E-03     -234.248      
                2.0935E-03      -208.365      
                2.09615E-03     -231.045      
                2.0988E-03      -242.462      
                2.10145E-03     -236.177      
                2.1041E-03      -240.14       
                2.10675E-03     -223.3        
                2.1094E-03      -222.628      
                2.11205E-03     -236.757      
                2.1147E-03      -129.107      
                2.11735E-03     -215.985      
                2.12E-03        -225.886      
                2.12265E-03     -233.663      
                2.1253E-03      -215.478      
                2.12795E-03     -234.085      
                2.1306E-03      -224.186      
                2.13325E-03     -232.251      
                2.1359E-03      -215.102      
                2.13855E-03     -229.169      
                2.1412E-03      -221.207      
                2.14385E-03     -217.62       
                2.1465E-03      -219.601      
                2.14915E-03     -205.674      
                2.1518E-03      -237.107      
                2.15445E-03     -210.988      
                2.1571E-03      -199.715      
                2.15975E-03     -199.019      
                2.1624E-03      -165.768      
                2.16505E-03     -204.299      
                2.1677E-03      -128.954      
                2.17035E-03     -114.63       
                2.173E-03       -153.039      
                2.17565E-03     -200.438      
                2.1783E-03      -237.924      
                2.18095E-03     -236.054      
                2.1836E-03      -250.591      
                2.18625E-03     -249.928      
                2.1889E-03      -232.149      
                2.19155E-03     -238.424      
                2.1942E-03      -244.49       
                2.19685E-03     -252.347      
                2.1995E-03      -242.629      
                2.20215E-03     -233.506      
                2.2048E-03      -246.848      
                2.20745E-03     -244.867      
                2.2101E-03      -243.197      
                2.21275E-03     -232.799      
                2.2154E-03      -246.513      
                2.21805E-03     -241.282      
                2.2207E-03      -247.179      
                2.22335E-03     -239.056      
                2.226E-03       -232.983      
                2.22865E-03     -236.553      
                2.2313E-03      -221.681      
                2.23395E-03     -196.412      
                2.2366E-03      -243.394      
                2.23925E-03     -233.375      
                2.2419E-03      -212.34       
                2.24455E-03     -227.641      
                2.2472E-03      -222.939      
                2.24985E-03     -193.034      
                2.2525E-03      -251.185      
                2.25515E-03     -218.616      
                2.2578E-03      -219.876      
                2.26045E-03     -180.239      
                2.2631E-03      -197.339      
                2.26575E-03     -234.305      
                2.2684E-03      -220.047      
                2.27105E-03     -226.118      
                2.2737E-03      -249.529      
                2.27635E-03     -205.968      
                2.279E-03       -228.885      
                2.28165E-03     -226.666      
                2.2843E-03      -205.972      
                2.28695E-03     -254.663      
                2.2896E-03      -205.312      
                2.29225E-03     -219.834      
                2.2949E-03      -234.354      
                2.29755E-03     -222.778      
                2.3002E-03      -217.756      
                2.30285E-03     -184.196      
                2.3055E-03      -209.683      
                2.30815E-03     -200.647      
                2.3108E-03      -220.616      
                2.31345E-03     -224.018      
                2.3161E-03      -157.956      
                2.31875E-03     -178.669      
                2.3214E-03      -167.138      
                2.32405E-03     -209.742      
                2.3267E-03      -147.72       
                2.32935E-03     -176.774      
                2.332E-03       -213.386      
                2.33465E-03     -241.939      
                2.3373E-03      -227.908      
                2.33995E-03     -232.188      
                2.3426E-03      -244.749      
                2.34525E-03     -235.706      
                2.3479E-03      -177.242      
                2.35055E-03     -223.318      
                2.3532E-03      -229.728      
                2.35585E-03     -217.111      
                2.3585E-03      -219.783      
                2.36115E-03     -230.319      
                2.3638E-03      -234.021      
                2.36645E-03     -235.091      
                2.3691E-03      -240.206      
                2.37175E-03     -223.242      
                2.3744E-03      -222.403      
                2.37705E-03     -186.703      
                2.3797E-03      -231.174      
                2.38235E-03     -228.954      
                2.385E-03       -251.584      
                2.38765E-03     -221.693      
                2.3903E-03      -232.509      
                2.39295E-03     -234.132      
                2.3956E-03      -221.408      
                2.39825E-03     -234.6        
                2.4009E-03      -218.913      
                2.40355E-03     -171.682      
                2.4062E-03      -223.688      
                2.40885E-03     -232.981      
                2.4115E-03      -228.169      
                2.41415E-03     -225.319      
                2.4168E-03      -229.516      
                2.41945E-03     -213.207      
                2.4221E-03      -245.265      
                2.42475E-03     -246.318      
                2.4274E-03      -229.444      
                2.43005E-03     -226.648      
                2.4327E-03      -229.568      
                2.43535E-03     -230.122      
                2.438E-03       -233.754      
                2.44065E-03     -243.907      
                2.4433E-03      -213.893      
                2.44595E-03     -218.923      
                2.4486E-03      -233.121      
                2.45125E-03     -230.759      
                2.4539E-03      -207.851      
                2.45655E-03     -208.037      
                2.4592E-03      -222.832      
                2.46185E-03     -179.427      
                2.4645E-03      -139.889      
                2.46715E-03     -192.858      
                2.4698E-03      -234.39       
                2.47245E-03     -238.928      
                2.4751E-03      -244.136      
                2.47775E-03     -224.879      
                2.4804E-03      -238.29       
                2.48305E-03     -230.435      
                2.4857E-03      -242.023      
                2.48835E-03     -243.916      
                2.491E-03       -231.24       
                2.49365E-03     -236.777      
                2.4963E-03      -223.754      
                2.49895E-03     -234.025      
                2.5016E-03      -246.526      
                2.50425E-03     -242.996      
                2.5069E-03      -141.203      
                2.50955E-03     -197.189      
                2.5122E-03      -232.721      
                2.51485E-03     -217.669      
                2.5175E-03      -231.26       
                2.52015E-03     -238.389      
                2.5228E-03      -223.121      
                2.52545E-03     -227.273      
                2.5281E-03      -224.128      
                2.53075E-03     -256.145      
                2.5334E-03      -230.13       
                2.53605E-03     -234.306      
                2.5387E-03      -236.401      
                2.54135E-03     -230.816      
                2.544E-03       -204.226      
                2.54665E-03     -248.724      
                2.5493E-03      -235.731      
                2.55195E-03     -209.333      
                2.5546E-03      -109.598      
                2.55725E-03     -192.123      
                2.5599E-03      -211.292      
                2.56255E-03     -213.611      
                2.5652E-03      -163.618      
                2.56785E-03     -213.528      
                2.5705E-03      -185.205      
                2.57315E-03     -238.043      
                2.5758E-03      -242.229      
                2.57845E-03     -174.444      
                2.5811E-03      -238.501      
                2.58375E-03     -253.645      
                2.5864E-03      -163.476      
                2.58905E-03     -201.514      
                2.5917E-03      -234.916      
                2.59435E-03     -240.208      
                2.597E-03       -221.278      
                2.59965E-03     -242.938      
                2.6023E-03      -238.4        
                2.60495E-03     -168.481      
                2.6076E-03      -228.569      
                2.61025E-03     -270.798      
                2.6129E-03      -213.617      
                2.61555E-03     -211.622      
                2.6182E-03      -251.139      
                2.62085E-03     -224.402      
                2.6235E-03      -226.439      
                2.62615E-03     -133.51       
                2.6288E-03      -206.441      
                2.63145E-03     -217.223      
                2.6341E-03      -238.547      
                2.63675E-03     -250.404      
                2.6394E-03      -122.554      
                2.64205E-03     -213.097      
                2.6447E-03      -245.403      
                2.64735E-03     -218.462      
                2.65E-03        -238.856      
                2.65265E-03     -180.477      
                2.6553E-03      -200.539      
                2.65795E-03     -247.302      
                2.6606E-03      -231.928      
                2.66325E-03     -234.76       
                2.6659E-03      -222.415      
                2.66855E-03     -240.31       
                2.6712E-03      -219.842      
                2.67385E-03     -207.854      
                2.6765E-03      -241.742      
                2.67915E-03     -233.194      
                2.6818E-03      -211.899      
                2.68445E-03     -238.848      
                2.6871E-03      -238.162      
                2.68975E-03     -236.04       
                2.6924E-03      -237.17       
                2.69505E-03     -213.179      
                2.6977E-03      -222.385      
                2.70035E-03     -237.426      
                2.703E-03       -244.882      
                2.70565E-03     -235.12       
                2.7083E-03      -230.758      
                2.71095E-03     -224.731      
                2.7136E-03      -201.773      
                2.71625E-03     -246.71       
                2.7189E-03      -248.521      
                2.72155E-03     -222.467      
                2.7242E-03      -222.244      
                2.72685E-03     -240.116      
                2.7295E-03      -224.919      
                2.73215E-03     -162.893      
                2.7348E-03      -230.44       
                2.73745E-03     -226.182      
                2.7401E-03      -221.105      
                2.74275E-03     -227.602      
                2.7454E-03      -251.92       
                2.74805E-03     -210.303      
                2.7507E-03      -184.198      
                2.75335E-03     -235.124      
                2.756E-03       -233.137      
                2.75865E-03     -232.166      
                2.7613E-03      -245.202      
                2.76395E-03     -236.527      
                2.7666E-03      -184.255      
                2.76925E-03     -229.612      
                2.7719E-03      -251.345      
                2.77455E-03     -195.136      
                2.7772E-03      -225.9        
                2.77985E-03     -244.021      
                2.7825E-03      -222.621      
                2.78515E-03     -164.89       
                2.7878E-03      -232.473      
                2.79045E-03     -250.722      
                2.7931E-03      -208.736      
                2.79575E-03     -228.218      
                2.7984E-03      -207.721      
                2.80105E-03     -221.651      
                2.8037E-03      -196.505      
                2.80635E-03     -223.478      
                2.809E-03       -226.873      
                2.81165E-03     -185.112      
                2.8143E-03      -227.428      
                2.81695E-03     -251.498      
                2.8196E-03      -163.98       
                2.82225E-03     -189.764      
                2.8249E-03      -240.374      
                2.82755E-03     -243.066      
                2.8302E-03      -217.957      
                2.83285E-03     -267.786      
                2.8355E-03      -234.441      
                2.83815E-03     -193.15       
                2.8408E-03      -245.37       
                2.84345E-03     -234.873      
                2.8461E-03      -231.873      
                2.84875E-03     -221.271      
                2.8514E-03      -261.777      
                2.85405E-03     -197.927      
                2.8567E-03      -230.807      
                2.85935E-03     -234.254      
                2.862E-03       -222.301      
                2.86465E-03     -220.035      
                2.8673E-03      -232.926      
                2.86995E-03     -224.462      
                2.8726E-03      -229.224      
                2.87525E-03     -224.051      
                2.8779E-03      -232.495      
                2.88055E-03     -217.384      
                2.8832E-03      -218.02       
                2.88585E-03     -190.613      
                2.8885E-03      -255.99       
                2.89115E-03     -245.031      
                2.8938E-03      -225.869      
                2.89645E-03     -220.812      
                2.8991E-03      -216.451      
                2.90175E-03     -248.052      
                2.9044E-03      -133.134      
                2.90705E-03     -205.73       
                2.9097E-03      -263.509      
                2.91235E-03     -249.87       
                2.915E-03       -226.833      
                2.91765E-03     -225.193      
                2.9203E-03      -244.013      
                2.92295E-03     -171.532      
                2.9256E-03      -215.208      
                2.92825E-03     -237.164      
                2.9309E-03      -236.056      
                2.93355E-03     -220.224      
                2.9362E-03      -222.355      
                2.93885E-03     -204.075      
                2.9415E-03      -248.26       
                2.94415E-03     -231.66       
                2.9468E-03      -220.811      
                2.94945E-03     -207.399      
                2.9521E-03      -225.291      
                2.95475E-03     -202.212      
                2.9574E-03      -233.74       
                2.96005E-03     -245.207      
                2.9627E-03      -222.706      
                2.96535E-03     -220.685      
                2.968E-03       -204.427      
                2.97065E-03     -235.501      
                2.9733E-03      -242.709      
                2.97595E-03     -213.808      
                2.9786E-03      -223.719      
                2.98125E-03     -236.129      
                2.9839E-03      -212.826      
                2.98655E-03     -238.878      
                2.9892E-03      -233.882      
                2.99185E-03     -241.571      
                2.9945E-03      -202.081      
                2.99715E-03     -242.276      
                2.9998E-03      -237.341      
                3.00245E-03     -223.597      
                3.0051E-03      -218.94       
                3.00775E-03     -217.725      
                3.0104E-03      -252.35       
                3.01305E-03     -233.708      
                3.0157E-03      -240.718      
                3.01835E-03     -228.045      
                3.021E-03       -250.898      
                3.02365E-03     -199.047      
                3.0263E-03      -241.452      
                3.02895E-03     -231.017      
                3.0316E-03      -234.681      
                3.03425E-03     -237.39       
                3.0369E-03      -190.124      
                3.03955E-03     -229.264      
                3.0422E-03      -239.492      
                3.04485E-03     -232.086      
                3.0475E-03      -239.068      
                3.05015E-03     -225.232      
                3.0528E-03      -241.634      
                3.05545E-03     -181.837      
                3.0581E-03      -214.895      
                3.06075E-03     -213.986      
                3.0634E-03      -218.428      
                3.06605E-03     -227.737      
                3.0687E-03      -257.29       
                3.07135E-03     -243.788      
                3.074E-03       -230.638      
                3.07665E-03     -223.622      
                3.0793E-03      -208.522      
                3.08195E-03     -221.301      
                3.0846E-03      -194.271      
                3.08725E-03     -200.404      
                3.0899E-03      -270.518      
                3.09255E-03     -229.908      
                3.0952E-03      -233.314      
                3.09785E-03     -223.135      
                3.1005E-03      -224.339      
                3.10315E-03     -205.589      
                3.1058E-03      -222.813      
                3.10845E-03     -236.919      
                3.1111E-03      -233.47       
                3.11375E-03     -228.374      
                3.1164E-03      -204.735      
                3.11905E-03     -227.196      
                3.1217E-03      -240.606      
                3.12435E-03     -230.89       
                3.127E-03       -236.1        
                3.12965E-03     -235.708      
                3.1323E-03      -164.988      
                3.13495E-03     -203.112      
                3.1376E-03      -245.542      
                3.14025E-03     -215.689      
                3.1429E-03      -242.739      
                3.14555E-03     -229.159      
                3.1482E-03      -247.115      
                3.15085E-03     -205.309      
                3.1535E-03      -224.017      
                3.15615E-03     -239.725      
                3.1588E-03      -224.804      
                3.16145E-03     -225.304      
                3.1641E-03      -189.319      
                3.16675E-03     -238.636      
                3.1694E-03      -222.632      
                3.17205E-03     -234.6        
                3.1747E-03      -235.798      
                3.17735E-03     -216.126      
                3.18E-03        -242.061      
                3.18265E-03     -233.753      
                3.1853E-03      -237.812      
                3.18795E-03     -228.108      
                3.1906E-03      -129.878      
                3.19325E-03     -194.975      
                3.1959E-03      -239.982      
                3.19855E-03     -232.512      
                3.2012E-03      -224.559      
                3.20385E-03     -233.539      
                3.2065E-03      -191.402      
                3.20915E-03     -210.198      
                3.2118E-03      -243.31       
                3.21445E-03     -240.247      
                3.2171E-03      -229.841      
                3.21975E-03     -187.051      
                3.2224E-03      -233.134      
                3.22505E-03     -231.044      
                3.2277E-03      -212.231      
                3.23035E-03     -233.067      
                3.233E-03       -252.955      
                3.23565E-03     -252.593      
                3.2383E-03      -165.998      
                3.24095E-03     -239.822      
                3.2436E-03      -240.078      
                3.24625E-03     -233.822      
                3.2489E-03      -238.758      
                3.25155E-03     -165.113      
                3.2542E-03      -203.469      
                3.25685E-03     -224.722      
                3.2595E-03      -239.607      
                3.26215E-03     -221.584      
                3.2648E-03      -206.048      
                3.26745E-03     -239.412      
                3.2701E-03      -187.845      
                3.27275E-03     -216.719      
                3.2754E-03      -242.231      
                3.27805E-03     -228.148      
                3.2807E-03      -221.975      
                3.28335E-03     -184.011      
                3.286E-03       -239.783      
                3.28865E-03     -245.071      
                3.2913E-03      -229.395      
                3.29395E-03     -248.317      
                3.2966E-03      -189.231      
                3.29925E-03     -248.791      
                3.3019E-03      -225.896      
                3.30455E-03     -244.552      
                3.3072E-03      -241.378      
                3.30985E-03     -219.21       
                3.3125E-03      -242.651      
                3.31515E-03     -197.941      
                3.3178E-03      -246.432      
                3.32045E-03     -232.731      
                3.3231E-03      -244.987      
                3.32575E-03     -238.962      
                3.3284E-03      -222.976      
                3.33105E-03     -251.365      
                3.3337E-03      -202.795      
                3.33635E-03     -244.434      
                3.339E-03       -230.329      
                3.34165E-03     -241.448      
                3.3443E-03      -192.094      
                3.34695E-03     -235.473      
                3.3496E-03      -251.962      
                3.35225E-03     -226.048      
                3.3549E-03      -242.849      
                3.35755E-03     -229.063      
                3.3602E-03      -178.006      
                3.36285E-03     -226.804      
                3.3655E-03      -246.745      
                3.36815E-03     -254.292      
                3.3708E-03      -224.552      
                3.37345E-03     -143.05       
                3.3761E-03      -226.164      
                3.37875E-03     -224.701      
                3.3814E-03      -219.261      
                3.38405E-03     -221.176      
                3.3867E-03      -216.757      
                3.38935E-03     -188.447      
                3.392E-03       -236.658      
                3.39465E-03     -230.187      
                3.3973E-03      -241.372      
                3.39995E-03     -225.042      
                3.4026E-03      -247.561      
                3.40525E-03     -191.195      
                3.4079E-03      -231.586      
                3.41055E-03     -219.84       
                3.4132E-03      -246.019      
                3.41585E-03     -243.175      
                3.4185E-03      -232.048      
                3.42115E-03     -211.484      
                3.4238E-03      -248.315      
                3.42645E-03     -216.425      
                3.4291E-03      -238.177      
                3.43175E-03     -230.655      
                3.4344E-03      -177.01       
                3.43705E-03     -239.148      
                3.4397E-03      -230.376      
                3.44235E-03     -232.398      
                3.445E-03       -242.724      
                3.44765E-03     -204.705      
                3.4503E-03      -205.234      
                3.45295E-03     -234.177      
                3.4556E-03      -227.606      
                3.45825E-03     -232.908      
                3.4609E-03      -232.514      
                3.46355E-03     -248.611      
                3.4662E-03      -197.975      
                3.46885E-03     -241.908      
                3.4715E-03      -240.515      
                3.47415E-03     -240.834      
                3.4768E-03      -243.508      
                3.47945E-03     -179.6        
                3.4821E-03      -247.862      
                3.48475E-03     -238.454      
                3.4874E-03      -222.818      
                3.49005E-03     -258.24       
                3.4927E-03      -224.497      
                3.49535E-03     -173.182      
                3.498E-03       -219.779      
                3.50065E-03     -237.612      
                3.5033E-03      -244.457      
                3.50595E-03     -239.566      
                3.5086E-03      -216.064      
                3.51125E-03     -217.095      
                3.5139E-03      -222.58       
                3.51655E-03     -214.236      
                3.5192E-03      -221.699      
                3.52185E-03     -225.953      
                3.5245E-03      -118.944      
                3.52715E-03     -211.004      
                3.5298E-03      -226.643      
                3.53245E-03     -217.216      
                3.5351E-03      -232.6        
                3.53775E-03     -160.653      
                3.5404E-03      -194.611      
                3.54305E-03     -227.795      
                3.5457E-03      -208.851      
                3.54835E-03     -206.083      
                3.551E-03       -218.293      
                3.55365E-03     -229.822      
                3.5563E-03      -158.504      
                3.55895E-03     -211.541      
                3.5616E-03      -250.939      
                3.56425E-03     -232.715      
                3.5669E-03      -230.437      
                3.56955E-03     -242.628      
                3.5722E-03      -178.902      
                3.57485E-03     -218.399      
                3.5775E-03      -208.455      
                3.58015E-03     -225.975      
                3.5828E-03      -229.741      
                3.58545E-03     -127.235      
                3.5881E-03      -214.75       
                3.59075E-03     -245.749      
                3.5934E-03      -214.165      
                3.59605E-03     -225.278      
                3.5987E-03      -237.323      
                3.60135E-03     -217.668      
                3.604E-03       -222.199      
                3.60665E-03     -217.415      
                3.6093E-03      -210.684      
                3.61195E-03     -242.704      
                3.6146E-03      -226.004      
                3.61725E-03     -189.377      
                3.6199E-03      -222.358      
                3.62255E-03     -227.018      
                3.6252E-03      -217.29       
                3.62785E-03     -243.091      
                3.6305E-03      -244.161      
                3.63315E-03     -206.637      
                3.6358E-03      -233.435      
                3.63845E-03     -222.08       
                3.6411E-03      -243.509      
                3.64375E-03     -231.049      
                3.6464E-03      -230.317      
                3.64905E-03     -202.929      
                3.6517E-03      -218.045      
                3.65435E-03     -217.708      
                3.657E-03       -224.096      
                3.65965E-03     -242.98       
                3.6623E-03      -165.104      
                3.66495E-03     -231.914      
                3.6676E-03      -250.744      
                3.67025E-03     -241.015      
                3.6729E-03      -236.609      
                3.67555E-03     -229.882      
                3.6782E-03      -178.529      
                3.68085E-03     -210.532      
                3.6835E-03      -196.816      
                3.68615E-03     -239.463      
                3.6888E-03      -226.728      
                3.69145E-03     -224.528      
                3.6941E-03      -201.62       
                3.69675E-03     -212.387      
                3.6994E-03      -210.288      
                3.70205E-03     -236.142      
                3.7047E-03      -214.966      
                3.70735E-03     -228.556      
                3.71E-03        -208.665      
                3.71265E-03     -220.062      
                3.7153E-03      -212.895      
                3.71795E-03     -234.701      
                3.7206E-03      -225.375      
                3.72325E-03     -175.194      
                3.7259E-03      -226.541      
                3.72855E-03     -251.496      
                3.7312E-03      -236.289      
                3.73385E-03     -249.829      
                3.7365E-03      -226.094      
                3.73915E-03     -202.399      
                3.7418E-03      -213.8        
                3.74445E-03     -214.29       
                3.7471E-03      -235.22       
                3.74975E-03     -246.295      
                3.7524E-03      -213.584      
                3.75505E-03     -201.497      
                3.7577E-03      -225.942      
                3.76035E-03     -227.99       
                3.763E-03       -232.176      
                3.76565E-03     -241.531      
                3.7683E-03      -180.611      
                3.77095E-03     -247.925      
                3.7736E-03      -256.84       
                3.77625E-03     -232.442      
                3.7789E-03      -240.321      
                3.78155E-03     -236.371      
                3.7842E-03      -199.386      
                3.78685E-03     -223.892      
                3.7895E-03      -199.781      
                3.79215E-03     -225.226      
                3.7948E-03      -233.957      
                3.79745E-03     -221.47       
                3.8001E-03      -208.753      
                3.80275E-03     -216.134      
                3.8054E-03      -223.467      
                3.80805E-03     -243.593      
                3.8107E-03      -239.32       
                3.81335E-03     -207.879      
                3.816E-03       -228.991      
                3.81865E-03     -212.561      
                3.8213E-03      -209.549      
                3.82395E-03     -218.804      
                3.8266E-03      -217.398      
                3.82925E-03     -233.266      
                3.8319E-03      -187.401      
                3.83455E-03     -233.079      
                3.8372E-03      -214.26       
                3.83985E-03     -225.178      
                3.8425E-03      -238.268      
                3.84515E-03     -230.783      
                3.8478E-03      -216.673      
                3.85045E-03     -252.907      
                3.8531E-03      -212.13       
                3.85575E-03     -236.941      
                3.8584E-03      -229.896      
                3.86105E-03     -187.364      
                3.8637E-03      -243.662      
                3.86635E-03     -225.847      
                3.869E-03       -222.554      
                3.87165E-03     -245.011      
                3.8743E-03      -202.4        
                3.87695E-03     -213.838      
                3.8796E-03      -235.793      
                3.88225E-03     -204.185      
                3.8849E-03      -248.077      
                3.88755E-03     -228.336      
                3.8902E-03      -170.197      
                3.89285E-03     -244.104      
                3.8955E-03      -250.821      
                3.89815E-03     -230.239      
                3.9008E-03      -244.008      
                3.90345E-03     -242.265      
                3.9061E-03      -194.825      
                3.90875E-03     -195.821      
                3.9114E-03      -218.301      
                3.91405E-03     -245.521      
                3.9167E-03      -239.264      
                3.91935E-03     -193.897      
                3.922E-03       -226.75       
                3.92465E-03     -249.355      
                3.9273E-03      -243.319      
                3.92995E-03     -237.071      
                3.9326E-03      -193.996      
                3.93525E-03     -230.47       
                3.9379E-03      -239.538      
                3.94055E-03     -242.399      
                3.9432E-03      -226.878      
                3.94585E-03     -188.653      
                3.9485E-03      -239.828      
                3.95115E-03     -236.128      
                3.9538E-03      -227.943      
                3.95645E-03     -226.58       
                3.9591E-03      -201.165      
                3.96175E-03     -228.495      
                3.9644E-03      -234.626      
                3.96705E-03     -232.245      
                3.9697E-03      -229.906      
                3.97235E-03     -194.414      
                3.975E-03       -261.036      
                3.97765E-03     -226.545      
                3.9803E-03      -221.607      
                3.98295E-03     -241.221      
                3.9856E-03      -194.35       
                3.98825E-03     -260.982      
                3.9909E-03      -236.876      
                3.99355E-03     -231.224      
                3.9962E-03      -212.263      
                3.99885E-03     -172.065      
                4.0015E-03      -254.592      
                4.00415E-03     -234.738      
                4.0068E-03      -229.048      
                4.00945E-03     -223.01       
                4.0121E-03      -199.396      
                4.01475E-03     -212.064      
                4.0174E-03      -234.088      
                4.02005E-03     -240.488      
                4.0227E-03      -154.52       
                4.02535E-03     -227.596      
                4.028E-03       -235.781      
                4.03065E-03     -225.691      
                4.0333E-03      -256.621      
                4.03595E-03     -188.777      
                4.0386E-03      -213.946      
                4.04125E-03     -224.588      
                4.0439E-03      -241.937      
                4.04655E-03     -253.99       
                4.0492E-03      -163.72       
                4.05185E-03     -234.971      
                4.0545E-03      -233.947      
                4.05715E-03     -233.464      
                4.0598E-03      -251.491      
                4.06245E-03     -202.171      
                4.0651E-03      -228.143      
                4.06775E-03     -199.003      
                4.0704E-03      -240.698      
                4.07305E-03     -233.276      
                4.0757E-03      -200.664      
                4.07835E-03     -261.15       
                4.081E-03       -213.585      
                4.08365E-03     -226.094      
                4.0863E-03      -242.866      
                4.08895E-03     -207.086      
                4.0916E-03      -235.556      
                4.09425E-03     -215.45       
                4.0969E-03      -256.225      
                4.09955E-03     -234.746      
                4.1022E-03      -212.61       
                4.10485E-03     -239.861      
                4.1075E-03      -238.057      
                4.11015E-03     -216.639      
                4.1128E-03      -213.141      
                4.11545E-03     -224.119      
                4.1181E-03      -252.735      
                4.12075E-03     -225.243      
                4.1234E-03      -232.166      
                4.12605E-03     -230.418      
                4.1287E-03      -186.943      
                4.13135E-03     -219.274      
                4.134E-03       -234.853      
                4.13665E-03     -247.553      
                4.1393E-03      -209.369      
                4.14195E-03     -216.056      
                4.1446E-03      -253.773      
                4.14725E-03     -245.595      
                4.1499E-03      -234.153      
                4.15255E-03     -127.788      
                4.1552E-03      -211.549      
                4.15785E-03     -239.449      
                4.1605E-03      -222.584      
                4.16315E-03     -254.287      
                4.1658E-03      -205.185      
                4.16845E-03     -189.813      
                4.1711E-03      -255.941      
                4.17375E-03     -229.975      
                4.1764E-03      -240.924      
                4.17905E-03     -185.811      
                4.1817E-03      -188.779      
                4.18435E-03     -228.576      
                4.187E-03       -241.882      
                4.18965E-03     -252.12       
                4.1923E-03      -191.423      
                4.19495E-03     -227.172      
                4.1976E-03      -221.261      
                4.20025E-03     -196.573      
                4.2029E-03      -212.626      
                4.20555E-03     -234.517      
                4.2082E-03      -236.938      
                4.21085E-03     -233.781      
                4.2135E-03      -217.293      
                4.21615E-03     -243.774      
                4.2188E-03      -189.521      
                4.22145E-03     -208.201      
                4.2241E-03      -224.902      
                4.22675E-03     -223.775      
                4.2294E-03      -255.092      
                4.23205E-03     -211.27       
                4.2347E-03      -236.121      
                4.23735E-03     -246.455      
                4.24E-03        -220.708      
                4.24265E-03     -230.42       
                4.2453E-03      -218.57       
                4.24795E-03     -256.456      
                4.2506E-03      -251.385      
                4.25325E-03     -224.082      
                4.2559E-03      -226.543      
                4.25855E-03     -177.09       
                4.2612E-03      -227.659      
                4.26385E-03     -229.458      
                4.2665E-03      -244.304      
                4.26915E-03     -248.012      
                4.2718E-03      -241.332      
                4.27445E-03     -244.393      
                4.2771E-03      -213.001      
                4.27975E-03     -246.719      
                4.2824E-03      -247.574      
                4.28505E-03     -218.05       
                4.2877E-03      -198.036      
                4.29035E-03     -232.031      
                4.293E-03       -228.847      
                4.29565E-03     -237.31       
                4.2983E-03      -246.854      
                4.30095E-03     -202.237      
                4.3036E-03      -235.957      
                4.30625E-03     -220.25       
                4.3089E-03      -241.087      
                4.31155E-03     -163.76       
                4.3142E-03      -210.546      
                4.31685E-03     -248.59       
                4.3195E-03      -227.778      
                4.32215E-03     -217.745      
                4.3248E-03      -189.597      
                4.32745E-03     -250.886      
                4.3301E-03      -223.865      
                4.33275E-03     -264.334      
                4.3354E-03      -177.927      
                4.33805E-03     -203.965      
                4.3407E-03      -228.668      
                4.34335E-03     -232.509      
                4.346E-03       -247.919      
                4.34865E-03     -188.366      
                4.3513E-03      -233.821      
                4.35395E-03     -251.804      
                4.3566E-03      -234.129      
                4.35925E-03     -236.19       
                4.3619E-03      -230.544      
                4.36455E-03     -220.825      
                4.3672E-03      -255.35       
                4.36985E-03     -254.994      
                4.3725E-03      -210.371      
                4.37515E-03     -209.93       
                4.3778E-03      -245.71       
                4.38045E-03     -223.956      
                4.3831E-03      -231.087      
                4.38575E-03     -239.058      
                4.3884E-03      -246.761      
                4.39105E-03     -223.477      
                4.3937E-03      -227.455      
                4.39635E-03     -237.498      
                4.399E-03       -237.436      
                4.40165E-03     -258.5        
                4.4043E-03      -224.199      
                4.40695E-03     -232.257      
                4.4096E-03      -248.537      
                4.41225E-03     -232.848      
                4.4149E-03      -210.776      
                4.41755E-03     -208.285      
                4.4202E-03      -236.791      
                4.42285E-03     -226.956      
                4.4255E-03      -231.852      
                4.42815E-03     -242.094      
                4.4308E-03      -190.029      
                4.43345E-03     -202.205      
                4.4361E-03      -226.204      
                4.43875E-03     -228.751      
                4.4414E-03      -232.952      
                4.44405E-03     -244.915      
                4.4467E-03      -175.409      
                4.44935E-03     -194.789      
                4.452E-03       -244.936      
                4.45465E-03     -229.159      
                4.4573E-03      -217.412      
                4.45995E-03     -223.62       
                4.4626E-03      -231.132      
                4.46525E-03     -224.636      
                4.4679E-03      -248.83       
                4.47055E-03     -235.029      
                4.4732E-03      -223.832      
                4.47585E-03     -245.125      
                4.4785E-03      -218.68       
                4.48115E-03     -164.275      
                4.4838E-03      -211.093      
                4.48645E-03     -248.592      
                4.4891E-03      -224.756      
                4.49175E-03     -223.996      
                4.4944E-03      -230.009      
                4.49705E-03     -194.702      
                4.4997E-03      -235.912      
                4.50235E-03     -251.509      
                4.505E-03       -247.999      
                4.50765E-03     -237.663      
                4.5103E-03      -198.967      
                4.51295E-03     -226.328      
                4.5156E-03      -173.785      
                4.51825E-03     -233.398      
                4.5209E-03      -220.279      
                4.52355E-03     -163.715      
                4.5262E-03      -216.69       
                4.52885E-03     -226.416      
                4.5315E-03      -222.725      
                4.53415E-03     -216.987      
                4.5368E-03      -228.416      
                4.53945E-03     -248.393      
                4.5421E-03      -178.628      
                4.54475E-03     -236.505      
                4.5474E-03      -241.515      
                4.55005E-03     -223.607      
                4.5527E-03      -236.412      
                4.55535E-03     -232.267      
                4.558E-03       -243.231      
                4.56065E-03     -229.236      
                4.5633E-03      -198.715      
                4.56595E-03     -232.546      
                4.5686E-03      -220.384      
                4.57125E-03     -239.66       
                4.5739E-03      -232.986      
                4.57655E-03     -240.97       
                4.5792E-03      -173.887      
                4.58185E-03     -224.929      
                4.5845E-03      -243.052      
                4.58715E-03     -239.733      
                4.5898E-03      -224.111      
                4.59245E-03     -216.146      
                4.5951E-03      -235.406      
                4.59775E-03     -223.082      
                4.6004E-03      -241.622      
                4.60305E-03     -236.314      
                4.6057E-03      -167.793      
                4.60835E-03     -186.602      
                4.611E-03       -228.1        
                4.61365E-03     -237.27       
                4.6163E-03      -220.071      
                4.61895E-03     -236.793      
                4.6216E-03      -243.071      
                4.62425E-03     -229.353      
                4.6269E-03      -224.376      
                4.62955E-03     -230.719      
                4.6322E-03      -190.017      
                4.63485E-03     -223.503      
                4.6375E-03      -230.464      
                4.64015E-03     -238.119      
                4.6428E-03      -241.884      
                4.64545E-03     -235.35       
                4.6481E-03      -233.05       
                4.65075E-03     -219.789      
                4.6534E-03      -226.705      
                4.65605E-03     -227.769      
                4.6587E-03      -221.183      
                4.66135E-03     -151.337      
                4.664E-03       -200.202      
                4.66665E-03     -188.772      
                4.6693E-03      -193.719      
                4.67195E-03     -195.03       
                4.6746E-03      -195.132      
                4.67725E-03     -184.46       
                4.6799E-03      -139.158      
                4.68255E-03     -168.193      
                4.6852E-03      -204.434      
                4.68785E-03     -192.575      
                4.6905E-03      -199.625      
                4.69315E-03     -202.599      
                4.6958E-03      -208.694      
                4.69845E-03     -201.409      
                4.7011E-03      -206.719      
                4.70375E-03     -210.621      
                4.7064E-03      -199.347      
                4.70905E-03     -202.742      
                4.7117E-03      -203.37       
                4.71435E-03     -202.408      
                4.717E-03       -176.452      
                4.71965E-03     -192.319      
                4.7223E-03      -200.381      
                4.72495E-03     -198.016      
                4.7276E-03      -186.826      
                4.73025E-03     -185.335      
                4.7329E-03      -188.736      
                4.73555E-03     -180.82       
                4.7382E-03      -179.11       
                4.74085E-03     -186.965      
                4.7435E-03      -189.247      
                4.74615E-03     -178.444      
                4.7488E-03      -182.947      
                4.75145E-03     -184.843      
                4.7541E-03      -184.339      
                4.75675E-03     -176.523      
                4.7594E-03      -155.548      
                4.76205E-03     -176.8        
                4.7647E-03      -185.054      
                4.76735E-03     -180.633      
                4.77E-03        -182.916      
                4.77265E-03     -171.774      
                4.7753E-03      -174.043      
                4.77795E-03     -172.719      
                4.7806E-03      -170.081      
                4.78325E-03     -176.449      
                4.7859E-03      -174.759      
                4.78855E-03     -164.084      
                4.7912E-03      -178.037      
                4.79385E-03     -178.738      
                4.7965E-03      -171.885      
                4.79915E-03     -168.528      
                4.8018E-03      -158.397      
                4.80445E-03     -170.61       
                4.8071E-03      -167.595      
                4.80975E-03     -169.293      
                4.8124E-03      -154.721      
                4.81505E-03     -151.207      
                4.8177E-03      -156.437      
                4.82035E-03     -154.125      
                4.823E-03       -151.094      
                4.82565E-03     -153.098      
                4.8283E-03      -148.257      
                4.83095E-03     -157.733      
                4.8336E-03      -153.397      
                4.83625E-03     -159.969      
                4.8389E-03      -157.596      
                4.84155E-03     -157.191      
                4.8442E-03      -161.486      
                4.84685E-03     -149.31       
                4.8495E-03      -153.802      
                4.85215E-03     -156.721      
                4.8548E-03      -148.66       
                4.85745E-03     -173.38       
                4.8601E-03       -95.2145     
                4.86275E-03     -133.562      
                4.8654E-03      -142.392      
                4.86805E-03     -143.328      
                4.8707E-03      -136.724      
                4.87335E-03     -160.586      
                4.876E-03       -156.039      
                4.87865E-03     -153.553      
                4.8813E-03      -146.79       
                4.88395E-03     -152.641      
                4.8866E-03      -146.971      
                4.88925E-03     -145.774      
                4.8919E-03      -143.901      
                4.89455E-03     -131.046      
                4.8972E-03      -152.018      
                4.89985E-03     -148.444      
                4.9025E-03      -154.132      
                4.90515E-03     -157.582      
                4.9078E-03      -147.186      
                4.91045E-03     -143.301      
                4.9131E-03      -156.026      
                4.91575E-03     -152.624      
                4.9184E-03      -152.33       
                4.92105E-03     -149.322      
                4.9237E-03      -106.527      
                4.92635E-03     -120.979      
                4.929E-03       -138.644      
                4.93165E-03     -130.494      
                4.9343E-03      -130.549      
                4.93695E-03     -143.877      
                4.9396E-03      -110.048      
                4.94225E-03     -125.284      
                4.9449E-03      -131.769      
                4.94755E-03     -136.559      
                4.9502E-03      -123.804      
                4.95285E-03     -110.687      
                4.9555E-03      -114.879      
                4.95815E-03     -118.883      
                4.9608E-03      -126.868      
                4.96345E-03     -128.299      
                4.9661E-03      -132.585      
                4.96875E-03     -143.518      
                4.9714E-03      -120.932      
                4.97405E-03     -117.         
                4.9767E-03      -123.285      
                4.97935E-03     -123.885      
                4.982E-03       -112.643      
                4.98465E-03     -111.964      
                4.9873E-03       -89.7103     
                4.98995E-03     -119.445      
                4.9926E-03      -121.928      
                4.99525E-03     -118.834      
                4.9979E-03       -98.9061     
                5.00055E-03     -102.85       
                5.0032E-03      -124.965      
                5.00585E-03     -109.169      
                5.0085E-03      -109.68       
                5.01115E-03     -117.506      
                5.0138E-03      -123.634      
                5.01645E-03     -122.313      
                5.0191E-03       -98.5364     
                5.02175E-03     -114.494      
                5.0244E-03      -120.1        
                5.02705E-03     -124.845      
                5.0297E-03      -106.973      
                5.03235E-03     -112.541      
                5.035E-03       -102.414      
                5.03765E-03     -123.536      
                5.0403E-03      -115.146      
                5.04295E-03     -124.995      
                5.0456E-03      -122.394      
                5.04825E-03     -105.675      
                5.0509E-03      -102.854      
                5.05355E-03     -105.886      
                5.0562E-03      -110.59       
                5.05885E-03     -101.541      
                5.0615E-03       -95.4988     
                5.06415E-03     -106.903      
                5.0668E-03      -116.387      
                5.06945E-03     -118.572      
                5.0721E-03      -100.939      
                5.07475E-03      -98.901      
                5.0774E-03      -101.605      
                5.08005E-03     -104.284      
                5.0827E-03      -101.179      
                5.08535E-03      -95.3596     
                5.088E-03        -96.1218     
                5.09065E-03      -99.8081     
                5.0933E-03      -103.3        
                5.09595E-03     -100.625      
                5.0986E-03       -96.4261     
                5.10125E-03      -97.187      
                5.1039E-03      -100.079      
                5.10655E-03      -89.7543     
                5.1092E-03       -88.6245     
                5.11185E-03      -87.0966     
                5.1145E-03       -90.0831     
                5.11715E-03      -95.765      
                5.1198E-03       -81.9491     
                5.12245E-03      -92.703      
                5.1251E-03       -93.539      
                5.12775E-03      -92.6756     
                5.1304E-03       -94.7367     
                5.13305E-03      -87.0486     
                5.1357E-03       -87.5139     
                5.13835E-03      -85.0368     
                5.141E-03        -83.292      
                5.14365E-03      -88.9033     
                5.1463E-03       -90.8468     
                5.14895E-03      -87.8038     
                5.1516E-03       -96.4599     
                5.15425E-03      -85.9923     
                5.1569E-03       -87.8833     
                5.15955E-03     -101.458      
                5.1622E-03       -80.2247     
                5.16485E-03      -67.7402     
                5.1675E-03       -68.4439     
                5.17015E-03      -68.3345     
                5.1728E-03       -70.7051     
                5.17545E-03      -71.5794     
                5.1781E-03       -74.8473     
                5.18075E-03      -74.201      
                5.1834E-03       -58.8661     
                5.18605E-03      -71.7926     
                5.1887E-03       -67.0131     
                5.19135E-03      -62.1038     
                5.194E-03        -63.7375     
                5.19665E-03      -61.136      
                5.1993E-03       -69.576      
                5.20195E-03      -73.7953     
                5.2046E-03       -61.9746     
                5.20725E-03      -72.4991     
                5.2099E-03       -74.6017     
                5.21255E-03      -68.9667     
                5.2152E-03       -67.971      
                5.21785E-03      -64.8907     
                5.2205E-03       -64.0005     
                5.22315E-03      -69.2072     
                5.2258E-03       -67.7156     
                5.22845E-03      -66.6997     
                5.2311E-03       -71.1793     
                5.23375E-03      -74.8813     
                5.2364E-03       -75.5574     
                5.23905E-03      -72.8923     
                5.2417E-03       -70.2278     
                5.24435E-03      -59.0121     
                5.247E-03        -68.3425     
                5.24965E-03      -59.1347     
                5.2523E-03       -67.0791     
                5.25495E-03      -69.6269     
                5.2576E-03       -71.9902     
                5.26025E-03      -71.6565     
                5.2629E-03       -68.1087     
                5.26555E-03      -68.0792     
                5.2682E-03       -68.3781     
                5.27085E-03      -63.5702     
                5.2735E-03       -63.8625     
                5.27615E-03      -59.4291     
                5.2788E-03       -58.0237     
                5.28145E-03      -57.638      
                5.2841E-03       -56.3825     
                5.28675E-03      -59.0356     
                5.2894E-03       -60.4539     
                5.29205E-03      -60.4037     
                5.2947E-03       -60.7379     
                5.29735E-03      -57.1457     
                5.3E-03          -58.7297     




