
                  X               _temp_3     

                0.               152.56E-06   
                5.00014E-06       26.5763     
               10.0006E-06        17.9407     
               15.0002E-06        -3.4554     
               20.0008E-06       -87.4391     
               25.0005E-06      -117.469      
               30.0001E-06      -123.432      
               35.001E-06       -119.447      
               40.0006E-06      -132.697      
               45.0002E-06      -148.197      
               50.0011E-06      -156.565      
               55.0007E-06      -159.963      
               60.0004E-06      -151.559      
               65.0002E-06      -163.768      
               70.0005E-06      -158.76       
               75.0009E-06      -164.243      
               80.0012E-06      -176.184      
               85.0003E-06      -192.751      
               90.0006E-06      -182.408      
               95.001E-06       -195.815      
              100.E-06          -196.224      
              105.E-06          -202.946      
              110.001E-06       -196.493      
              115.001E-06       -201.185      
              120.E-06          -209.739      
              125.001E-06       -204.405      
              130.001E-06       -204.653      
              135.001E-06       -207.469      
              140.E-06          -212.318      
              145.001E-06       -220.796      
              150.001E-06       -227.531      
              155.E-06          -225.91       
              160.E-06          -225.515      
              165.001E-06       -232.506      
              170.001E-06       -232.445      
              175.E-06          -231.33       
              180.001E-06       -230.125      
              185.001E-06       -240.581      
              190.001E-06       -242.302      
              195.E-06          -240.942      
              200.001E-06       -247.927      
              205.001E-06       -254.347      
              210.E-06          -243.901      
              215.E-06          -255.434      
              220.001E-06       -247.051      
              225.001E-06       -262.308      
              230.E-06          -251.594      
              235.001E-06       -259.38       
              240.001E-06       -269.071      
              245.001E-06       -266.546      
              250.E-06          -272.219      
              255.001E-06       -271.513      
              260.E-06          -273.448      
              265.001E-06       -283.369      
              270.E-06          -270.873      
              275.001E-06       -268.026      
              280.E-06          -289.703      
              285.001E-06       -284.044      
              290.001E-06       -291.706      
              295.E-06          -299.537      
              300.001E-06       -295.776      
              305.E-06          -293.335      
              310.001E-06       -233.39       
              315.E-06          -264.285      
              320.001E-06       -284.845      
              325.E-06          -284.642      
              330.001E-06       -301.457      
              335.001E-06       -218.046      
              340.E-06          -272.336      
              345.001E-06       -251.579      
              350.E-06          -244.807      
              355.001E-06       -264.988      
              360.E-06          -263.863      
              365.001E-06       -267.247      
              370.E-06          -281.949      
              375.001E-06       -279.113      
              380.001E-06       -290.329      
              385.E-06          -295.983      
              390.001E-06       -295.047      
              395.E-06          -230.264      
              400.001E-06       -252.607      
              405.E-06          -268.782      
              410.001E-06       -224.385      
              415.E-06          -249.401      
              420.001E-06       -254.275      
              425.001E-06       -269.181      
              430.E-06          -216.979      
              435.001E-06       -224.33       
              440.E-06          -262.254      
              445.001E-06       -282.683      
              450.E-06          -298.118      
              455.001E-06       -293.485      
              460.E-06          -301.455      
              465.001E-06       -305.588      
              470.001E-06       -298.485      
              475.E-06          -310.406      
              480.001E-06       -309.754      
              485.E-06          -312.021      
              490.001E-06       -202.465      
              495.E-06          -233.412      
              500.001E-06       -265.786      
              505.E-06          -285.362      
              510.001E-06       -301.779      
              515.E-06          -266.476      
              520.001E-06       -209.516      
              525.001E-06       -231.458      
              530.E-06          -262.975      
              535.001E-06       -277.924      
              540.E-06          -267.624      
              545.001E-06       -265.825      
              550.E-06          -195.455      
              555.001E-06       -265.731      
              560.E-06          -289.145      
              565.001E-06       -294.761      
              570.001E-06       -289.75       
              575.E-06          -280.782      
              580.001E-06       -298.279      
              585.E-06          -314.365      
              590.001E-06       -277.953      
              595.E-06          -286.52       
              600.001E-06       -292.201      
              605.E-06          -235.568      
              610.001E-06       -277.649      
              615.001E-06       -287.376      
              620.E-06          -245.174      
              625.001E-06       -255.42       
              630.E-06          -264.656      
              635.001E-06       -288.669      
              640.E-06          -272.833      
              645.001E-06       -285.45       
              650.E-06          -288.638      
              655.001E-06       -313.798      
              660.001E-06       -259.812      
              665.E-06          -267.153      
              670.001E-06       -278.696      
              675.E-06          -281.702      
              680.001E-06       -253.158      
              685.E-06          -252.929      
              690.001E-06       -280.127      
              695.E-06          -240.313      
              700.001E-06       -261.682      
              705.001E-06       -262.034      
              710.E-06          -279.937      
              715.001E-06       -305.115      
              720.E-06          -270.565      
              725.001E-06       -283.186      
              730.E-06          -288.256      
              735.001E-06       -303.037      
              740.E-06          -240.658      
              745.001E-06       -285.042      
              750.001E-06       -286.087      
              755.E-06          -290.402      
              760.001E-06       -303.011      
              765.E-06          -274.157      
              770.001E-06       -286.767      
              775.E-06          -291.35       
              780.001E-06       -266.845      
              785.E-06          -276.463      
              790.001E-06       -284.476      
              795.001E-06       -280.25       
              800.E-06          -296.854      
              805.001E-06       -277.029      
              810.E-06          -273.276      
              815.001E-06       -280.854      
              820.E-06          -306.271      
              825.001E-06       -297.091      
              830.E-06          -315.895      
              835.001E-06       -286.184      
              840.001E-06       -287.658      
              845.E-06          -301.565      
              850.001E-06       -300.931      
              855.E-06          -261.992      
              860.001E-06       -279.585      
              865.E-06          -290.295      
              870.001E-06       -302.806      
              875.E-06          -309.14       
              880.001E-06       -259.697      
              885.001E-06       -293.967      
              890.E-06          -309.354      
              895.001E-06       -314.755      
              900.E-06          -309.983      
              905.001E-06       -316.86       
              910.E-06          -307.312      
              915.001E-06       -321.921      
              920.E-06          -327.134      
              925.001E-06       -314.057      
              930.001E-06       -264.758      
              935.E-06          -306.709      
              940.001E-06       -320.604      
              945.E-06          -330.313      
              950.001E-06       -333.271      
              955.E-06          -312.661      
              960.001E-06       -318.398      
              965.E-06          -324.072      
              970.001E-06       -291.965      
              975.001E-06       -298.234      
              980.E-06          -314.583      
              985.E-06          -329.824      
              990.001E-06       -326.439      
              995.001E-06       -264.219      
                1.E-03          -305.41       
                1.005E-03       -305.012      
                1.01E-03        -317.637      
                1.015E-03       -324.928      
                1.02E-03        -334.136      
                1.025E-03       -309.53       
                1.03E-03        -322.455      
                1.035E-03       -335.362      
                1.04E-03        -337.493      
                1.045E-03       -345.024      
                1.05E-03        -341.766      
                1.055E-03       -347.509      
                1.06E-03        -349.052      
                1.065E-03       -323.36       
                1.07E-03        -345.903      
                1.075E-03       -357.033      
                1.08E-03        -354.235      
                1.085E-03       -369.244      
                1.09E-03        -276.316      
                1.095E-03       -322.366      
                1.1E-03         -353.731      
                1.105E-03       -357.886      
                1.11E-03        -357.714      
                1.115E-03       -288.761      
                1.12E-03        -233.467      
                1.125E-03       -311.922      
                1.13E-03        -301.082      
                1.135E-03       -309.656      
                1.14E-03        -333.114      
                1.145E-03       -345.823      
                1.15E-03        -310.212      
                1.155E-03       -339.317      
                1.16E-03        -343.09       
                1.165E-03       -357.197      
                1.17E-03        -367.055      
                1.175E-03       -369.925      
                1.18E-03        -320.205      
                1.185E-03       -302.492      
                1.19E-03        -307.392      
                1.195E-03       -344.872      
                1.2E-03         -327.607      
                1.205E-03       -253.092      
                1.21E-03        -276.796      
                1.215E-03       -317.288      
                1.22E-03        -329.644      
                1.225E-03       -356.775      
                1.23E-03        -290.286      
                1.235E-03       -338.244      
                1.24E-03        -340.028      
                1.245E-03       -337.166      
                1.25E-03        -306.471      
                1.255E-03       -334.504      
                1.26E-03        -335.096      
                1.265E-03       -328.115      
                1.27E-03        -317.586      
                1.275E-03       -333.829      
                1.28E-03        -317.973      
                1.285E-03       -270.109      
                1.29E-03        -307.75       
                1.295E-03       -318.909      
                1.3E-03         -336.751      
                1.305E-03       -303.98       
                1.31E-03        -342.727      
                1.315E-03       -345.314      
                1.32E-03        -341.851      
                1.325E-03       -323.457      
                1.33E-03        -338.405      
                1.335E-03       -352.901      
                1.34E-03        -282.238      
                1.345E-03       -328.005      
                1.35E-03        -354.359      
                1.355E-03       -374.268      
                1.36E-03        -370.888      
                1.365E-03       -381.417      
                1.37E-03        -379.096      
                1.375E-03       -375.281      
                1.38E-03        -380.06       
                1.385E-03       -385.113      
                1.39E-03        -391.335      
                1.395E-03       -391.272      
                1.4E-03         -392.         
                1.405E-03       -402.667      
                1.41E-03        -390.441      
                1.415E-03       -395.934      
                1.42E-03        -248.244      
                1.425E-03       -292.851      
                1.43E-03        -315.44       
                1.435E-03       -349.305      
                1.44E-03        -333.081      
                1.445E-03       -287.143      
                1.45E-03        -335.232      
                1.455E-03       -337.427      
                1.46E-03        -383.489      
                1.465E-03       -304.696      
                1.47E-03        -358.89       
                1.475E-03       -380.162      
                1.48E-03        -406.746      
                1.485E-03       -404.686      
                1.49E-03        -313.734      
                1.495E-03       -359.138      
                1.5E-03         -355.873      
                1.505E-03       -362.825      
                1.51E-03        -315.774      
                1.515E-03       -355.787      
                1.52E-03        -378.127      
                1.525E-03       -392.907      
                1.53E-03        -386.394      
                1.535E-03       -308.701      
                1.54E-03        -355.375      
                1.545E-03       -379.33       
                1.55E-03        -373.568      
                1.555E-03       -385.972      
                1.56E-03        -386.447      
                1.565E-03       -397.87       
                1.57E-03        -346.876      
                1.575E-03       -368.351      
                1.58E-03        -390.83       
                1.585E-03       -410.977      
                1.59E-03        -402.707      
                1.595E-03       -403.412      
                1.6E-03         -403.478      
                1.605E-03       -314.281      
                1.61E-03        -379.449      
                1.615E-03       -390.75       
                1.62E-03        -402.423      
                1.625E-03       -399.624      
                1.63E-03        -415.055      
                1.635E-03       -413.533      
                1.64E-03        -366.058      
                1.645E-03       -383.902      
                1.65E-03        -395.613      
                1.655E-03       -402.778      
                1.66E-03        -418.101      
                1.665E-03       -410.162      
                1.67E-03        -411.702      
                1.675E-03       -422.384      
                1.68E-03        -217.31       
                1.685E-03       -301.095      
                1.69E-03        -273.818      
                1.695E-03       -286.099      
                1.7E-03         -294.379      
                1.705E-03       -279.736      
                1.71E-03        -338.323      
                1.715E-03       -275.945      
                1.72E-03        -253.167      
                1.725E-03       -256.576      
                1.73E-03        -300.941      
                1.735E-03       -270.861      
                1.74E-03        -250.484      
                1.745E-03       -282.283      
                1.75E-03        -274.993      
                1.755E-03       -235.502      
                1.76E-03        -272.928      
                1.765E-03       -222.922      
                1.77E-03        -221.929      
                1.775E-03       -289.95       
                1.78E-03        -253.784      
                1.785E-03       -249.57       
                1.79E-03        -244.105      
                1.795E-03       -240.98       
                1.8E-03         -299.454      
                1.805E-03       -311.061      
                1.81E-03        -322.29       
                1.815E-03       -344.709      
                1.82E-03        -272.406      
                1.825E-03       -322.481      
                1.83E-03        -325.971      
                1.835E-03       -299.241      
                1.84E-03        -281.036      
                1.845E-03       -258.541      
                1.85E-03        -279.751      
                1.855E-03       -316.652      
                1.86E-03        -324.792      
                1.865E-03       -238.992      
                1.87E-03        -265.168      
                1.875E-03       -299.06       
                1.88E-03        -298.757      
                1.885E-03       -306.797      
                1.89E-03        -283.378      
                1.895E-03       -282.469      
                1.9E-03         -265.793      
                1.905E-03       -304.811      
                1.91E-03        -225.521      
                1.915E-03       -263.137      
                1.92E-03        -287.494      
                1.925E-03       -274.674      
                1.93E-03        -179.204      
                1.935E-03       -272.33       
                1.94E-03        -245.846      
                1.945E-03       -268.781      
                1.95E-03        -289.531      
                1.955E-03       -240.477      
                1.96E-03        -251.87       
                1.965E-03       -284.952      
                1.97E-03        -307.547      
                1.975E-03       -305.301      
                1.98E-03        -288.772      
                1.985E-03       -295.129      
                1.99E-03        -299.506      
                1.995E-03       -312.617      
                2.E-03          -305.143      
                2.005E-03       -116.256      
                2.01E-03        -194.109      
                2.015E-03       -172.128      
                2.02E-03        -214.732      
                2.025E-03       -218.973      
                2.03E-03        -213.045      
                2.035E-03       -118.035      
                2.04E-03        -202.903      
                2.045E-03       -231.787      
                2.05E-03        -230.563      
                2.055E-03       -214.808      
                2.06E-03        -162.528      
                2.065E-03       -206.372      
                2.07E-03        -215.342      
                2.075E-03       -216.31       
                2.08E-03        -148.274      
                2.085E-03       -232.798      
                2.09E-03        -154.833      
                2.095E-03       -238.958      
                2.1E-03         -283.593      
                2.105E-03       -247.288      
                2.11E-03        -199.024      
                2.115E-03       -272.149      
                2.12E-03        -244.789      
                2.125E-03       -278.754      
                2.13E-03        -275.278      
                2.135E-03       -271.101      
                2.14E-03        -217.672      
                2.145E-03       -234.651      
                2.15E-03        -269.614      
                2.155E-03       -280.944      
                2.16E-03        -258.117      
                2.165E-03       -245.173      
                2.17E-03        -263.755      
                2.175E-03       -261.532      
                2.18E-03        -160.912      
                2.185E-03       -250.145      
                2.19E-03        -231.276      
                2.195E-03       -250.273      
                2.2E-03         -256.616      
                2.205E-03       -259.264      
                2.21E-03        -153.621      
                2.215E-03       -234.24       
                2.22E-03        -258.505      
                2.225E-03       -198.285      
                2.23E-03        -260.33       
                2.235E-03        -50.0698     
                2.24E-03         -67.9075     
                2.245E-03       -104.354      
                2.25E-03        -110.492      
                2.255E-03       -156.201      
                2.26E-03        -156.392      
                2.265E-03       -263.662      
                2.27E-03        -190.342      
                2.275E-03       -228.273      
                2.28E-03        -250.816      
                2.285E-03       -278.219      
                2.29E-03        -298.128      
                2.295E-03       -263.286      
                2.3E-03         -285.871      
                2.305E-03       -287.16       
                2.31E-03        -229.108      
                2.315E-03       -281.03       
                2.32E-03        -278.883      
                2.325E-03       -277.877      
                2.33E-03        -289.715      
                2.335E-03       -291.408      
                2.34E-03        -291.363      
                2.345E-03       -280.554      
                2.35E-03        -234.895      
                2.355E-03       -283.8        
                2.36E-03        -290.24       
                2.365E-03       -294.58       
                2.37E-03        -265.173      
                2.375E-03       -291.722      
                2.38E-03        -297.508      
                2.385E-03       -284.861      
                2.39E-03        -282.801      
                2.395E-03       -294.567      
                2.4E-03         -297.607      
                2.405E-03       -274.839      
                2.41E-03        -289.889      
                2.415E-03       -299.92       
                2.42E-03        -294.858      
                2.425E-03       -251.745      
                2.43E-03        -291.036      
                2.435E-03       -278.359      
                2.44E-03        -256.888      
                2.445E-03       -288.173      
                2.45E-03        -307.996      
                2.455E-03       -277.841      
                2.46E-03        -296.566      
                2.465E-03       -302.561      
                2.47E-03        -309.132      
                2.475E-03       -277.751      
                2.48E-03        -235.357      
                2.485E-03       -265.191      
                2.49E-03        -288.593      
                2.495E-03       -260.013      
                2.5E-03         -289.113      
                2.505E-03       -292.543      
                2.51E-03        -286.899      
                2.515E-03       -286.018      
                2.52E-03        -272.684      
                2.525E-03       -285.516      
                2.53E-03        -295.045      
                2.535E-03       -304.276      
                2.54E-03        -182.008      
                2.545E-03       -175.65       
                2.55E-03        -251.84       
                2.555E-03       -222.427      
                2.56E-03        -264.23       
                2.565E-03       -279.557      
                2.57E-03        -282.334      
                2.575E-03       -302.88       
                2.58E-03        -301.959      
                2.585E-03       -258.929      
                2.59E-03        -288.082      
                2.595E-03       -288.328      
                2.6E-03         -243.679      
                2.605E-03       -262.981      
                2.61E-03        -239.596      
                2.615E-03       -158.994      
                2.62E-03        -264.378      
                2.625E-03       -279.513      
                2.63E-03        -233.985      
                2.635E-03       -224.829      
                2.64E-03        -284.46       
                2.645E-03       -247.687      
                2.65E-03        -251.303      
                2.655E-03       -275.06       
                2.66E-03        -296.368      
                2.665E-03       -293.967      
                2.67E-03        -262.02       
                2.675E-03       -269.363      
                2.68E-03        -281.439      
                2.685E-03       -275.077      
                2.69E-03        -141.594      
                2.695E-03       -265.89       
                2.7E-03         -283.682      
                2.705E-03       -295.569      
                2.71E-03        -294.381      
                2.715E-03       -144.146      
                2.72E-03        -231.468      
                2.725E-03       -199.888      
                2.73E-03        -199.7        
                2.735E-03       -173.31       
                2.74E-03        -548.733      
                2.745E-03       -361.237      
                2.75E-03        -294.146      
                2.755E-03       -332.208      
                2.76E-03        -263.523      
                2.765E-03       -286.117      
                2.77E-03        -297.803      
                2.775E-03       -249.304      
                2.78E-03        -287.984      
                2.785E-03       -260.965      
                2.79E-03        -276.63       
                2.795E-03       -300.209      
                2.8E-03         -304.176      
                2.805E-03       -249.071      
                2.81E-03        -292.665      
                2.815E-03       -306.183      
                2.82E-03        -265.218      
                2.825E-03       -277.565      
                2.83E-03        -275.104      
                2.835E-03       -234.223      
                2.84E-03        -293.384      
                2.845E-03       -282.917      
                2.85E-03        -294.753      
                2.855E-03       -315.226      
                2.86E-03        -303.367      
                2.865E-03       -236.078      
                2.87E-03        -278.682      
                2.875E-03       -312.324      
                2.88E-03        -320.469      
                2.885E-03       -256.462      
                2.89E-03        -289.881      
                2.895E-03       -285.558      
                2.9E-03         -281.017      
                2.905E-03       -294.746      
                2.91E-03        -310.566      
                2.915E-03       -300.533      
                2.92E-03        -131.902      
                2.925E-03       -281.71       
                2.93E-03        -316.169      
                2.935E-03       -276.805      
                2.94E-03        -291.565      
                2.945E-03       -240.678      
                2.95E-03        -288.025      
                2.955E-03       -260.964      
                2.96E-03        -301.072      
                2.965E-03       -313.512      
                2.97E-03        -311.487      
                2.975E-03       -307.858      
                2.98E-03        -299.348      
                2.985E-03       -315.749      
                2.99E-03        -289.945      
                2.995E-03       -312.43       
                3.E-03          -312.44       
                3.005E-03       -322.548      
                3.01E-03        -203.46       
                3.015E-03       -216.923      
                3.02E-03        -287.536      
                3.025E-03       -280.128      
                3.03E-03        -282.888      
                3.035E-03       -249.8        
                3.04E-03        -299.244      
                3.045E-03       -313.236      
                3.05E-03        -306.53       
                3.055E-03       -227.442      
                3.06E-03        -255.818      
                3.065E-03       -297.908      
                3.07E-03        -299.231      
                3.075E-03       -310.974      
                3.08E-03        -309.112      
                3.085E-03       -274.145      
                3.09E-03        -301.178      
                3.095E-03       -298.858      
                3.1E-03         -313.741      
                3.105E-03       -301.576      
                3.11E-03        -330.9        
                3.115E-03       -301.427      
                3.12E-03        -318.694      
                3.125E-03       -304.869      
                3.13E-03        -315.509      
                3.135E-03       -311.046      
                3.14E-03        -318.542      
                3.145E-03       -272.128      
                3.15E-03        -300.029      
                3.155E-03       -313.528      
                3.16E-03        -310.032      
                3.165E-03       -290.606      
                3.17E-03        -228.167      
                3.175E-03       -269.229      
                3.18E-03        -292.452      
                3.185E-03       -274.794      
                3.19E-03        -299.335      
                3.195E-03       -316.406      
                3.2E-03         -302.721      
                3.205E-03       -309.987      
                3.21E-03        -290.164      
                3.215E-03       -272.974      
                3.22E-03        -295.516      
                3.225E-03       -285.634      
                3.23E-03        -292.503      
                3.235E-03       -311.85       
                3.24E-03        -221.193      
                3.245E-03       -294.283      
                3.25E-03        -305.807      
                3.255E-03       -302.668      
                3.26E-03        -309.593      
                3.265E-03       -314.499      
                3.27E-03        -323.198      
                3.275E-03       -288.601      
                3.28E-03        -297.157      
                3.285E-03       -306.402      
                3.29E-03        -235.992      
                3.295E-03       -279.158      
                3.3E-03         -296.838      
                3.305E-03       -304.527      
                3.31E-03        -234.104      
                3.315E-03       -281.103      
                3.32E-03        -295.319      
                3.325E-03       -271.591      
                3.33E-03        -291.527      
                3.335E-03       -295.777      
                3.34E-03        -305.237      
                3.345E-03       -295.467      
                3.35E-03        -291.078      
                3.355E-03       -305.64       
                3.36E-03        -236.163      
                3.365E-03       -231.262      
                3.37E-03        -217.397      
                3.375E-03       -241.353      
                3.38E-03        -241.14       
                3.385E-03       -228.224      
                3.39E-03        -254.489      
                3.395E-03       -237.84       
                3.4E-03         -238.734      
                3.405E-03       -221.748      
                3.41E-03        -274.645      
                3.415E-03       -230.86       
                3.42E-03        -249.576      
                3.425E-03       -269.033      
                3.43E-03        -314.833      
                3.435E-03       -221.334      
                3.44E-03        -272.228      
                3.445E-03       -300.978      
                3.45E-03        -213.694      
                3.455E-03       -282.606      
                3.46E-03        -282.79       
                3.465E-03       -295.079      
                3.47E-03        -294.644      
                3.475E-03       -159.591      
                3.48E-03        -257.21       
                3.485E-03       -278.752      
                3.49E-03        -316.583      
                3.495E-03       -310.863      
                3.5E-03         -339.715      
                3.505E-03       -292.127      
                3.51E-03        -217.236      
                3.515E-03       -261.305      
                3.52E-03        -286.455      
                3.525E-03       -265.715      
                3.53E-03        -306.623      
                3.535E-03       -314.035      
                3.54E-03        -310.528      
                3.545E-03       -210.242      
                3.55E-03        -264.968      
                3.555E-03       -276.512      
                3.56E-03        -300.204      
                3.565E-03       -322.197      
                3.57E-03        -315.174      
                3.575E-03       -338.769      
                3.58E-03        -213.455      
                3.585E-03       -254.602      
                3.59E-03        -280.669      
                3.595E-03       -302.839      
                3.6E-03         -307.511      
                3.605E-03       -309.449      
                3.61E-03        -304.543      
                3.615E-03       -255.04       
                3.62E-03        -279.186      
                3.625E-03       -311.124      
                3.63E-03        -308.143      
                3.635E-03       -315.01       
                3.64E-03        -179.15       
                3.645E-03       -213.56       
                3.65E-03        -252.944      
                3.655E-03       -280.317      
                3.66E-03        -305.607      
                3.665E-03       -309.423      
                3.67E-03        -308.317      
                3.675E-03       -241.161      
                3.68E-03        -277.75       
                3.685E-03       -301.221      
                3.69E-03        -299.685      
                3.695E-03       -322.561      
                3.7E-03         -238.579      
                3.705E-03       -232.097      
                3.71E-03        -262.754      
                3.715E-03       -297.456      
                3.72E-03        -319.371      
                3.725E-03       -294.498      
                3.73E-03        -315.879      
                3.735E-03       -307.84       
                3.74E-03        -281.088      
                3.745E-03       -262.475      
                3.75E-03        -293.127      
                3.755E-03       -309.727      
                3.76E-03        -294.803      
                3.765E-03       -315.588      
                3.77E-03        -264.612      
                3.775E-03       -266.863      
                3.78E-03        -304.721      
                3.785E-03       -320.41       
                3.79E-03        -294.251      
                3.795E-03       -331.782      
                3.8E-03         -235.753      
                3.805E-03       -300.51       
                3.81E-03        -309.243      
                3.815E-03       -304.265      
                3.82E-03        -318.682      
                3.825E-03       -319.187      
                3.83E-03        -314.497      
                3.835E-03       -239.596      
                3.84E-03        -270.465      
                3.845E-03       -286.577      
                3.85E-03        -314.484      
                3.855E-03       -328.371      
                3.86E-03        -302.463      
                3.865E-03       -202.049      
                3.87E-03        -266.767      
                3.875E-03       -283.151      
                3.88E-03        -254.184      
                3.885E-03       -307.382      
                3.89E-03        -219.395      
                3.895E-03       -249.912      
                3.9E-03         -279.647      
                3.905E-03       -307.946      
                3.91E-03        -262.778      
                3.915E-03       -297.729      
                3.92E-03        -269.517      
                3.925E-03       -231.382      
                3.93E-03        -251.055      
                3.935E-03       -273.961      
                3.94E-03        -298.174      
                3.945E-03       -313.314      
                3.95E-03        -315.969      
                3.955E-03       -318.579      
                3.96E-03        -313.257      
                3.965E-03       -238.04       
                3.97E-03        -256.556      
                3.975E-03       -291.577      
                3.98E-03        -314.095      
                3.985E-03       -308.505      
                3.99E-03        -303.841      
                3.995E-03       -319.897      
                4.E-03          -312.27       
                4.005E-03       -247.862      
                4.01E-03        -281.198      
                4.015E-03       -274.281      
                4.02E-03        -299.243      
                4.025E-03       -310.339      
                4.03E-03        -300.4        
                4.035E-03       -319.203      
                4.04E-03        -231.308      
                4.045E-03       -239.324      
                4.05E-03        -274.457      
                4.055E-03       -295.026      
                4.06E-03        -311.618      
                4.065E-03       -318.842      
                4.07E-03        -318.753      
                4.075E-03       -311.449      
                4.08E-03        -241.993      
                4.085E-03       -277.496      
                4.09E-03        -290.262      
                4.095E-03       -299.005      
                4.1E-03         -302.26       
                4.105E-03       -315.429      
                4.11E-03        -314.039      
                4.115E-03       -313.965      
                4.12E-03        -213.412      
                4.125E-03       -235.241      
                4.13E-03        -282.788      
                4.135E-03       -281.904      
                4.14E-03        -295.469      
                4.145E-03       -278.564      
                4.15E-03        -287.593      
                4.155E-03       -297.598      
                4.16E-03        -201.014      
                4.165E-03       -193.118      
                4.17E-03        -253.059      
                4.175E-03       -296.211      
                4.18E-03        -290.376      
                4.185E-03       -304.43       
                4.19E-03        -324.436      
                4.195E-03       -319.44       
                4.2E-03         -314.239      
                4.205E-03       -199.41       
                4.21E-03        -234.755      
                4.215E-03       -267.482      
                4.22E-03        -281.878      
                4.225E-03       -264.508      
                4.23E-03        -286.693      
                4.235E-03       -339.773      
                4.24E-03        -300.467      
                4.245E-03       -292.112      
                4.25E-03        -238.542      
                4.255E-03       -254.375      
                4.26E-03        -284.193      
                4.265E-03       -287.652      
                4.27E-03        -235.947      
                4.275E-03       -271.168      
                4.28E-03        -298.688      
                4.285E-03       -287.642      
                4.29E-03        -299.155      
                4.295E-03       -211.271      
                4.3E-03         -237.126      
                4.305E-03       -284.506      
                4.31E-03        -290.039      
                4.315E-03       -240.852      
                4.32E-03        -302.612      
                4.325E-03       -326.513      
                4.33E-03        -313.366      
                4.335E-03       -222.287      
                4.34E-03        -238.554      
                4.345E-03       -281.998      
                4.35E-03        -294.588      
                4.355E-03       -294.01       
                4.36E-03        -317.096      
                4.365E-03       -304.458      
                4.37E-03        -249.445      
                4.375E-03       -232.778      
                4.38E-03        -280.464      
                4.385E-03       -267.122      
                4.39E-03        -306.492      
                4.395E-03       -302.571      
                4.4E-03         -216.83       
                4.405E-03       -253.214      
                4.41E-03        -258.861      
                4.415E-03       -267.891      
                4.42E-03        -308.478      
                4.425E-03       -235.905      
                4.43E-03        -213.016      
                4.435E-03       -243.747      
                4.44E-03        -286.91       
                4.445E-03       -270.665      
                4.45E-03        -296.756      
                4.455E-03       -247.443      
                4.46E-03        -231.085      
                4.465E-03       -267.672      
                4.47E-03        -236.819      
                4.475E-03       -302.077      
                4.48E-03        -298.639      
                4.485E-03       -238.042      
                4.49E-03        -293.5        
                4.495E-03       -315.775      
                4.5E-03         -239.441      
                4.505E-03       -263.22       
                4.51E-03        -295.955      
                4.515E-03       -259.705      
                4.52E-03        -228.36       
                4.525E-03       -279.818      
                4.53E-03        -280.949      
                4.535E-03       -283.942      
                4.54E-03        -292.984      
                4.545E-03       -233.156      
                4.55E-03        -171.036      
                4.555E-03       -314.82       
                4.56E-03        -287.352      
                4.565E-03       -301.999      
                4.57E-03        -303.963      
                4.575E-03       -314.313      
                4.58E-03        -276.548      
                4.585E-03       -243.932      
                4.59E-03        -252.789      
                4.595E-03       -270.833      
                4.6E-03         -289.418      
                4.605E-03       -297.009      
                4.61E-03        -311.162      
                4.615E-03       -244.489      
                4.62E-03        -293.98       
                4.625E-03       -265.359      
                4.63E-03        -315.084      
                4.635E-03       -281.742      
                4.64E-03        -337.845      
                4.645E-03       -243.256      
                4.65E-03        -272.496      
                4.655E-03       -255.772      
                4.66E-03        -275.186      
                4.665E-03       -298.285      
                4.67E-03        -320.119      
                4.675E-03       -221.553      
                4.68E-03        -248.334      
                4.685E-03       -293.751      
                4.69E-03        -277.35       
                4.695E-03       -234.813      
                4.7E-03         -199.419      
                4.705E-03       -304.07       
                4.71E-03        -219.373      
                4.715E-03       -256.189      
                4.72E-03        -282.707      
                4.725E-03       -276.388      
                4.73E-03        -271.253      
                4.735E-03       -286.981      
                4.74E-03        -354.545      
                4.745E-03       -302.031      
                4.75E-03        -219.893      
                4.755E-03       -258.181      
                4.76E-03        -279.758      
                4.765E-03       -299.114      
                4.77E-03        -297.519      
                4.775E-03       -258.563      
                4.78E-03        -262.629      
                4.785E-03       -276.227      
                4.79E-03        -253.713      
                4.795E-03       -307.747      
                4.8E-03         -274.686      
                4.805E-03       -316.044      
                4.81E-03        -288.199      
                4.815E-03       -302.504      
                4.82E-03        -234.79       
                4.825E-03       -278.596      
                4.83E-03        -302.753      
                4.835E-03       -246.029      
                4.84E-03        -280.671      
                4.845E-03       -291.003      
                4.85E-03        -304.475      
                4.855E-03       -304.76       
                4.86E-03        -237.425      
                4.865E-03       -242.642      
                4.87E-03        -281.557      
                4.875E-03       -246.303      
                4.88E-03        -287.618      
                4.885E-03       -259.793      
                4.89E-03        -312.155      
                4.895E-03       -256.459      
                4.9E-03         -314.934      
                4.905E-03       -301.199      
                4.91E-03        -259.591      
                4.915E-03       -239.295      
                4.92E-03        -235.122      
                4.925E-03       -295.146      
                4.93E-03        -289.283      
                4.935E-03       -293.918      
                4.94E-03        -311.268      
                4.945E-03       -241.599      
                4.95E-03        -243.717      
                4.955E-03       -263.206      
                4.96E-03        -266.209      
                4.965E-03       -261.698      
                4.97E-03        -287.66       
                4.975E-03       -260.785      
                4.98E-03        -242.817      
                4.985E-03       -216.409      
                4.99E-03        -257.463      
                4.995E-03       -273.533      
                5.E-03          -240.565      
                5.005E-03       -292.658      
                5.01E-03        -277.71       
                5.015E-03       -298.361      
                5.02E-03        -303.478      
                5.025E-03       -264.96       
                5.03E-03        -251.225      
                5.035E-03       -263.673      
                5.04E-03        -259.916      
                5.045E-03       -308.566      
                5.05E-03        -296.301      
                5.055E-03       -238.179      
                5.06E-03        -256.408      
                5.065E-03       -251.073      
                5.07E-03        -243.921      
                5.075E-03       -271.644      
                5.08E-03        -288.018      
                5.085E-03       -286.37       
                5.09E-03        -262.29       
                5.095E-03       -250.834      
                5.1E-03         -266.105      
                5.105E-03       -252.696      
                5.11E-03        -265.807      
                5.115E-03       -256.626      
                5.12E-03        -304.081      
                5.125E-03       -260.394      
                5.13E-03        -274.06       
                5.135E-03       -272.419      
                5.14E-03        -277.284      
                5.145E-03       -282.08       
                5.15E-03        -276.674      
                5.155E-03       -245.612      
                5.16E-03        -261.965      
                5.165E-03       -277.962      
                5.17E-03        -246.924      
                5.175E-03       -255.66       
                5.18E-03        -262.884      
                5.185E-03       -258.334      
                5.19E-03        -271.872      
                5.195E-03       -278.981      
                5.2E-03         -268.184      
                5.205E-03       -240.077      
                5.21E-03        -280.8        
                5.215E-03       -282.756      
                5.22E-03        -257.005      
                5.225E-03       -267.03       
                5.23E-03        -275.799      
                5.235E-03       -266.925      
                5.24E-03        -276.817      
                5.245E-03       -279.401      
                5.25E-03        -258.811      
                5.255E-03       -194.236      
                5.26E-03        -276.324      
                5.265E-03       -268.134      
                5.27E-03        -268.138      
                5.275E-03       -279.204      
                5.28E-03        -260.399      
                5.285E-03       -265.301      
                5.29E-03        -278.328      
                5.295E-03       -257.565      
                5.3E-03         -262.787      
                5.305E-03       -262.58       
                5.31E-03        -243.263      
                5.315E-03       -276.272      
                5.32E-03        -248.786      
                5.325E-03       -249.413      
                5.33E-03        -271.76       
                5.335E-03       -244.168      
                5.34E-03        -241.188      
                5.345E-03       -269.491      
                5.35E-03        -269.2        
                5.355E-03       -220.864      
                5.36E-03        -241.222      
                5.365E-03       -259.703      
                5.37E-03        -256.969      
                5.375E-03       -201.606      
                5.38E-03        -244.305      
                5.385E-03       -253.578      
                5.39E-03        -292.726      
                5.395E-03       -274.829      
                5.4E-03         -280.427      
                5.405E-03       -243.613      
                5.41E-03        -278.08       
                5.415E-03       -286.827      
                5.42E-03        -274.05       
                5.425E-03       -267.784      
                5.43E-03        -265.876      
                5.435E-03       -255.752      
                5.44E-03        -254.834      
                5.445E-03       -272.768      
                5.45E-03        -265.43       
                5.455E-03       -262.918      
                5.46E-03        -242.968      
                5.465E-03       -250.575      
                5.47E-03        -249.773      
                5.475E-03       -247.528      
                5.48E-03        -263.964      
                5.485E-03       -227.366      
                5.49E-03        -241.389      
                5.495E-03       -268.664      
                5.5E-03         -254.755      
                5.505E-03       -256.726      
                5.51E-03        -246.559      
                5.515E-03       -251.832      
                5.52E-03        -229.682      
                5.525E-03       -242.264      
                5.53E-03        -237.954      
                5.535E-03       -178.031      
                5.54E-03        -268.066      
                5.545E-03       -290.213      
                5.55E-03        -279.763      
                5.555E-03       -266.896      
                5.56E-03        -260.188      
                5.565E-03       -204.281      
                5.57E-03        -255.752      
                5.575E-03       -260.15       
                5.58E-03        -286.422      
                5.585E-03       -273.172      
                5.59E-03        -272.314      
                5.595E-03       -263.899      
                5.6E-03         -301.905      
                5.605E-03       -264.781      
                5.61E-03        -250.148      
                5.615E-03       -222.125      
                5.62E-03        -226.755      
                5.625E-03       -285.698      
                5.63E-03        -278.453      
                5.635E-03       -282.878      
                5.64E-03        -282.529      
                5.645E-03       -267.49       
                5.65E-03        -276.574      
                5.655E-03       -261.983      
                5.66E-03        -264.465      
                5.665E-03       -277.616      
                5.67E-03        -272.112      
                5.675E-03       -283.387      
                5.68E-03        -267.845      
                5.685E-03       -264.225      
                5.69E-03        -262.516      
                5.695E-03       -273.722      
                5.7E-03         -265.843      
                5.705E-03       -249.295      
                5.71E-03        -271.029      
                5.715E-03       -162.497      
                5.72E-03        -180.034      
                5.725E-03       -217.431      
                5.73E-03        -261.447      
                5.735E-03       -266.808      
                5.74E-03        -255.361      
                5.745E-03       -192.476      
                5.75E-03        -255.387      
                5.755E-03       -270.128      
                5.76E-03        -260.916      
                5.765E-03       -292.301      
                5.77E-03        -250.87       
                5.775E-03       -232.512      
                5.78E-03        -292.227      
                5.785E-03       -299.057      
                5.79E-03        -268.214      
                5.795E-03       -237.392      
                5.8E-03         -232.83       
                5.805E-03       -261.26       
                5.81E-03        -263.887      
                5.815E-03       -234.199      
                5.82E-03        -276.038      
                5.825E-03       -287.559      
                5.83E-03        -279.852      
                5.835E-03       -202.036      
                5.84E-03        -215.152      
                5.845E-03       -275.256      
                5.85E-03        -259.696      
                5.855E-03       -263.005      
                5.86E-03        -273.663      
                5.865E-03       -292.707      
                5.87E-03        -288.743      
                5.875E-03       -235.829      
                5.88E-03        -252.485      
                5.885E-03       -264.194      
                5.89E-03        -268.174      
                5.895E-03       -271.052      
                5.9E-03         -301.457      
                5.905E-03       -296.114      
                5.91E-03        -290.604      
                5.915E-03       -243.396      
                5.92E-03        -255.354      
                5.925E-03       -228.158      
                5.93E-03        -260.688      
                5.935E-03       -270.647      
                5.94E-03        -296.186      
                5.945E-03       -289.306      
                5.95E-03        -298.627      
                5.955E-03       -239.683      
                5.96E-03        -248.071      
                5.965E-03       -249.367      
                5.97E-03        -279.883      
                5.975E-03       -265.537      
                5.98E-03        -282.67       
                5.985E-03       -283.884      
                5.99E-03        -289.588      
                5.995E-03       -214.741      
                6.E-03          -248.839      
                6.005E-03       -260.605      
                6.01E-03        -277.12       
                6.015E-03       -273.104      
                6.02E-03        -271.262      
                6.025E-03       -274.516      
                6.03E-03        -270.186      
                6.035E-03       -265.122      
                6.04E-03        -268.065      
                6.045E-03       -272.272      
                6.05E-03        -269.914      
                6.055E-03       -276.848      
                6.06E-03        -283.378      
                6.065E-03       -265.965      
                6.07E-03        -200.929      
                6.075E-03       -245.048      
                6.08E-03        -262.32       
                6.085E-03       -271.574      
                6.09E-03        -273.174      
                6.095E-03       -273.908      
                6.1E-03         -282.748      
                6.105E-03       -287.012      
                6.11E-03        -253.307      
                6.115E-03       -269.148      
                6.12E-03        -272.421      
                6.125E-03       -269.613      
                6.13E-03        -258.404      
                6.135E-03       -282.819      
                6.14E-03        -259.925      
                6.145E-03       -272.73       
                6.15E-03        -279.205      
                6.155E-03       -265.056      
                6.16E-03        -270.563      
                6.165E-03       -257.019      
                6.17E-03        -268.254      
                6.175E-03       -276.56       
                6.18E-03        -276.411      
                6.185E-03       -263.738      
                6.19E-03        -194.036      
                6.195E-03       -214.042      
                6.2E-03         -246.503      
                6.205E-03       -269.174      
                6.21E-03        -265.656      
                6.215E-03       -263.563      
                6.22E-03        -269.132      
                6.225E-03       -271.337      
                6.23E-03        -244.22       
                6.235E-03       -242.703      
                6.24E-03        -263.311      
                6.245E-03       -271.467      
                6.25E-03        -273.436      
                6.255E-03       -278.089      
                6.26E-03        -274.156      
                6.265E-03       -275.919      
                6.27E-03        -274.367      
                6.275E-03       -280.105      
                6.28E-03        -276.005      
                6.285E-03       -274.952      
                6.29E-03        -280.365      
                6.295E-03       -240.627      
                6.3E-03         -260.337      
                6.305E-03       -256.455      
                6.31E-03        -271.776      
                6.315E-03       -230.48       
                6.32E-03        -259.95       
                6.325E-03       -277.326      
                6.33E-03        -275.813      
                6.335E-03       -272.939      
                6.34E-03        -285.058      
                6.345E-03       -282.262      
                6.35E-03        -274.054      
                6.355E-03       -290.042      
                6.36E-03        -256.397      
                6.365E-03       -177.155      
                6.37E-03        -254.317      
                6.375E-03       -238.477      
                6.38E-03        -260.774      
                6.385E-03       -273.306      
                6.39E-03        -260.099      
                6.395E-03       -277.21       
                6.4E-03         -288.243      
                6.405E-03       -271.784      
                6.41E-03        -277.328      
                6.415E-03       -280.12       
                6.42E-03        -293.155      
                6.425E-03       -265.569      
                6.43E-03        -278.672      
                6.435E-03       -259.468      
                6.44E-03        -245.813      
                6.445E-03       -282.475      
                6.45E-03        -277.021      
                6.455E-03       -278.456      
                6.46E-03        -270.424      
                6.465E-03       -280.398      
                6.47E-03        -280.706      
                6.475E-03       -295.854      
                6.48E-03        -286.9        
                6.485E-03       -291.237      
                6.49E-03        -298.654      
                6.495E-03       -308.091      
                6.5E-03         -297.503      
                6.505E-03       -279.518      
                6.51E-03        -286.274      
                6.515E-03       -282.554      
                6.52E-03        -284.436      
                6.525E-03       -289.879      
                6.53E-03        -276.706      
                6.535E-03       -277.477      
                6.54E-03        -285.163      
                6.545E-03       -273.262      
                6.55E-03        -277.975      
                6.555E-03       -276.341      
                6.56E-03        -288.983      
                6.565E-03       -263.792      
                6.57E-03        -284.789      
                6.575E-03       -271.069      
                6.58E-03        -284.15       
                6.585E-03       -280.083      
                6.59E-03        -263.189      
                6.595E-03       -256.814      
                6.6E-03         -275.428      
                6.605E-03       -269.032      
                6.61E-03        -284.101      
                6.615E-03       -284.604      
                6.62E-03        -272.92       
                6.625E-03       -262.573      
                6.63E-03        -220.856      
                6.635E-03       -274.832      
                6.64E-03        -286.586      
                6.645E-03       -283.625      
                6.65E-03        -280.346      
                6.655E-03       -189.925      
                6.66E-03        -196.551      
                6.665E-03       -217.269      
                6.67E-03        -247.543      
                6.675E-03       -263.155      
                6.68E-03        -254.859      
                6.685E-03       -280.097      
                6.69E-03        -202.817      
                6.695E-03       -214.965      
                6.7E-03         -226.239      
                6.705E-03       -269.705      
                6.71E-03        -285.61       
                6.715E-03       -284.053      
                6.72E-03        -311.814      
                6.725E-03       -303.266      
                6.73E-03        -264.296      
                6.735E-03       -242.889      
                6.74E-03        -283.19       
                6.745E-03       -263.992      
                6.75E-03        -271.836      
                6.755E-03       -297.703      
                6.76E-03        -274.133      
                6.765E-03       -268.903      
                6.77E-03        -290.954      
                6.775E-03       -251.778      
                6.78E-03        -284.135      
                6.785E-03       -273.306      
                6.79E-03        -276.466      
                6.795E-03       -281.812      
                6.8E-03         -305.346      
                6.805E-03       -294.063      
                6.81E-03        -267.381      
                6.815E-03       -211.771      
                6.82E-03        -172.615      
                6.825E-03       -256.539      
                6.83E-03        -261.439      
                6.835E-03       -301.338      
                6.84E-03        -305.076      
                6.845E-03       -308.638      
                6.85E-03        -252.847      
                6.855E-03       -290.905      
                6.86E-03        -253.335      
                6.865E-03       -244.789      
                6.87E-03        -276.417      
                6.875E-03       -276.641      
                6.88E-03        -284.099      
                6.885E-03       -289.733      
                6.89E-03        -291.269      
                6.895E-03       -295.613      
                6.9E-03         -282.648      
                6.905E-03       -284.152      
                6.91E-03        -290.167      
                6.915E-03       -294.332      
                6.92E-03        -296.999      
                6.925E-03       -276.594      
                6.93E-03        -286.011      
                6.935E-03       -271.945      
                6.94E-03        -288.627      
                6.945E-03       -281.591      
                6.95E-03        -272.22       
                6.955E-03       -270.756      
                6.96E-03        -284.54       
                6.965E-03       -293.625      
                6.97E-03        -280.966      
                6.975E-03       -287.743      
                6.98E-03        -284.389      
                6.985E-03       -277.1        
                6.99E-03        -289.615      
                6.995E-03       -286.203      
                7.E-03          -280.545      
                7.005E-03       -287.589      
                7.01E-03        -282.44       
                7.015E-03       -283.258      
                7.02E-03        -284.104      
                7.025E-03       -286.635      
                7.03E-03        -219.927      
                7.035E-03       -281.6        
                7.04E-03        -264.707      
                7.045E-03       -236.848      
                7.05E-03        -262.543      
                7.055E-03       -266.767      
                7.06E-03        -271.465      
                7.065E-03       -289.769      
                7.07E-03        -262.305      
                7.075E-03       -278.773      
                7.08E-03        -279.195      
                7.085E-03       -286.997      
                7.09E-03        -275.292      
                7.095E-03       -283.219      
                7.1E-03         -281.6        
                7.105E-03       -268.887      
                7.11E-03        -289.363      
                7.115E-03       -262.926      
                7.12E-03        -280.682      
                7.125E-03       -287.198      
                7.13E-03        -256.999      
                7.135E-03       -328.447      
                7.14E-03        -293.664      
                7.145E-03       -254.392      
                7.15E-03        -270.134      
                7.155E-03       -263.689      
                7.16E-03        -282.182      
                7.165E-03       -290.371      
                7.17E-03        -285.879      
                7.175E-03       -284.402      
                7.18E-03        -278.381      
                7.185E-03       -285.676      
                7.19E-03        -296.362      
                7.195E-03       -289.286      
                7.2E-03         -278.442      
                7.205E-03       -238.56       
                7.21E-03        -285.139      
                7.215E-03       -273.391      
                7.22E-03        -286.509      
                7.225E-03       -281.574      
                7.23E-03        -290.433      
                7.235E-03       -295.601      
                7.24E-03        -290.95       
                7.245E-03       -291.273      
                7.25E-03        -272.285      
                7.255E-03       -282.987      
                7.26E-03        -288.152      
                7.265E-03       -288.508      
                7.27E-03        -302.169      
                7.275E-03       -290.05       
                7.28E-03        -284.618      
                7.285E-03       -261.98       
                7.29E-03        -295.911      
                7.295E-03       -280.311      
                7.3E-03         -287.573      
                7.305E-03       -278.596      
                7.31E-03        -289.708      
                7.315E-03       -272.018      
                7.32E-03        -278.193      
                7.325E-03       -286.252      
                7.33E-03        -287.041      
                7.335E-03       -281.835      
                7.34E-03        -260.415      
                7.345E-03       -257.91       
                7.35E-03        -246.066      
                7.355E-03       -277.681      
                7.36E-03        -271.67       
                7.365E-03       -285.423      
                7.37E-03        -274.521      
                7.375E-03       -295.086      
                7.38E-03        -244.316      
                7.385E-03       -295.447      
                7.39E-03        -253.457      
                7.395E-03       -277.59       
                7.4E-03         -267.608      
                7.405E-03       -283.551      
                7.41E-03        -256.375      
                7.415E-03       -281.236      
                7.42E-03        -284.298      
                7.425E-03       -256.609      
                7.43E-03        -264.491      
                7.435E-03       -268.858      
                7.44E-03        -230.471      
                7.445E-03       -280.874      
                7.45E-03        -277.284      
                7.455E-03       -273.541      
                7.46E-03        -276.773      
                7.465E-03       -250.545      
                7.47E-03        -291.014      
                7.475E-03       -262.528      
                7.48E-03        -267.317      
                7.485E-03       -165.936      
                7.49E-03        -247.844      
                7.495E-03       -259.156      
                7.5E-03         -268.63       
                7.505E-03       -267.332      
                7.51E-03        -280.349      
                7.515E-03       -200.998      
                7.52E-03        -242.524      
                7.525E-03       -272.193      
                7.53E-03        -277.032      
                7.535E-03       -275.866      
                7.54E-03        -288.884      
                7.545E-03       -290.748      
                7.55E-03        -222.83       
                7.555E-03       -196.979      
                7.56E-03        -257.165      
                7.565E-03       -283.59       
                7.57E-03        -278.135      
                7.575E-03       -284.688      
                7.58E-03        -274.053      
                7.585E-03       -204.5        
                7.59E-03        -234.519      
                7.595E-03       -267.663      
                7.6E-03         -297.634      
                7.605E-03       -298.948      
                7.61E-03        -308.359      
                7.615E-03       -243.563      
                7.62E-03        -279.82       
                7.625E-03       -271.117      
                7.63E-03        -281.022      
                7.635E-03       -279.363      
                7.64E-03        -269.345      
                7.645E-03       -297.616      
                7.65E-03        -294.758      
                7.655E-03       -270.474      
                7.66E-03        -283.649      
                7.665E-03       -268.846      
                7.67E-03        -268.102      
                7.675E-03       -293.351      
                7.68E-03        -264.56       
                7.685E-03       -293.043      
                7.69E-03        -236.279      
                7.695E-03       -280.603      
                7.7E-03         -263.977      
                7.705E-03       -297.137      
                7.71E-03        -244.402      
                7.715E-03       -255.023      
                7.72E-03        -255.264      
                7.725E-03       -266.795      
                7.73E-03        -287.457      
                7.735E-03       -288.281      
                7.74E-03        -288.877      
                7.745E-03       -277.613      
                7.75E-03        -279.491      
                7.755E-03       -261.628      
                7.76E-03        -261.53       
                7.765E-03       -254.164      
                7.77E-03        -310.753      
                7.775E-03       -279.518      
                7.78E-03        -269.469      
                7.785E-03       -266.748      
                7.79E-03        -274.903      
                7.795E-03       -270.824      
                7.8E-03         -292.177      
                7.805E-03       -291.358      
                7.81E-03        -276.865      
                7.815E-03       -208.543      
                7.82E-03        -252.176      
                7.825E-03       -264.663      
                7.83E-03        -274.67       
                7.835E-03       -270.565      
                7.84E-03        -277.148      
                7.845E-03       -280.403      
                7.85E-03        -283.913      
                7.855E-03       -267.855      
                7.86E-03        -277.636      
                7.865E-03       -245.258      
                7.87E-03        -253.313      
                7.875E-03       -270.549      
                7.88E-03        -283.801      
                7.885E-03       -280.699      
                7.89E-03        -254.562      
                7.895E-03       -250.468      
                7.9E-03         -247.455      
                7.905E-03       -266.158      
                7.91E-03        -277.765      
                7.915E-03       -263.707      
                7.92E-03        -279.763      
                7.925E-03       -282.819      
                7.93E-03        -278.578      
                7.935E-03       -278.223      
                7.94E-03        -270.708      
                7.945E-03       -276.535      
                7.95E-03        -277.198      
                7.955E-03       -281.158      
                7.96E-03        -220.331      
                7.965E-03       -250.739      
                7.97E-03        -264.393      
                7.975E-03       -272.499      
                7.98E-03        -270.472      
                7.985E-03       -254.121      
                7.99E-03        -278.045      
                7.995E-03       -249.842      
                8.E-03          -281.878      
                8.005E-03       -274.282      
                8.01E-03        -210.46       
                8.015E-03       -250.297      
                8.02E-03        -271.3        
                8.025E-03       -264.182      
                8.03E-03        -257.845      
                8.035E-03       -244.742      
                8.04E-03        -263.597      
                8.045E-03       -285.367      
                8.05E-03        -268.911      
                8.055E-03       -249.744      
                8.06E-03        -261.391      
                8.065E-03       -283.453      
                8.07E-03        -291.139      
                8.075E-03       -270.622      
                8.08E-03        -279.149      
                8.085E-03       -268.78       
                8.09E-03        -258.778      
                8.095E-03       -249.194      
                8.1E-03         -266.308      
                8.105E-03       -285.419      
                8.11E-03        -282.298      
                8.115E-03       -231.402      
                8.12E-03        -269.46       
                8.125E-03       -270.233      
                8.13E-03        -273.428      
                8.135E-03       -273.512      
                8.14E-03        -276.476      
                8.145E-03       -248.48       
                8.15E-03        -262.271      
                8.155E-03       -277.581      
                8.16E-03        -262.258      
                8.165E-03       -183.308      
                8.17E-03        -259.861      
                8.175E-03       -290.155      
                8.18E-03        -286.219      
                8.185E-03       -305.995      
                8.19E-03        -190.349      
                8.195E-03       -237.376      
                8.2E-03         -282.922      
                8.205E-03       -331.984      
                8.21E-03        -239.293      
                8.215E-03       -274.06       
                8.22E-03        -281.666      
                8.225E-03       -268.587      
                8.23E-03        -261.655      
                8.235E-03       -278.598      
                8.24E-03        -305.765      
                8.245E-03       -294.138      
                8.25E-03        -250.417      
                8.255E-03       -288.311      
                8.26E-03        -276.268      
                8.265E-03       -247.985      
                8.27E-03        -272.274      
                8.275E-03       -245.282      
                8.28E-03        -282.915      
                8.285E-03       -294.964      
                8.29E-03        -280.13       
                8.295E-03       -273.338      
                8.3E-03         -268.354      
                8.305E-03       -290.373      
                8.31E-03        -292.914      
                8.315E-03       -312.18       
                8.32E-03        -263.978      
                8.325E-03       -272.233      
                8.33E-03        -275.273      
                8.335E-03       -272.897      
                8.34E-03        -277.299      
                8.345E-03       -267.417      
                8.35E-03        -277.762      
                8.355E-03       -287.27       
                8.36E-03        -205.002      
                8.365E-03       -271.34       
                8.37E-03        -259.756      
                8.375E-03       -269.159      
                8.38E-03        -283.684      
                8.385E-03       -266.179      
                8.39E-03        -251.142      
                8.395E-03       -265.653      
                8.4E-03         -276.283      
                8.405E-03       -283.284      
                8.41E-03        -270.633      
                8.415E-03       -277.104      
                8.42E-03        -264.326      
                8.425E-03       -256.551      
                8.43E-03        -282.371      
                8.435E-03       -266.123      
                8.44E-03        -286.534      
                8.445E-03       -287.53       
                8.45E-03        -282.758      
                8.455E-03       -273.673      
                8.46E-03        -259.375      
                8.465E-03       -269.077      
                8.47E-03        -284.73       
                8.475E-03       -280.295      
                8.48E-03        -288.566      
                8.485E-03       -287.475      
                8.49E-03        -276.249      
                8.495E-03       -268.644      
                8.5E-03         -274.162      
                8.505E-03       -262.759      
                8.51E-03        -240.786      
                8.515E-03       -288.532      
                8.52E-03        -276.683      
                8.525E-03       -281.826      
                8.53E-03        -280.525      
                8.535E-03       -288.549      
                8.54E-03        -285.883      
                8.545E-03       -290.478      
                8.55E-03        -285.449      
                8.555E-03       -277.548      
                8.56E-03        -291.518      
                8.565E-03       -290.131      
                8.57E-03        -278.918      
                8.575E-03       -287.082      
                8.58E-03        -286.642      
                8.585E-03       -293.745      
                8.59E-03        -281.001      
                8.595E-03       -289.657      
                8.6E-03         -272.951      
                8.605E-03       -277.251      
                8.61E-03        -287.241      
                8.615E-03       -294.126      
                8.62E-03        -283.487      
                8.625E-03       -225.233      
                8.63E-03        -285.028      
                8.635E-03       -277.667      
                8.64E-03        -300.348      
                8.645E-03       -263.796      
                8.65E-03        -278.768      
                8.655E-03       -268.016      
                8.66E-03        -282.951      
                8.665E-03       -224.237      
                8.67E-03        -252.296      
                8.675E-03       -250.021      
                8.68E-03        -277.572      
                8.685E-03       -278.844      
                8.69E-03        -301.035      
                8.695E-03       -288.912      
                8.7E-03         -262.775      
                8.705E-03       -283.359      
                8.71E-03        -287.782      
                8.715E-03       -290.651      
                8.72E-03        -282.79       
                8.725E-03       -189.07       
                8.73E-03        -247.463      
                8.735E-03       -250.315      
                8.74E-03        -282.295      
                8.745E-03       -299.047      
                8.75E-03        -293.194      
                8.755E-03       -291.122      
                8.76E-03        -296.419      
                8.765E-03       -272.774      
                8.77E-03        -291.121      
                8.775E-03       -293.063      
                8.78E-03        -267.443      
                8.785E-03       -243.321      
                8.79E-03        -272.903      
                8.795E-03       -242.006      
                8.8E-03         -274.134      
                8.805E-03       -282.09       
                8.81E-03        -293.715      
                8.815E-03       -286.307      
                8.82E-03        -245.838      
                8.825E-03       -273.365      
                8.83E-03        -256.319      
                8.835E-03       -288.726      
                8.84E-03        -255.369      
                8.845E-03       -273.358      
                8.85E-03        -270.711      
                8.855E-03       -274.966      
                8.86E-03        -277.019      
                8.865E-03       -276.481      
                8.87E-03        -278.795      
                8.875E-03       -270.27       
                8.88E-03        -267.143      
                8.885E-03       -276.193      
                8.89E-03        -274.808      
                8.895E-03       -280.389      
                8.9E-03         -168.399      
                8.905E-03       -187.4        
                8.91E-03        -189.885      
                8.915E-03       -193.124      
                8.92E-03        -217.744      
                8.925E-03       -264.951      
                8.93E-03        -273.111      
                8.935E-03       -283.248      
                8.94E-03        -284.87       
                8.945E-03       -220.115      
                8.95E-03        -271.275      
                8.955E-03       -282.325      
                8.96E-03        -289.211      
                8.965E-03       -286.28       
                8.97E-03        -283.715      
                8.975E-03       -274.629      
                8.98E-03        -271.467      
                8.985E-03       -280.317      
                8.99E-03        -279.833      
                8.995E-03       -291.354      
                9.E-03          -311.85       
                9.005E-03       -261.418      
                9.01E-03        -289.509      
                9.015E-03       -292.052      
                9.02E-03        -301.391      
                9.025E-03       -274.581      
                9.03E-03        -289.005      
                9.035E-03       -236.903      
                9.04E-03        -291.549      
                9.045E-03       -290.321      
                9.05E-03        -272.718      
                9.055E-03       -273.821      
                9.06E-03        -300.877      
                9.065E-03       -298.787      
                9.07E-03        -289.648      
                9.075E-03       -282.248      
                9.08E-03        -207.464      
                9.085E-03       -293.639      
                9.09E-03        -277.703      
                9.095E-03       -299.843      
                9.1E-03         -291.632      
                9.105E-03       -286.048      
                9.11E-03        -293.83       
                9.115E-03       -294.361      
                9.12E-03        -293.346      
                9.125E-03       -299.82       
                9.13E-03        -291.602      
                9.135E-03       -192.652      
                9.14E-03        -275.245      
                9.145E-03       -284.05       
                9.15E-03        -217.475      
                9.155E-03       -265.24       
                9.16E-03        -278.014      
                9.165E-03       -271.344      
                9.17E-03        -271.719      
                9.175E-03       -271.14       
                9.18E-03        -270.858      
                9.185E-03       -284.642      
                9.19E-03        -280.395      
                9.195E-03       -281.968      
                9.2E-03         -285.014      
                9.205E-03       -254.572      
                9.21E-03        -266.865      
                9.215E-03       -279.522      
                9.22E-03        -272.027      
                9.225E-03       -291.629      
                9.23E-03        -297.915      
                9.235E-03       -296.055      
                9.24E-03        -295.397      
                9.245E-03       -285.861      
                9.25E-03        -278.468      
                9.255E-03       -280.017      
                9.26E-03        -264.954      
                9.265E-03       -254.749      
                9.27E-03        -273.132      
                9.275E-03       -287.36       
                9.28E-03        -257.495      
                9.285E-03       -284.368      
                9.29E-03        -283.34       
                9.295E-03       -278.092      
                9.3E-03         -266.418      
                9.305E-03       -284.565      
                9.31E-03        -285.015      
                9.315E-03       -282.565      
                9.32E-03        -277.733      
                9.325E-03       -248.1        
                9.33E-03        -281.267      
                9.335E-03       -253.144      
                9.34E-03        -281.146      
                9.345E-03       -268.809      
                9.35E-03        -282.543      
                9.355E-03       -275.065      
                9.36E-03        -267.733      
                9.365E-03       -283.678      
                9.37E-03        -283.804      
                9.375E-03       -284.886      
                9.38E-03        -246.453      
                9.385E-03       -264.298      
                9.39E-03        -266.123      
                9.395E-03       -248.084      
                9.4E-03         -262.351      
                9.405E-03       -288.387      
                9.41E-03        -284.065      
                9.415E-03       -270.853      
                9.42E-03        -249.878      
                9.425E-03       -254.725      
                9.43E-03        -273.248      
                9.435E-03       -264.039      
                9.44E-03        -237.859      
                9.445E-03       -224.888      
                9.45E-03        -235.273      
                9.455E-03       -263.233      
                9.46E-03        -277.074      
                9.465E-03       -281.065      
                9.47E-03        -272.339      
                9.475E-03       -280.405      
                9.48E-03        -274.99       
                9.485E-03       -273.328      
                9.49E-03        -271.354      
                9.495E-03       -269.487      
                9.5E-03         -223.266      
                9.505E-03       -252.888      
                9.51E-03        -265.373      
                9.515E-03       -196.655      
                9.52E-03        -228.218      
                9.525E-03       -258.457      
                9.53E-03        -249.113      
                9.535E-03       -266.164      
                9.54E-03        -267.831      
                9.545E-03       -279.342      
                9.55E-03        -267.267      
                9.555E-03       -262.777      
                9.56E-03        -233.971      
                9.565E-03       -248.713      
                9.57E-03        -278.937      
                9.575E-03       -257.964      
                9.58E-03        -257.142      
                9.585E-03       -262.177      
                9.59E-03        -267.872      
                9.595E-03       -265.981      
                9.6E-03         -265.966      
                9.605E-03       -261.842      
                9.61E-03        -263.506      
                9.615E-03       -268.164      
                9.62E-03        -264.203      
                9.625E-03       -271.187      
                9.63E-03        -260.339      
                9.635E-03       -248.429      
                9.64E-03        -265.753      
                9.645E-03       -262.962      
                9.65E-03        -274.94       
                9.655E-03       -265.672      
                9.66E-03        -259.524      
                9.665E-03       -254.249      
                9.67E-03        -260.319      
                9.675E-03       -261.479      
                9.68E-03        -271.71       
                9.685E-03       -259.741      
                9.69E-03        -264.646      
                9.695E-03       -209.898      
                9.7E-03         -246.262      
                9.705E-03       -241.201      
                9.71E-03        -213.236      
                9.715E-03       -256.594      
                9.72E-03        -248.306      
                9.725E-03       -251.307      
                9.73E-03        -252.989      
                9.735E-03       -261.963      
                9.74E-03        -263.618      
                9.745E-03       -268.578      
                9.75E-03        -257.531      
                9.755E-03       -134.62       
                9.76E-03        -179.724      
                9.765E-03       -221.41       
                9.77E-03        -233.521      
                9.775E-03       -241.026      
                9.78E-03        -253.133      
                9.785E-03       -251.293      
                9.79E-03        -251.246      
                9.795E-03       -240.616      
                9.8E-03         -248.93       
                9.805E-03       -252.309      
                9.81E-03        -250.736      
                9.815E-03       -251.503      
                9.82E-03        -249.36       
                9.825E-03       -194.055      
                9.83E-03        -172.163      
                9.835E-03       -219.903      
                9.84E-03        -184.873      
                9.845E-03       -214.882      
                9.85E-03        -241.479      
                9.855E-03       -249.469      
                9.86E-03        -204.677      
                9.865E-03       -236.331      
                9.87E-03        -253.091      
                9.875E-03       -241.2        
                9.88E-03        -251.125      
                9.885E-03       -251.148      
                9.89E-03        -191.209      
                9.895E-03       -210.352      
                9.9E-03         -244.708      
                9.905E-03       -245.95       
                9.91E-03        -248.28       
                9.915E-03       -249.153      
                9.92E-03        -246.876      
                9.925E-03       -243.815      
                9.93E-03        -247.74       
                9.935E-03       -242.916      
                9.94E-03        -242.287      
                9.945E-03       -240.867      
                9.95E-03        -240.524      
                9.955E-03       -237.699      
                9.96E-03        -238.639      
                9.965E-03       -236.142      
                9.97E-03        -230.154      
                9.975E-03       -203.64       
                9.98E-03        -222.641      
                9.985E-03       -220.7        
                9.99E-03        -231.282      
                9.995E-03       -236.072      
               10.E-03          -202.442      




