
                  X               _temp_4     

                0.                 0.         
                2.6508E-06       -45.3762     
                5.30045E-06       19.657      
                7.9512E-06        59.6393     
               10.6011E-06      -135.875      
               13.2509E-06        65.3816     
               15.9001E-06      -139.974      
               18.5507E-06       -46.3391     
               21.2001E-06       -11.0385     
               23.8508E-06      -110.384      
               26.5002E-06       -47.001      
               29.1509E-06       -69.5155     
               31.8003E-06       -55.0651     
               34.451E-06        -94.4341     
               37.1004E-06       -26.5673     
               39.751E-06       -122.013      
               42.4005E-06       -47.8362     
               45.0511E-06       -64.7218     
               47.7006E-06      -117.271      
               50.3512E-06       -55.8577     
               53.0006E-06      -104.361      
               55.6501E-06       -78.27       
               58.3007E-06       -94.1659     
               60.9501E-06       -85.017      
               63.6003E-06      -107.787      
               66.2503E-06       -78.5633     
               68.9002E-06       -93.6631     
               71.5501E-06      -114.754      
               74.2001E-06       -76.2045     
               76.85E-06        -112.466      
               79.5011E-06       -93.6348     
               82.1511E-06      -100.573      
               84.801E-06       -105.695      
               87.4509E-06      -101.52       
               90.1009E-06      -103.547      
               92.7508E-06      -103.574      
               95.4007E-06      -114.151      
               98.0507E-06       -95.7884     
              100.701E-06       -119.453      
              103.351E-06       -111.525      
              106.E-06          -112.985      
              108.65E-06        -121.899      
              111.3E-06         -113.701      
              113.95E-06        -123.437      
              116.6E-06         -121.022      
              119.25E-06        -125.998      
              121.9E-06         -122.479      
              124.55E-06        -132.89       
              127.201E-06       -134.574      
              129.851E-06       -136.692      
              132.501E-06       -147.292      
              135.151E-06       -147.828      
              137.801E-06       -156.041      
              140.451E-06       -160.965      
              143.101E-06       -160.375      
              145.751E-06       -167.354      
              148.401E-06       -175.62       
              151.051E-06       -184.227      
              153.7E-06          -82.7176     
              156.35E-06        -101.291      
              159.E-06          -111.633      
              161.65E-06        -120.975      
              164.3E-06         -126.913      
              166.95E-06        -126.187      
              169.6E-06         -124.166      
              172.25E-06        -122.87       
              174.901E-06       -136.347      
              177.551E-06       -136.081      
              180.201E-06       -157.686      
              182.851E-06       -160.978      
              185.501E-06       -161.428      
              188.151E-06       -163.738      
              190.801E-06       -168.14       
              193.451E-06        -98.6221     
              196.101E-06        -93.5923     
              198.751E-06       -107.381      
              201.4E-06         -131.106      
              204.05E-06         -80.1809     
              206.7E-06         -102.596      
              209.35E-06        -130.422      
              212.E-06          -147.423      
              214.65E-06        -158.595      
              217.3E-06          -91.3927     
              219.95E-06        -102.02       
              222.601E-06       -119.42       
              225.251E-06       -140.585      
              227.901E-06       -141.644      
              230.551E-06       -150.373      
              233.201E-06       -152.091      
              235.851E-06       -156.751      
              238.501E-06       -136.261      
              241.151E-06       -144.802      
              243.801E-06        -57.1092     
              246.45E-06         -86.45       
              249.1E-06         -112.311      
              251.75E-06        -107.989      
              254.4E-06          -34.0534     
              257.051E-06        -61.6068     
              259.701E-06        -81.1175     
              262.351E-06       -101.06       
              265.001E-06        -86.8811     
              267.651E-06       -113.021      
              270.301E-06        -84.8244     
              272.951E-06       -114.104      
              275.601E-06       -108.293      
              278.251E-06       -137.892      
              280.9E-06         -121.284      
              283.55E-06        -134.348      
              286.2E-06          -99.5438     
              288.85E-06        -127.28       
              291.5E-06         -144.687      
              294.15E-06        -112.026      
              296.801E-06       -126.414      
              299.451E-06       -146.885      
              302.101E-06       -109.89       
              304.751E-06       -121.47       
              307.401E-06       -119.164      
              310.051E-06        -92.8355     
              312.701E-06       -111.932      
              315.351E-06       -113.813      
              318.001E-06        -76.0284     
              320.65E-06         -98.5986     
              323.3E-06         -108.983      
              325.95E-06        -116.784      
              328.6E-06          -97.3345     
              331.25E-06        -105.586      
              333.9E-06         -109.533      
              336.55E-06         -90.1163     
              339.201E-06        -99.358      
              341.851E-06       -102.292      
              344.501E-06       -109.498      
              347.151E-06       -120.892      
              349.801E-06        -92.3619     
              352.451E-06       -102.791      
              355.101E-06       -113.84       
              357.751E-06       -123.875      
              360.401E-06        -94.7043     
              363.05E-06        -105.21       
              365.7E-06         -117.835      
              368.35E-06        -128.646      
              371.E-06          -137.687      
              373.65E-06        -107.827      
              376.3E-06         -123.743      
              378.951E-06       -138.994      
              381.601E-06       -143.107      
              384.251E-06       -104.107      
              386.901E-06       -121.909      
              389.551E-06       -137.487      
              392.201E-06       -142.006      
              394.851E-06       -154.127      
              397.501E-06       -114.233      
              400.151E-06       -122.867      
              402.8E-06         -132.504      
              405.45E-06        -146.336      
              408.1E-06         -154.98       
              410.75E-06        -161.17       
              413.4E-06         -109.434      
              416.05E-06        -138.146      
              418.7E-06         -149.17       
              421.351E-06       -155.86       
              424.001E-06       -167.062      
              426.651E-06       -113.981      
              429.301E-06       -136.236      
              431.951E-06       -153.085      
              434.601E-06       -155.03       
              437.251E-06       -162.521      
              439.901E-06       -114.487      
              442.551E-06       -140.463      
              445.2E-06         -154.572      
              447.85E-06        -155.779      
              450.5E-06         -166.237      
              453.15E-06        -119.401      
              455.8E-06         -142.224      
              458.45E-06        -153.568      
              461.1E-06         -161.21       
              463.751E-06       -172.464      
              466.401E-06       -123.431      
              469.051E-06       -147.281      
              471.701E-06       -163.381      
              474.351E-06       -160.156      
              477.001E-06       -166.784      
              479.651E-06       -102.157      
              482.301E-06        -97.3312     
              484.951E-06       -118.863      
              487.6E-06         -132.929      
              490.25E-06        -134.841      
              492.9E-06         -108.018      
              495.55E-06        -124.693      
              498.2E-06         -113.724      
              500.85E-06        -120.627      
              503.501E-06       -137.509      
              506.151E-06       -153.841      
              508.801E-06       -130.033      
              511.451E-06       -125.109      
              514.101E-06       -142.622      
              516.751E-06       -144.561      
              519.401E-06       -124.152      
              522.051E-06       -135.442      
              524.701E-06       -121.033      
              527.35E-06        -118.134      
              530.E-06          -130.709      
              532.65E-06        -119.941      
              535.3E-06          -87.8056     
              537.95E-06        -116.888      
              540.6E-06         -136.409      
              543.25E-06        -120.139      
              545.901E-06       -128.337      
              548.551E-06       -143.713      
              551.201E-06       -126.543      
              553.851E-06       -136.918      
              556.501E-06       -146.31       
              559.151E-06       -142.065      
              561.801E-06       -140.24       
              564.451E-06       -145.606      
              567.101E-06       -155.268      
              569.75E-06        -145.345      
              572.4E-06         -111.214      
              575.05E-06        -125.893      
              577.7E-06         -119.756      
              580.351E-06        -81.2227     
              583.001E-06        -78.2656     
              585.651E-06        -99.3755     
              588.301E-06       -115.114      
              590.95E-06        -136.747      
              593.6E-06         -143.859      
              596.25E-06        -101.805      
              598.9E-06          -88.0935     
              601.55E-06        -100.773      
              604.2E-06         -104.431      
              606.851E-06       -112.851      
              609.501E-06       -113.386      
              612.151E-06       -100.251      
              614.801E-06        -92.2986     
              617.451E-06       -119.116      
              620.101E-06       -114.363      
              622.751E-06       -122.422      
              625.401E-06       -112.531      
              628.051E-06       -104.51       
              630.7E-06         -113.545      
              633.35E-06        -125.467      
              636.E-06          -126.672      
              638.65E-06        -116.49       
              641.3E-06          -59.6296     
              643.95E-06         -83.0454     
              646.6E-06          -90.5116     
              649.25E-06        -101.245      
              651.901E-06        -80.7425     
              654.551E-06        -96.8304     
              657.201E-06        -77.9198     
              659.851E-06        -95.8083     
              662.501E-06       -100.647      
              665.151E-06        -89.0925     
              667.801E-06        -76.7887     
              670.451E-06        -89.7863     
              673.1E-06          -90.4799     
              675.75E-06         -74.7734     
              678.4E-06          -60.893      
              681.05E-06         -43.4871     
              683.701E-06        -77.9171     
              686.351E-06        -76.7668     
              689.001E-06        -80.6444     
              691.65E-06         -53.4392     
              694.301E-06        -92.2557     
              696.951E-06        -87.5128     
              699.6E-06          -97.7787     
              702.251E-06        -65.2686     
              704.901E-06        -62.3036     
              707.551E-06        -85.7251     
              710.201E-06       -109.719      
              712.851E-06       -124.699      
              715.501E-06       -131.338      
              718.15E-06        -132.652      
              720.8E-06         -121.554      
              723.45E-06         -52.9351     
              726.1E-06          -64.3677     
              728.75E-06         -96.5958     
              731.4E-06         -110.396      
              734.05E-06        -126.465      
              736.701E-06       -129.536      
              739.351E-06       -125.555      
              742.001E-06        -95.787      
              744.651E-06        -94.0679     
              747.301E-06       -122.164      
              749.951E-06        -66.4243     
              752.601E-06        -69.2007     
              755.251E-06       -102.806      
              757.901E-06       -101.585      
              760.55E-06         -99.8166     
              763.2E-06         -126.149      
              765.85E-06        -130.333      
              768.5E-06          -85.6962     
              771.15E-06         -95.3628     
              773.8E-06         -105.498      
              776.451E-06       -127.433      
              779.101E-06       -113.248      
              781.751E-06        -82.0992     
              784.401E-06        -87.3157     
              787.051E-06       -102.984      
              789.701E-06       -113.608      
              792.351E-06       -108.314      
              795.001E-06        -80.761      
              797.651E-06        -60.8012     
              800.3E-06          -60.0123     
              802.95E-06         -65.8817     
              805.6E-06          -98.4814     
              808.25E-06        -119.081      
              810.9E-06         -107.544      
              813.55E-06        -107.913      
              816.2E-06         -113.578      
              818.851E-06        -65.1889     
              821.501E-06       -105.485      
              824.151E-06       -118.972      
              826.801E-06        -83.5568     
              829.451E-06       -105.647      
              832.101E-06       -112.139      
              834.751E-06        -99.8854     
              837.401E-06        -66.357      
              840.051E-06       -116.051      
              842.7E-06         -101.766      
              845.35E-06        -114.869      
              848.E-06          -111.704      
              850.65E-06        -119.856      
              853.3E-06          -99.2538     
              855.95E-06        -128.266      
              858.601E-06       -106.063      
              861.251E-06       -100.414      
              863.901E-06       -100.813      
              866.551E-06       -110.548      
              869.201E-06       -115.333      
              871.851E-06       -127.077      
              874.501E-06        -90.6652     
              877.151E-06        -86.5612     
              879.801E-06        -94.3253     
              882.45E-06        -114.981      
              885.1E-06         -109.585      
              887.75E-06         -80.0315     
              890.4E-06         -105.081      
              893.05E-06        -107.452      
              895.7E-06         -122.234      
              898.35E-06         -96.5536     
              901.E-06          -117.932      
              903.651E-06       -114.888      
              906.301E-06       -103.201      
              908.951E-06       -131.229      
              911.601E-06       -139.986      
              914.251E-06       -120.249      
              916.901E-06       -120.607      
              919.551E-06       -128.823      
              922.201E-06       -138.769      
              924.85E-06        -143.413      
              927.5E-06         -132.247      
              930.15E-06        -139.199      
              932.8E-06         -138.846      
              935.45E-06        -105.214      
              938.1E-06         -135.97       
              940.75E-06        -136.271      
              943.401E-06       -105.219      
              946.051E-06       -110.187      
              948.701E-06       -119.488      
              951.351E-06       -110.12       
              954.001E-06       -103.912      
              956.651E-06       -105.079      
              959.301E-06       -129.238      
              961.951E-06       -102.032      
              964.6E-06         -115.569      
              967.25E-06        -128.441      
              969.9E-06         -141.345      
              972.55E-06        -140.332      
              975.2E-06          -86.4241     
              977.851E-06       -103.271      
              980.5E-06         -114.104      
              983.15E-06        -117.893      
              985.801E-06       -129.281      
              988.45E-06        -132.699      
              991.1E-06         -133.359      
              993.751E-06       -135.019      
              996.4E-06          -75.5194     
              999.05E-06         -51.0188     
                1.0017E-03       -79.5879     
                1.00435E-03      -89.5164     
                1.007E-03       -107.879      
                1.00965E-03     -103.105      
                1.0123E-03       -63.4572     
                1.01495E-03     -111.689      
                1.0176E-03      -103.568      
                1.02025E-03     -122.004      
                1.0229E-03      -134.395      
                1.02555E-03      -94.2127     
                1.0282E-03       -96.6427     
                1.03085E-03     -120.324      
                1.0335E-03      -136.271      
                1.03615E-03     -141.017      
                1.0388E-03      -116.431      
                1.04145E-03     -112.658      
                1.0441E-03      -119.169      
                1.04675E-03     -137.701      
                1.0494E-03      -145.737      
                1.05205E-03     -104.478      
                1.0547E-03      -103.657      
                1.05735E-03     -123.611      
                1.06E-03        -148.852      
                1.06265E-03     -138.558      
                1.0653E-03       -72.2911     
                1.06795E-03      -62.0557     
                1.0706E-03       -70.2487     
                1.07325E-03      -89.1182     
                1.0759E-03       -98.9361     
                1.07855E-03      -94.6236     
                1.0812E-03       -65.8445     
                1.08385E-03      -76.5303     
                1.0865E-03       -97.4693     
                1.08915E-03     -106.793      
                1.0918E-03      -103.155      
                1.09445E-03     -132.447      
                1.0971E-03      -117.427      
                1.09975E-03     -122.357      
                1.1024E-03      -142.303      
                1.10505E-03     -149.485      
                1.1077E-03      -151.801      
                1.11035E-03     -107.48       
                1.113E-03       -137.632      
                1.11565E-03     -140.247      
                1.1183E-03      -137.569      
                1.12095E-03      -88.6811     
                1.1236E-03      -108.292      
                1.12625E-03     -122.77       
                1.1289E-03      -114.648      
                1.13155E-03     -145.562      
                1.1342E-03       -92.8449     
                1.13685E-03     -106.346      
                1.1395E-03      -131.314      
                1.14215E-03     -145.232      
                1.1448E-03      -110.322      
                1.14745E-03      -85.1126     
                1.1501E-03      -110.775      
                1.15275E-03     -121.766      
                1.1554E-03      -134.036      
                1.15805E-03     -142.967      
                1.1607E-03      -111.235      
                1.16335E-03     -105.2        
                1.166E-03       -124.711      
                1.16865E-03     -142.831      
                1.1713E-03       -71.9697     
                1.17395E-03     -106.009      
                1.1766E-03      -134.402      
                1.17925E-03     -143.24       
                1.1819E-03       -88.7944     
                1.18455E-03      -57.9098     
                1.1872E-03       -94.3254     
                1.18985E-03     -117.16       
                1.1925E-03      -126.256      
                1.19515E-03     -134.616      
                1.1978E-03      -143.408      
                1.20045E-03      -87.8404     
                1.2031E-03       -87.543      
                1.20575E-03      -96.1543     
                1.2084E-03      -110.971      
                1.21105E-03     -126.918      
                1.2137E-03      -112.203      
                1.21635E-03     -104.896      
                1.219E-03       -107.759      
                1.22165E-03     -125.834      
                1.2243E-03       -79.7375     
                1.22695E-03      -87.9014     
                1.2296E-03       -98.8358     
                1.23225E-03     -109.572      
                1.2349E-03      -116.906      
                1.23755E-03      -98.4992     
                1.2402E-03      -111.017      
                1.24285E-03     -118.832      
                1.2455E-03      -124.42       
                1.24815E-03     -117.176      
                1.2508E-03      -104.325      
                1.25345E-03      -95.4019     
                1.2561E-03       -94.5501     
                1.25875E-03     -115.001      
                1.2614E-03      -109.542      
                1.26405E-03     -112.267      
                1.2667E-03      -114.222      
                1.26935E-03      -85.6018     
                1.272E-03       -101.766      
                1.27465E-03     -113.347      
                1.2773E-03      -108.257      
                1.27995E-03      -97.2438     
                1.2826E-03      -119.048      
                1.28525E-03     -116.543      
                1.2879E-03       -96.4502     
                1.29055E-03     -104.43       
                1.2932E-03      -103.052      
                1.29585E-03      -95.8445     
                1.2985E-03       -61.4796     
                1.30115E-03      -71.592      
                1.3038E-03       -95.66       
                1.30645E-03      -92.9189     
                1.3091E-03       -84.0562     
                1.31175E-03      -94.2692     
                1.3144E-03       -88.7028     
                1.31705E-03      -96.3699     
                1.3197E-03      -103.377      
                1.32235E-03     -101.277      
                1.325E-03        -93.0403     
                1.32765E-03     -102.45       
                1.3303E-03      -107.196      
                1.33295E-03      -88.3709     
                1.3356E-03       -92.7595     
                1.33825E-03      -89.8689     
                1.3409E-03       -77.2764     
                1.34355E-03      -90.1182     
                1.3462E-03       -99.1464     
                1.34885E-03     -103.895      
                1.3515E-03       -88.3531     
                1.35415E-03      -95.0275     
                1.3568E-03       -87.1787     
                1.35945E-03      -84.6972     
                1.3621E-03       -92.6571     
                1.36475E-03     -102.185      
                1.3674E-03      -107.55       
                1.37005E-03      -79.9761     
                1.3727E-03      -102.889      
                1.37535E-03     -109.54       
                1.378E-03       -111.985      
                1.38065E-03     -100.97       
                1.3833E-03       -87.823      
                1.38595E-03      -77.4695     
                1.3886E-03       -84.5519     
                1.39125E-03      -89.3794     
                1.3939E-03      -104.062      
                1.39655E-03     -106.756      
                1.3992E-03      -111.839      
                1.40185E-03     -113.483      
                1.4045E-03      -106.277      
                1.40715E-03      -60.7044     
                1.4098E-03       -72.1953     
                1.41245E-03      -94.5386     
                1.4151E-03       -97.4785     
                1.41775E-03      -92.5058     
                1.4204E-03      -100.881      
                1.42305E-03      -74.2767     
                1.4257E-03       -60.4782     
                1.42835E-03      -59.7634     
                1.431E-03        -56.1986     
                1.43365E-03      -83.4469     
                1.4363E-03      -106.949      
                1.43895E-03     -122.061      
                1.4416E-03      -120.786      
                1.44425E-03      -89.0174     
                1.4469E-03      -102.269      
                1.44955E-03      -64.6703     
                1.4522E-03      -104.793      
                1.45485E-03     -124.936      
                1.4575E-03      -132.942      
                1.46015E-03     -105.507      
                1.4628E-03       -72.1715     
                1.46545E-03      -88.7214     
                1.4681E-03      -125.549      
                1.47075E-03     -123.649      
                1.4734E-03      -134.588      
                1.47605E-03     -101.665      
                1.4787E-03      -111.843      
                1.48135E-03     -116.339      
                1.484E-03       -124.843      
                1.48665E-03     -135.856      
                1.4893E-03      -112.145      
                1.49195E-03     -108.128      
                1.4946E-03      -106.062      
                1.49725E-03     -119.967      
                1.4999E-03       -93.2519     
                1.50255E-03     -102.571      
                1.5052E-03      -111.809      
                1.50785E-03     -109.967      
                1.5105E-03      -101.379      
                1.51315E-03      -94.0451     
                1.5158E-03      -107.837      
                1.51845E-03     -105.325      
                1.5211E-03       -63.4868     
                1.52375E-03      -87.5817     
                1.5264E-03       -98.9342     
                1.52905E-03     -100.504      
                1.5317E-03      -107.94       
                1.53435E-03      -87.2985     
                1.537E-03       -100.964      
                1.53965E-03     -110.019      
                1.5423E-03      -110.406      
                1.54495E-03      -86.2187     
                1.5476E-03      -106.636      
                1.55025E-03     -113.244      
                1.5529E-03      -115.262      
                1.55555E-03      -93.0849     
                1.5582E-03       -96.7955     
                1.56085E-03     -116.8        
                1.5635E-03      -127.144      
                1.56615E-03      -83.7832     
                1.5688E-03      -103.079      
                1.57145E-03     -128.904      
                1.5741E-03      -131.573      
                1.57675E-03     -149.151      
                1.5794E-03      -109.962      
                1.58205E-03     -132.153      
                1.5847E-03      -147.925      
                1.58735E-03     -159.481      
                1.59E-03        -100.115      
                1.59265E-03      -50.3627     
                1.5953E-03       -92.1396     
                1.59795E-03      -93.5638     
                1.6006E-03      -101.75       
                1.60325E-03     -131.525      
                1.6059E-03      -145.843      
                1.60855E-03     -154.175      
                1.6112E-03       -90.1364     
                1.61385E-03      -94.6382     
                1.6165E-03       -99.8925     
                1.61915E-03     -120.441      
                1.6218E-03      -154.127      
                1.62445E-03     -163.343      
                1.6271E-03       -89.0356     
                1.62975E-03     -115.703      
                1.6324E-03      -145.649      
                1.63505E-03     -138.457      
                1.6377E-03      -164.914      
                1.64035E-03     -104.248      
                1.643E-03       -129.578      
                1.64565E-03     -149.861      
                1.6483E-03      -154.297      
                1.65095E-03     -166.965      
                1.6536E-03       -56.6448     
                1.65625E-03      -86.0575     
                1.6589E-03      -115.484      
                1.66155E-03     -124.589      
                1.6642E-03      -148.221      
                1.66685E-03     -153.927      
                1.6695E-03      -103.715      
                1.67215E-03      -69.6791     
                1.6748E-03       -76.3494     
                1.67745E-03     -103.73       
                1.6801E-03      -123.694      
                1.68275E-03     -138.607      
                1.6854E-03       -75.9044     
                1.68805E-03     -109.731      
                1.6907E-03      -105.005      
                1.69335E-03     -147.207      
                1.696E-03       -147.346      
                1.69865E-03     -112.439      
                1.7013E-03      -122.53       
                1.70395E-03     -137.554      
                1.7066E-03      -140.195      
                1.70925E-03     -147.539      
                1.7119E-03       -58.4338     
                1.71455E-03      -61.2563     
                1.7172E-03       -96.7814     
                1.71985E-03     -123.331      
                1.7225E-03      -124.946      
                1.72515E-03     -144.887      
                1.7278E-03       -77.1949     
                1.73045E-03      -83.1767     
                1.7331E-03      -102.336      
                1.73575E-03     -109.256      
                1.7384E-03      -127.068      
                1.74105E-03     -130.693      
                1.7437E-03       -71.0417     
                1.74635E-03     -100.584      
                1.749E-03       -139.268      
                1.75165E-03     -133.595      
                1.7543E-03      -155.192      
                1.75695E-03     -109.579      
                1.7596E-03      -138.474      
                1.76225E-03     -161.378      
                1.7649E-03      -169.487      
                1.76755E-03      -51.6291     
                1.7702E-03       -49.4631     
                1.77285E-03      -68.9121     
                1.7755E-03      -121.526      
                1.77815E-03     -136.932      
                1.7808E-03      -152.611      
                1.78345E-03     -106.799      
                1.7861E-03       -63.3391     
                1.78875E-03      -91.3044     
                1.7914E-03      -118.701      
                1.79405E-03     -131.594      
                1.7967E-03      -142.964      
                1.79935E-03      -69.2213     
                1.802E-03        -75.9245     
                1.80465E-03     -109.85       
                1.8073E-03      -132.413      
                1.80995E-03     -141.521      
                1.8126E-03       -50.2837     
                1.81525E-03      -57.963      
                1.8179E-03       -66.1439     
                1.82055E-03     -100.311      
                1.8232E-03      -117.524      
                1.82585E-03     -138.342      
                1.8285E-03      -102.577      
                1.83115E-03      -80.0911     
                1.8338E-03       -96.2333     
                1.83645E-03      -49.134      
                1.8391E-03       -83.1435     
                1.84175E-03      -97.3839     
                1.8444E-03       -98.8467     
                1.84705E-03      -90.5956     
                1.8497E-03      -125.088      
                1.85235E-03      -84.6416     
                1.855E-03        -79.9706     
                1.85765E-03     -102.703      
                1.8603E-03      -131.772      
                1.86295E-03     -150.881      
                1.8656E-03      -112.554      
                1.86825E-03      -91.7574     
                1.8709E-03      -113.37       
                1.87355E-03     -149.006      
                1.8762E-03      -138.085      
                1.87885E-03     -152.895      
                1.8815E-03      -158.912      
                1.88415E-03     -169.985      
                1.8868E-03       -88.8879     
                1.88945E-03     -109.861      
                1.8921E-03      -130.033      
                1.89475E-03     -141.564      
                1.8974E-03      -158.036      
                1.90005E-03     -168.775      
                1.9027E-03       -91.7409     
                1.90535E-03      -53.3737     
                1.908E-03       -109.476      
                1.91065E-03     -143.983      
                1.9133E-03      -156.157      
                1.91595E-03     -160.875      
                1.9186E-03      -173.718      
                1.92125E-03     -184.002      
                1.9239E-03      -103.017      
                1.92655E-03      -77.0473     
                1.9292E-03      -107.496      
                1.93185E-03     -142.565      
                1.9345E-03      -158.688      
                1.93715E-03     -159.061      
                1.9398E-03      -173.677      
                1.94245E-03      -87.0707     
                1.9451E-03      -101.231      
                1.94775E-03     -148.647      
                1.9504E-03      -166.448      
                1.95305E-03     -171.537      
                1.9557E-03       -53.6535     
                1.95835E-03      -88.5662     
                1.961E-03       -135.645      
                1.96365E-03     -157.964      
                1.9663E-03      -180.777      
                1.96895E-03      -97.9012     
                1.9716E-03       -77.0046     
                1.97425E-03     -121.93       
                1.9769E-03      -154.929      
                1.97955E-03     -100.836      
                1.9822E-03       -91.0838     
                1.98485E-03     -127.944      
                1.9875E-03      -155.139      
                1.99015E-03     -167.815      
                1.9928E-03       -58.1658     
                1.99545E-03     -102.909      
                1.9981E-03      -125.73       
                2.00075E-03     -143.862      
                2.0034E-03      -157.575      
                2.00605E-03      -82.4803     
                2.0087E-03       -89.8533     
                2.01135E-03     -106.253      
                2.014E-03       -130.564      
                2.01665E-03     -148.399      
                2.0193E-03       -89.7105     
                2.02195E-03      -99.1385     
                2.0246E-03      -123.864      
                2.02725E-03     -146.596      
                2.0299E-03      -161.601      
                2.03255E-03      -55.1261     
                2.0352E-03      -111.242      
                2.03785E-03     -120.62       
                2.0405E-03      -141.124      
                2.04315E-03     -141.691      
                2.0458E-03       -76.4927     
                2.04845E-03      -72.5815     
                2.0511E-03      -104.825      
                2.05375E-03     -113.475      
                2.0564E-03      -134.644      
                2.05905E-03     -146.017      
                2.0617E-03       -96.6147     
                2.06435E-03      -85.9212     
                2.067E-03       -104.895      
                2.06965E-03     -129.059      
                2.0723E-03      -150.197      
                2.07495E-03     -161.681      
                2.0776E-03      -162.301      
                2.08025E-03      -94.4238     
                2.0829E-03       -84.9247     
                2.08555E-03     -120.375      
                2.0882E-03      -145.098      
                2.09085E-03     -157.742      
                2.0935E-03      -161.099      
                2.09615E-03      -82.3007     
                2.0988E-03       -94.8109     
                2.10145E-03     -130.562      
                2.1041E-03      -149.935      
                2.10675E-03     -153.629      
                2.1094E-03       -67.0716     
                2.11205E-03      -82.7731     
                2.1147E-03      -114.071      
                2.11735E-03     -130.983      
                2.12E-03        -158.644      
                2.12265E-03      -79.4379     
                2.1253E-03       -97.3763     
                2.12795E-03     -131.721      
                2.1306E-03      -143.369      
                2.13325E-03     -147.091      
                2.1359E-03       -87.6154     
                2.13855E-03      -83.6136     
                2.1412E-03      -119.52       
                2.14385E-03     -133.295      
                2.1465E-03      -146.706      
                2.14915E-03     -101.354      
                2.1518E-03      -100.486      
                2.15445E-03     -126.866      
                2.1571E-03      -131.428      
                2.15975E-03     -148.03       
                2.1624E-03       -64.974      
                2.16505E-03      -83.1077     
                2.1677E-03      -113.706      
                2.17035E-03     -128.004      
                2.173E-03        -67.5393     
                2.17565E-03      -66.9418     
                2.1783E-03      -108.428      
                2.18095E-03     -125.286      
                2.1836E-03      -147.015      
                2.18625E-03      -77.4185     
                2.1889E-03       -76.4414     
                2.19155E-03     -107.236      
                2.1942E-03      -111.09       
                2.19685E-03     -137.935      
                2.1995E-03       -85.1441     
                2.20215E-03      -79.717      
                2.2048E-03      -103.204      
                2.20745E-03     -127.736      
                2.2101E-03       -77.3387     
                2.21275E-03      -63.4242     
                2.2154E-03       -83.2067     
                2.21805E-03     -115.23       
                2.2207E-03      -130.89       
                2.22335E-03     -133.451      
                2.226E-03        -52.5462     
                2.22865E-03      -77.7523     
                2.2313E-03      -114.638      
                2.23395E-03     -135.952      
                2.2366E-03      -142.536      
                2.23925E-03     -138.376      
                2.2419E-03      -169.881      
                2.24455E-03      -74.7531     
                2.2472E-03       -95.9922     
                2.24985E-03     -122.631      
                2.2525E-03      -146.01       
                2.25515E-03     -161.828      
                2.2578E-03       -76.547      
                2.26045E-03      -96.6407     
                2.2631E-03      -128.913      
                2.26575E-03     -213.235      
                2.2684E-03      -150.552      
                2.27105E-03     -153.7        
                2.2737E-03       -76.0164     
                2.27635E-03      -69.0289     
                2.279E-03       -107.832      
                2.28165E-03     -140.998      
                2.2843E-03      -154.208      
                2.28695E-03     -144.934      
                2.2896E-03      -148.915      
                2.29225E-03      -85.4747     
                2.2949E-03       -92.6961     
                2.29755E-03     -133.07       
                2.3002E-03      -154.982      
                2.30285E-03     -159.054      
                2.3055E-03       -62.8409     
                2.30815E-03      -84.9367     
                2.3108E-03      -121.036      
                2.31345E-03     -141.316      
                2.3161E-03      -151.934      
                2.31875E-03     -147.889      
                2.3214E-03      -172.786      
                2.32405E-03      -51.6665     
                2.3267E-03       -95.3243     
                2.32935E-03     -134.01       
                2.332E-03       -156.495      
                2.33465E-03     -141.38       
                2.3373E-03      -159.032      
                2.33995E-03      -72.9007     
                2.3426E-03       -81.3959     
                2.34525E-03     -110.195      
                2.3479E-03      -160.604      
                2.35055E-03     -154.665      
                2.3532E-03      -139.553      
                2.35585E-03     -147.873      
                2.3585E-03       -79.7752     
                2.36115E-03     -103.845      
                2.3638E-03       -96.0685     
                2.36645E-03     -130.477      
                2.3691E-03       -72.0779     
                2.37175E-03      -86.4586     
                2.3744E-03      -124.621      
                2.37705E-03     -131.194      
                2.3797E-03      -138.358      
                2.38235E-03     -166.844      
                2.385E-03        -69.7611     
                2.38765E-03     -113.445      
                2.3903E-03      -147.562      
                2.39295E-03     -150.519      
                2.3956E-03      -163.897      
                2.39825E-03     -169.196      
                2.4009E-03       -72.504      
                2.40355E-03      -86.6776     
                2.4062E-03      -117.23       
                2.40885E-03     -152.811      
                2.4115E-03      -171.56       
                2.41415E-03     -127.115      
                2.4168E-03      -143.902      
                2.41945E-03      -98.1392     
                2.4221E-03      -109.209      
                2.42475E-03     -146.591      
                2.4274E-03      -149.075      
                2.43005E-03     -165.027      
                2.4327E-03      -154.764      
                2.43535E-03     -163.373      
                2.438E-03       -167.159      
                2.44065E-03     -105.174      
                2.4433E-03      -106.737      
                2.44595E-03     -145.224      
                2.4486E-03      -135.426      
                2.45125E-03      -92.7417     
                2.4539E-03      -100.005      
                2.45655E-03     -127.687      
                2.4592E-03      -135.832      
                2.46185E-03     -149.258      
                2.4645E-03      -142.101      
                2.46715E-03      -90.6229     
                2.4698E-03      -114.325      
                2.47245E-03     -119.429      
                2.4751E-03      -148.211      
                2.47775E-03     -164.383      
                2.4804E-03       -64.8496     
                2.48305E-03     -104.448      
                2.4857E-03      -128.337      
                2.48835E-03     -145.797      
                2.491E-03       -154.603      
                2.49365E-03     -157.353      
                2.4963E-03      -155.378      
                2.49895E-03     -148.38       
                2.5016E-03      -162.333      
                2.50425E-03     -103.134      
                2.5069E-03      -118.773      
                2.50955E-03      -93.5463     
                2.5122E-03       -81.9569     
                2.51485E-03     -121.918      
                2.5175E-03      -137.47       
                2.52015E-03     -148.952      
                2.5228E-03      -102.697      
                2.52545E-03      -88.3421     
                2.5281E-03      -124.877      
                2.53075E-03     -149.19       
                2.5334E-03      -155.678      
                2.53605E-03      -75.9436     
                2.5387E-03      -102.44       
                2.54135E-03     -126.214      
                2.544E-03       -146.657      
                2.54665E-03     -152.086      
                2.5493E-03      -157.932      
                2.55195E-03      -88.9771     
                2.5546E-03      -108.589      
                2.55725E-03     -127.837      
                2.5599E-03      -137.727      
                2.56255E-03     -153.527      
                2.5652E-03      -149.903      
                2.56785E-03      -85.0574     
                2.5705E-03      -104.007      
                2.57315E-03     -141.157      
                2.5758E-03       -84.174      
                2.57845E-03      -86.1998     
                2.5811E-03      -131.109      
                2.58375E-03     -147.142      
                2.5864E-03      -141.398      
                2.58905E-03     -157.558      
                2.5917E-03       -71.5436     
                2.59435E-03     -107.879      
                2.597E-03       -133.506      
                2.59965E-03     -155.7        
                2.6023E-03      -154.692      
                2.60495E-03     -154.847      
                2.6076E-03       -79.623      
                2.61025E-03     -115.037      
                2.6129E-03      -124.491      
                2.61555E-03     -153.576      
                2.6182E-03      -145.291      
                2.62085E-03     -101.447      
                2.6235E-03      -103.73       
                2.62615E-03     -124.95       
                2.6288E-03      -134.148      
                2.63145E-03     -145.667      
                2.6341E-03       -72.1593     
                2.63675E-03      -83.044      
                2.6394E-03      -127.662      
                2.64205E-03     -138.527      
                2.6447E-03      -151.187      
                2.64735E-03      -85.7685     
                2.65E-03         -94.6014     
                2.65265E-03     -131.182      
                2.6553E-03      -151.12       
                2.65795E-03     -144.545      
                2.6606E-03      -141.84       
                2.66325E-03      -69.9214     
                2.6659E-03       -92.9614     
                2.66855E-03     -128.338      
                2.6712E-03      -144.02       
                2.67385E-03     -157.235      
                2.6765E-03      -137.601      
                2.67915E-03     -141.191      
                2.6818E-03       -53.8778     
                2.68445E-03      -91.3367     
                2.6871E-03      -145.942      
                2.68975E-03     -150.054      
                2.6924E-03      -136.093      
                2.69505E-03     -151.032      
                2.6977E-03      -165.729      
                2.70035E-03      -83.6974     
                2.703E-03       -130.296      
                2.70565E-03     -139.653      
                2.7083E-03      -135.412      
                2.71095E-03     -147.92       
                2.7136E-03      -149.309      
                2.71625E-03     -116.406      
                2.7189E-03       -97.5157     
                2.72155E-03     -146.884      
                2.7242E-03      -156.226      
                2.72685E-03     -113.289      
                2.7295E-03      -142.548      
                2.73215E-03      -78.7157     
                2.7348E-03      -109.184      
                2.73745E-03     -124.1        
                2.7401E-03      -164.132      
                2.74275E-03     -155.282      
                2.7454E-03      -163.87       
                2.74805E-03     -163.694      
                2.7507E-03       -97.5631     
                2.75335E-03     -105.537      
                2.756E-03        -92.5405     
                2.75865E-03     -114.956      
                2.7613E-03      -136.56       
                2.76395E-03     -132.244      
                2.7666E-03      -125.061      
                2.76925E-03     -155.917      
                2.7719E-03      -154.726      
                2.77455E-03     -161.435      
                2.7772E-03      -148.05       
                2.77985E-03     -112.149      
                2.7825E-03      -115.147      
                2.78515E-03     -146.393      
                2.7878E-03      -152.463      
                2.79045E-03     -160.816      
                2.7931E-03      -151.042      
                2.79575E-03     -121.701      
                2.7984E-03      -131.592      
                2.80105E-03     -144.538      
                2.8037E-03      -142.473      
                2.80635E-03     -115.615      
                2.809E-03       -125.022      
                2.81165E-03     -137.42       
                2.8143E-03      -140.084      
                2.81695E-03      -96.5432     
                2.8196E-03      -111.755      
                2.82225E-03     -138.494      
                2.8249E-03      -156.464      
                2.82755E-03      -78.4673     
                2.8302E-03      -111.48       
                2.83285E-03     -132.311      
                2.8355E-03      -136.528      
                2.83815E-03     -140.438      
                2.8408E-03       -88.1171     
                2.84345E-03     -122.622      
                2.8461E-03      -125.59       
                2.84875E-03     -135.459      
                2.8514E-03      -157.041      
                2.85405E-03     -159.987      
                2.8567E-03      -163.451      
                2.85935E-03      -90.4517     
                2.862E-03       -111.991      
                2.86465E-03     -146.385      
                2.8673E-03      -150.211      
                2.86995E-03     -164.624      
                2.8726E-03      -114.896      
                2.87525E-03     -113.037      
                2.8779E-03      -136.151      
                2.88055E-03     -149.655      
                2.8832E-03      -153.112      
                2.88585E-03      -78.1795     
                2.8885E-03      -136.443      
                2.89115E-03     -146.331      
                2.8938E-03      -139.201      
                2.89645E-03     -151.719      
                2.8991E-03       -98.8917     
                2.90175E-03     -105.717      
                2.9044E-03      -117.483      
                2.90705E-03     -133.901      
                2.9097E-03      -146.951      
                2.91235E-03     -165.534      
                2.915E-03        -57.3996     
                2.91765E-03     -127.51       
                2.9203E-03      -116.882      
                2.92295E-03     -129.311      
                2.9256E-03      -102.785      
                2.92825E-03     -117.82       
                2.9309E-03      -124.808      
                2.93355E-03     -149.332      
                2.9362E-03      -143.163      
                2.93885E-03     -169.895      
                2.9415E-03       -90.996      
                2.94415E-03     -119.92       
                2.9468E-03      -145.92       
                2.94945E-03     -145.751      
                2.9521E-03       -86.9463     
                2.95475E-03     -124.416      
                2.9574E-03      -133.386      
                2.96005E-03     -143.165      
                2.9627E-03      -139.105      
                2.96535E-03     -157.347      
                2.968E-03        -97.4184     
                2.97065E-03     -128.098      
                2.9733E-03      -141.529      
                2.97595E-03     -145.97       
                2.9786E-03      -156.254      
                2.98125E-03     -159.504      
                2.9839E-03      -105.092      
                2.98655E-03     -140.206      
                2.9892E-03      -139.68       
                2.99185E-03     -136.263      
                2.9945E-03      -167.063      
                2.99715E-03     -101.634      
                2.9998E-03      -130.326      
                3.00245E-03     -128.044      
                3.0051E-03      -137.396      
                3.00775E-03     -137.543      
                3.0104E-03       -85.9855     
                3.01305E-03     -137.977      
                3.0157E-03      -145.784      
                3.01835E-03     -131.73       
                3.021E-03       -160.468      
                3.02365E-03      -89.018      
                3.0263E-03      -110.898      
                3.02895E-03     -113.251      
                3.0316E-03      -138.457      
                3.03425E-03     -112.144      
                3.0369E-03       -94.5186     
                3.03955E-03      -91.0939     
                3.0422E-03      -120.981      
                3.04485E-03     -138.549      
                3.0475E-03      -137.022      
                3.05015E-03      -80.12       
                3.0528E-03      -102.375      
                3.05545E-03     -127.105      
                3.0581E-03      -131.715      
                3.06075E-03     -121.108      
                3.0634E-03       -74.4501     
                3.06605E-03     -109.991      
                3.0687E-03      -126.218      
                3.07135E-03     -112.089      
                3.074E-03       -141.535      
                3.07665E-03     -143.965      
                3.0793E-03       -95.2313     
                3.08195E-03     -109.57       
                3.0846E-03      -128.121      
                3.08725E-03     -138.608      
                3.0899E-03      -135.142      
                3.09255E-03      -81.3549     
                3.0952E-03      -103.5        
                3.09785E-03     -102.109      
                3.1005E-03      -125.646      
                3.10315E-03     -137.276      
                3.1058E-03      -140.934      
                3.10845E-03     -102.835      
                3.1111E-03       -98.3464     
                3.11375E-03     -129.541      
                3.1164E-03      -152.802      
                3.11905E-03      -81.4746     
                3.1217E-03       -70.1335     
                3.12435E-03     -123.76       
                3.127E-03       -121.42       
                3.12965E-03     -139.373      
                3.1323E-03      -151.234      
                3.13495E-03      -90.8865     
                3.1376E-03      -104.051      
                3.14025E-03     -126.984      
                3.1429E-03      -138.35       
                3.14555E-03     -140.546      
                3.1482E-03       -54.2341     
                3.15085E-03      -83.4581     
                3.1535E-03      -128.474      
                3.15615E-03     -137.424      
                3.1588E-03      -122.679      
                3.16145E-03     -106.499      
                3.1641E-03       -96.8981     
                3.16675E-03     -121.354      
                3.1694E-03      -139.77       
                3.17205E-03     -150.752      
                3.1747E-03      -149.947      
                3.17735E-03     -155.55       
                3.18E-03        -107.902      
                3.18265E-03     -129.772      
                3.1853E-03      -147.719      
                3.18795E-03     -145.358      
                3.1906E-03       -88.5508     
                3.19325E-03     -125.617      
                3.1959E-03      -137.775      
                3.19855E-03     -142.589      
                3.2012E-03      -159.663      
                3.20385E-03      -89.8597     
                3.2065E-03      -114.471      
                3.20915E-03     -127.142      
                3.2118E-03      -143.489      
                3.21445E-03     -141.853      
                3.2171E-03      -100.007      
                3.21975E-03     -128.654      
                3.2224E-03      -146.957      
                3.22505E-03     -150.307      
                3.2277E-03      -156.713      
                3.23035E-03      -82.7988     
                3.233E-03        -96.5017     
                3.23565E-03     -137.087      
                3.2383E-03      -136.796      
                3.24095E-03     -176.905      
                3.2436E-03       -77.5936     
                3.24625E-03     -105.177      
                3.2489E-03      -137.875      
                3.25155E-03     -148.966      
                3.2542E-03      -136.079      
                3.25685E-03      -72.7331     
                3.2595E-03      -106.534      
                3.26215E-03     -133.163      
                3.2648E-03      -116.393      
                3.26745E-03     -126.469      
                3.2701E-03       -80.1909     
                3.27275E-03     -117.203      
                3.2754E-03      -129.694      
                3.27805E-03     -137.692      
                3.2807E-03      -150.7        
                3.28335E-03      -93.5126     
                3.286E-03        -74.2079     
                3.28865E-03     -121.495      
                3.2913E-03      -120.023      
                3.29395E-03     -135.221      
                3.2966E-03      -159.512      
                3.29925E-03      -92.3926     
                3.3019E-03       -93.0865     
                3.30455E-03     -139.769      
                3.3072E-03      -134.23       
                3.30985E-03     -146.492      
                3.3125E-03      -161.955      
                3.31515E-03      -75.6271     
                3.3178E-03      -116.14       
                3.32045E-03     -140.932      
                3.3231E-03      -136.643      
                3.32575E-03     -150.714      
                3.3284E-03       -90.3555     
                3.33105E-03     -126.311      
                3.3337E-03      -139.57       
                3.33635E-03     -156.105      
                3.339E-03       -142.392      
                3.34165E-03      -79.7682     
                3.3443E-03      -109.471      
                3.34695E-03     -128.36       
                3.3496E-03      -147.999      
                3.35225E-03     -148.083      
                3.3549E-03      -152.784      
                3.35755E-03      -92.8487     
                3.3602E-03      -114.282      
                3.36285E-03     -133.647      
                3.3655E-03      -138.891      
                3.36815E-03     -152.81       
                3.3708E-03       -97.8664     
                3.37345E-03     -105.953      
                3.3761E-03      -146.16       
                3.37875E-03     -137.185      
                3.3814E-03      -148.152      
                3.38405E-03      -67.5108     
                3.3867E-03      -111.461      
                3.38935E-03     -124.839      
                3.392E-03       -148.068      
                3.39465E-03     -149.7        
                3.3973E-03       -61.5611     
                3.39995E-03      -99.2679     
                3.4026E-03      -124.692      
                3.40525E-03     -146.369      
                3.4079E-03      -156.271      
                3.41055E-03      -90.4455     
                3.4132E-03       -88.9905     
                3.41585E-03     -127.181      
                3.4185E-03      -124.255      
                3.42115E-03     -147.616      
                3.4238E-03      -154.908      
                3.42645E-03     -172.296      
                3.4291E-03       -68.2448     
                3.43175E-03     -126.399      
                3.4344E-03      -118.217      
                3.43705E-03     -141.084      
                3.4397E-03       -79.6067     
                3.44235E-03      -85.2423     
                3.445E-03       -117.082      
                3.44765E-03     -129.018      
                3.4503E-03      -136.276      
                3.45295E-03     -148.888      
                3.4556E-03      -104.967      
                3.45825E-03     -127.348      
                3.4609E-03      -138.848      
                3.46355E-03     -133.877      
                3.4662E-03       -85.4269     
                3.46885E-03      -88.5319     
                3.4715E-03      -123.065      
                3.47415E-03     -139.486      
                3.4768E-03      -154.045      
                3.47945E-03     -143.87       
                3.4821E-03       -95.9786     
                3.48475E-03     -125.481      
                3.4874E-03      -130.239      
                3.49005E-03     -137.007      
                3.4927E-03      -143.894      
                3.49535E-03     -131.051      
                3.498E-03        -79.514      
                3.50065E-03     -107.469      
                3.5033E-03      -130.823      
                3.50595E-03     -135.428      
                3.5086E-03      -121.681      
                3.51125E-03      -91.334      
                3.5139E-03      -118.396      
                3.51655E-03     -139.755      
                3.5192E-03      -149.759      
                3.52185E-03     -129.068      
                3.5245E-03      -102.843      
                3.52715E-03     -130.38       
                3.5298E-03      -160.516      
                3.53245E-03     -161.092      
                3.5351E-03      -136.667      
                3.53775E-03      -83.9483     
                3.5404E-03       -98.6259     
                3.54305E-03     -134.902      
                3.5457E-03      -139.756      
                3.54835E-03     -146.576      
                3.551E-03        -92.707      
                3.55365E-03      -81.8375     
                3.5563E-03      -118.597      
                3.55895E-03     -137.866      
                3.5616E-03      -121.971      
                3.56425E-03      -95.97       
                3.5669E-03      -116.145      
                3.56955E-03     -117.194      
                3.5722E-03      -147.502      
                3.57485E-03     -145.816      
                3.5775E-03       -77.1684     
                3.58015E-03     -111.621      
                3.5828E-03      -130.212      
                3.58545E-03     -152.003      
                3.5881E-03      -134.789      
                3.59075E-03     -100.192      
                3.5934E-03      -103.508      
                3.59605E-03     -137.01       
                3.5987E-03      -155.572      
                3.60135E-03     -143.695      
                3.604E-03       -152.677      
                3.60665E-03      -80.3228     
                3.6093E-03       -99.59       
                3.61195E-03     -145.315      
                3.6146E-03      -140.365      
                3.61725E-03     -145.437      
                3.6199E-03       -84.6044     
                3.62255E-03     -106.273      
                3.6252E-03      -119.379      
                3.62785E-03     -141.979      
                3.6305E-03      -138.606      
                3.63315E-03     -157.664      
                3.6358E-03       -62.3928     
                3.63845E-03     -119.029      
                3.6411E-03      -140.777      
                3.64375E-03     -138.782      
                3.6464E-03      -158.972      
                3.64905E-03      -89.2427     
                3.6517E-03       -91.0792     
                3.65435E-03     -124.277      
                3.657E-03       -144.246      
                3.65965E-03     -162.673      
                3.6623E-03       -98.0415     
                3.66495E-03     -117.979      
                3.6676E-03      -143.027      
                3.67025E-03     -115.447      
                3.6729E-03      -148.845      
                3.67555E-03     -135.625      
                3.6782E-03      -128.632      
                3.68085E-03     -137.417      
                3.6835E-03      -133.298      
                3.68615E-03     -134.896      
                3.6888E-03       -71.5733     
                3.69145E-03     -112.818      
                3.6941E-03      -125.076      
                3.69675E-03     -142.33       
                3.6994E-03      -139.883      
                3.70205E-03     -141.597      
                3.7047E-03      -105.366      
                3.70735E-03     -110.613      
                3.71E-03        -133.728      
                3.71265E-03     -123.403      
                3.7153E-03      -100.093      
                3.71795E-03     -103.411      
                3.7206E-03      -124.512      
                3.72325E-03     -152.11       
                3.7259E-03      -143.487      
                3.72855E-03     -150.527      
                3.7312E-03      -173.003      
                3.73385E-03      -96.7644     
                3.7365E-03      -125.698      
                3.73915E-03     -145.036      
                3.7418E-03      -134.328      
                3.74445E-03     -121.211      
                3.7471E-03       -93.4093     
                3.74975E-03     -125.344      
                3.7524E-03      -142.701      
                3.75505E-03     -155.164      
                3.7577E-03      -133.712      
                3.76035E-03     -148.009      
                3.763E-03        -92.7646     
                3.76565E-03     -112.274      
                3.7683E-03      -124.467      
                3.77095E-03     -165.251      
                3.7736E-03      -160.96       
                3.77625E-03     -113.383      
                3.7789E-03      -107.596      
                3.78155E-03     -125.118      
                3.7842E-03      -150.744      
                3.78685E-03     -137.53       
                3.7895E-03       -71.2623     
                3.79215E-03     -111.637      
                3.7948E-03      -130.012      
                3.79745E-03     -148.743      
                3.8001E-03      -152.462      
                3.80275E-03      -75.3782     
                3.8054E-03      -105.141      
                3.80805E-03     -134.911      
                3.8107E-03      -151.562      
                3.81335E-03     -165.43       
                3.816E-03       -156.545      
                3.81865E-03      -86.5237     
                3.8213E-03      -114.978      
                3.82395E-03     -143.068      
                3.8266E-03      -161.116      
                3.82925E-03     -111.852      
                3.8319E-03       -92.2504     
                3.83455E-03     -137.851      
                3.8372E-03      -149.599      
                3.83985E-03     -166.804      
                3.8425E-03       -83.1013     
                3.84515E-03      -87.6143     
                3.8478E-03      -115.496      
                3.85045E-03     -110.015      
                3.8531E-03      -149.934      
                3.85575E-03     -153.492      
                3.8584E-03       -78.0565     
                3.86105E-03     -100.274      
                3.8637E-03       -98.1977     
                3.86635E-03     -142.778      
                3.869E-03       -132.782      
                3.87165E-03      -74.6115     
                3.8743E-03       -97.8098     
                3.87695E-03     -128.682      
                3.8796E-03      -158.925      
                3.88225E-03     -164.534      
                3.8849E-03       -70.7841     
                3.88755E-03     -125.744      
                3.8902E-03      -115.234      
                3.89285E-03     -125.761      
                3.8955E-03      -148.136      
                3.89815E-03     -148.92       
                3.9008E-03      -117.26       
                3.90345E-03     -116.44       
                3.9061E-03      -132.939      
                3.90875E-03     -162.693      
                3.9114E-03      -138.768      
                3.91405E-03      -89.7521     
                3.9167E-03       -94.4631     
                3.91935E-03     -111.482      
                3.922E-03       -122.039      
                3.92465E-03     -149.35       
                3.9273E-03      -156.131      
                3.92995E-03     -137.471      
                3.9326E-03       -90.9271     
                3.93525E-03     -107.346      
                3.9379E-03      -100.195      
                3.94055E-03     -134.331      
                3.9432E-03      -136.16       
                3.94585E-03     -124.77       
                3.9485E-03       -86.9934     
                3.95115E-03      -96.7846     
                3.9538E-03      -117.224      
                3.95645E-03     -141.52       
                3.9591E-03      -131.196      
                3.96175E-03     -116.48       
                3.9644E-03      -156.006      
                3.96705E-03      -99.5084     
                3.9697E-03       -99.6143     
                3.97235E-03     -135.992      
                3.975E-03       -132.683      
                3.97765E-03     -146.868      
                3.9803E-03      -142.407      
                3.98295E-03     -159.358      
                3.9856E-03       -71.0643     
                3.98825E-03     -102.426      
                3.9909E-03      -136.84       
                3.99355E-03     -144.708      
                3.9962E-03      -154.115      
                3.99885E-03     -155.738      
                4.0015E-03       -98.4859     
                4.00415E-03     -100.004      
                4.0068E-03      -117.66       
                4.00945E-03     -124.642      
                4.0121E-03      -144.208      
                4.01475E-03     -152.95       
                4.0174E-03      -157.943      
                4.02005E-03      -77.3943     
                4.0227E-03       -92.3285     
                4.02535E-03     -114.033      
                4.028E-03       -134.108      
                4.03065E-03     -143.416      
                4.0333E-03      -153.022      
                4.03595E-03      -93.6886     
                4.0386E-03      -114.045      
                4.04125E-03     -127.347      
                4.0439E-03      -138.752      
                4.04655E-03     -149.543      
                4.0492E-03      -162.746      
                4.05185E-03     -101.642      
                4.0545E-03      -123.071      
                4.05715E-03     -116.537      
                4.0598E-03      -137.517      
                4.06245E-03     -140.075      
                4.0651E-03      -150.644      
                4.06775E-03     -155.013      
                4.0704E-03       -91.3734     
                4.07305E-03      -91.0752     
                4.0757E-03      -109.187      
                4.07835E-03     -144.293      
                4.081E-03       -159.143      
                4.08365E-03     -163.199      
                4.0863E-03      -173.661      
                4.08895E-03      -66.7217     
                4.0916E-03       -96.2631     
                4.09425E-03     -117.172      
                4.0969E-03      -146.109      
                4.09955E-03     -152.568      
                4.1022E-03      -162.36       
                4.10485E-03      -85.2052     
                4.1075E-03       -99.1178     
                4.11015E-03      -80.5069     
                4.1128E-03      -124.433      
                4.11545E-03     -140.763      
                4.1181E-03      -138.174      
                4.12075E-03     -162.656      
                4.1234E-03       -79.5263     
                4.12605E-03      -96.1257     
                4.1287E-03      -131.797      
                4.13135E-03     -136.118      
                4.134E-03       -154.413      
                4.13665E-03     -149.06       
                4.1393E-03       -89.9131     
                4.14195E-03      -85.413      
                4.1446E-03       -99.9345     
                4.14725E-03     -133.307      
                4.1499E-03      -148.311      
                4.15255E-03     -153.45       
                4.1552E-03      -157.18       
                4.15785E-03     -154.657      
                4.1605E-03       -56.398      
                4.16315E-03      -88.0083     
                4.1658E-03      -108.644      
                4.16845E-03     -133.751      
                4.1711E-03      -145.625      
                4.17375E-03     -158.285      
                4.1764E-03      -108.75       
                4.17905E-03      -99.6175     
                4.1817E-03      -129.506      
                4.18435E-03     -127.588      
                4.187E-03       -150.231      
                4.18965E-03     -154.255      
                4.1923E-03      -136.523      
                4.19495E-03      -68.2033     
                4.1976E-03       -82.4269     
                4.20025E-03     -121.981      
                4.2029E-03      -135.299      
                4.20555E-03     -122.54       
                4.2082E-03      -130.726      
                4.21085E-03      -85.8703     
                4.2135E-03       -92.4005     
                4.21615E-03     -110.573      
                4.2188E-03      -137.784      
                4.22145E-03     -143.928      
                4.2241E-03      -156.162      
                4.22675E-03     -147.4        
                4.2294E-03      -144.319      
                4.23205E-03      -63.3259     
                4.2347E-03       -98.6079     
                4.23735E-03     -116.858      
                4.24E-03        -132.667      
                4.24265E-03     -143.733      
                4.2453E-03      -144.908      
                4.24795E-03     -136.103      
                4.2506E-03       -81.7081     
                4.25325E-03     -111.         
                4.2559E-03      -107.151      
                4.25855E-03     -127.863      
                4.2612E-03      -133.829      
                4.26385E-03     -143.171      
                4.2665E-03      -148.572      
                4.26915E-03      -58.1303     
                4.2718E-03       -75.2628     
                4.27445E-03     -111.966      
                4.2771E-03      -121.039      
                4.27975E-03     -135.622      
                4.2824E-03      -120.471      
                4.28505E-03     -135.152      
                4.2877E-03      -128.078      
                4.29035E-03      -72.7118     
                4.293E-03        -77.232      
                4.29565E-03     -102.749      
                4.2983E-03      -121.721      
                4.30095E-03     -133.673      
                4.3036E-03      -140.005      
                4.30625E-03     -133.546      
                4.3089E-03      -121.496      
                4.31155E-03      -56.5352     
                4.3142E-03       -90.3137     
                4.31685E-03     -121.71       
                4.3195E-03      -124.997      
                4.32215E-03     -123.944      
                4.3248E-03       -84.6991     
                4.32745E-03      -71.9876     
                4.3301E-03       -88.3863     
                4.33275E-03     -104.608      
                4.3354E-03      -120.527      
                4.33805E-03     -128.041      
                4.3407E-03       -70.1789     
                4.34335E-03      -78.7191     
                4.346E-03        -91.9955     
                4.34865E-03     -111.292      
                4.3513E-03      -126.74       
                4.35395E-03      -68.9499     
                4.3566E-03       -75.6272     
                4.35925E-03      -97.3593     
                4.3619E-03      -104.741      
                4.36455E-03     -101.53       
                4.3672E-03       -85.2607     
                4.36985E-03      -75.208      
                4.3725E-03       -80.2885     
                4.37515E-03      -97.8578     
                4.3778E-03      -112.975      
                4.38045E-03      -91.6088     
                4.3831E-03       -85.292      
                4.38575E-03      -95.0707     
                4.3884E-03       -70.9574     
                4.39105E-03     -112.886      
                4.3937E-03      -100.627      
                4.39635E-03      -84.5476     
                4.399E-03        -85.964      
                4.40165E-03      -89.6508     
                4.4043E-03       -92.3641     
                4.40695E-03      -92.9769     
                4.4096E-03      -103.309      
                4.41225E-03      -90.1683     
                4.4149E-03      -113.751      
                4.41755E-03      -77.1318     
                4.4202E-03       -84.3609     
                4.42285E-03      -83.4931     
                4.4255E-03       -91.8118     
                4.42815E-03      -95.2796     
                4.4308E-03       -67.6543     
                4.43345E-03      -72.9153     
                4.4361E-03       -87.5229     
                4.43875E-03      -84.9364     
                4.4414E-03       -91.4899     
                4.44405E-03     -105.309      
                4.4467E-03       -51.0358     
                4.44935E-03      -89.3606     
                4.452E-03        -77.0848     
                4.45465E-03      -85.2279     
                4.4573E-03       -82.8379     
                4.45995E-03      -92.809      
                4.4626E-03       -91.6919     
                4.46525E-03      -62.6929     
                4.4679E-03       -79.8107     
                4.47055E-03      -82.946      
                4.4732E-03       -81.5588     
                4.47585E-03      -88.9995     
                4.4785E-03       -63.154      
                4.48115E-03      -93.186      
                4.4838E-03       -88.6001     
                4.48645E-03      -85.7728     
                4.4891E-03       -80.8877     
                4.49175E-03      -83.333      
                4.4944E-03       -75.6703     
                4.49705E-03      -80.5586     
                4.4997E-03       -79.8893     
                4.50235E-03      -79.4976     
                4.505E-03        -80.5775     
                4.50765E-03      -70.7932     
                4.5103E-03       -80.955      
                4.51295E-03      -51.3998     
                4.5156E-03       -74.1251     
                4.51825E-03      -51.9973     
                4.5209E-03       -72.6108     
                4.52355E-03      -80.306      
                4.5262E-03       -75.966      
                4.52885E-03      -70.4897     
                4.5315E-03       -79.7547     
                4.53415E-03      -63.9483     
                4.5368E-03       -69.038      
                4.53945E-03      -80.8003     
                4.5421E-03       -68.6205     
                4.54475E-03      -83.3135     
                4.5474E-03       -80.2626     
                4.55005E-03      -79.1973     
                4.5527E-03       -76.2695     
                4.55535E-03      -87.238      
                4.558E-03        -80.2022     
                4.56065E-03      -71.0089     
                4.5633E-03       -80.6045     
                4.56595E-03      -72.7133     
                4.5686E-03       -74.5989     
                4.57125E-03      -75.4218     
                4.5739E-03       -75.7788     
                4.57655E-03      -73.6104     
                4.5792E-03       -64.4657     
                4.58185E-03      -71.1653     
                4.5845E-03       -57.4775     
                4.58715E-03      -66.6837     
                4.5898E-03       -69.9742     
                4.59245E-03      -73.1473     
                4.5951E-03       -71.1013     
                4.59775E-03      -63.0209     
                4.6004E-03       -73.7426     
                4.60305E-03      -77.4155     
                4.6057E-03       -69.9863     
                4.60835E-03      -74.6679     
                4.611E-03        -65.6352     
                4.61365E-03      -62.4109     
                4.6163E-03       -73.4088     
                4.61895E-03      -72.3606     
                4.6216E-03       -66.6339     
                4.62425E-03      -65.3583     
                4.6269E-03       -52.1551     
                4.62955E-03      -65.049      
                4.6322E-03       -65.7409     
                4.63485E-03      -66.5167     
                4.6375E-03       -64.9697     
                4.64015E-03      -73.3723     
                4.6428E-03       -69.9957     
                4.64545E-03      -67.4414     
                4.6481E-03       -71.6138     
                4.65075E-03      -66.6042     
                4.6534E-03       -65.0429     
                4.65605E-03      -69.1531     
                4.6587E-03       -54.0869     
                4.66135E-03      -58.599      
                4.664E-03        -63.9876     
                4.66665E-03      -75.6883     
                4.6693E-03       -61.1953     
                4.67195E-03      -62.5697     
                4.6746E-03       -74.6414     
                4.67725E-03      -69.1892     
                4.6799E-03       -75.0571     
                4.68255E-03      -65.9393     
                4.6852E-03       -75.7184     
                4.68785E-03      -65.4047     
                4.6905E-03       -72.8188     
                4.69315E-03      -78.2934     
                4.6958E-03       -71.0298     
                4.69845E-03      -72.7765     
                4.7011E-03       -64.3875     
                4.70375E-03      -74.0896     
                4.7064E-03       -76.9146     
                4.70905E-03      -74.073      
                4.7117E-03       -78.4838     
                4.71435E-03      -67.6873     
                4.717E-03        -58.7653     
                4.71965E-03      -72.2826     
                4.7223E-03       -70.3101     
                4.72495E-03      -31.0688     
                4.7276E-03       -53.7266     
                4.73025E-03      -32.9545     
                4.7329E-03       -52.0871     
                4.73555E-03      -57.5094     
                4.7382E-03       -76.0376     
                4.74085E-03      -78.1319     
                4.7435E-03       -57.1728     
                4.74615E-03      -76.7872     
                4.7488E-03       -75.9322     
                4.75145E-03      -64.9387     
                4.7541E-03       -75.6223     
                4.75675E-03      -74.6638     
                4.7594E-03       -60.8489     
                4.76205E-03      -66.1292     
                4.7647E-03       -63.2872     
                4.76735E-03      -64.522      
                4.77E-03         -67.7904     
                4.77265E-03      -64.5587     
                4.7753E-03       -65.4252     
                4.77795E-03      -63.9159     
                4.7806E-03       -45.7988     
                4.78325E-03      -69.4166     
                4.7859E-03       -47.9537     
                4.78855E-03      -53.6156     
                4.7912E-03       -62.7217     
                4.79385E-03      -58.943      
                4.7965E-03       -61.3174     
                4.79915E-03      -62.8371     
                4.8018E-03       -62.563      
                4.80445E-03      -62.9069     
                4.8071E-03       -62.5607     
                4.80975E-03      -64.4135     
                4.8124E-03       -57.7783     
                4.81505E-03      -58.0638     
                4.8177E-03       -57.9556     
                4.82035E-03      -62.7475     
                4.823E-03        -60.9041     
                4.82565E-03      -58.7987     
                4.8283E-03       -57.7199     
                4.83095E-03      -60.5776     
                4.8336E-03       -54.2014     
                4.83625E-03      -59.4333     
                4.8389E-03       -56.4369     
                4.84155E-03      -51.6775     
                4.8442E-03       -33.7113     
                4.84685E-03      -33.336      
                4.8495E-03       -34.9094     
                4.85215E-03      -41.2737     
                4.8548E-03       -45.261      
                4.85745E-03      -38.7454     
                4.8601E-03       -41.3024     
                4.86275E-03      -42.7054     
                4.8654E-03       -48.9722     
                4.86805E-03      -50.1536     
                4.8707E-03       -51.9088     
                4.87335E-03      -34.6892     
                4.876E-03        -45.9016     
                4.87865E-03      -44.8325     
                4.8813E-03       -46.1104     
                4.88395E-03      -45.5754     
                4.8866E-03       -48.5711     
                4.88925E-03      -44.8501     
                4.8919E-03       -44.2764     
                4.89455E-03      -44.1959     
                4.8972E-03       -45.2127     
                4.89985E-03      -28.8202     
                4.9025E-03       -41.2307     
                4.90515E-03      -40.1473     
                4.9078E-03       -40.8593     
                4.91045E-03      -38.0889     
                4.9131E-03       -40.9585     
                4.91575E-03      -38.3812     
                4.9184E-03       -36.4845     
                4.92105E-03      -36.3501     
                4.9237E-03       -39.2763     
                4.92635E-03      -39.7964     
                4.929E-03        -38.0352     
                4.93165E-03      -36.4589     
                4.9343E-03       -38.3475     
                4.93695E-03      -34.4386     
                4.9396E-03       -36.4365     
                4.94225E-03      -32.7524     
                4.9449E-03       -33.1461     
                4.94755E-03      -37.122      
                4.9502E-03       -35.5614     
                4.95285E-03      -32.6169     
                4.9555E-03       -36.4372     
                4.95815E-03      -18.5775     
                4.9608E-03       -27.9951     
                4.96345E-03      -19.7142     
                4.9661E-03       -26.9661     
                4.96875E-03      -32.4022     
                4.9714E-03       -38.7249     
                4.97405E-03      -29.2248     
                4.9767E-03       -26.788      
                4.97935E-03      -40.0847     
                4.982E-03        -36.6753     
                4.98465E-03      -34.8632     
                4.9873E-03       -18.4958     
                4.98995E-03      -27.3365     
                4.9926E-03       -22.2113     
                4.99525E-03      -31.3095     
                4.9979E-03       -30.9718     
                5.00055E-03      -33.7914     
                5.0032E-03       -30.0416     
                5.00585E-03      -24.7891     
                5.0085E-03       -33.3409     
                5.01115E-03      -29.5029     
                5.0138E-03       -26.9481     
                5.01645E-03      -32.1926     
                5.0191E-03       -26.3036     
                5.02175E-03      -27.1997     
                5.0244E-03       -33.4884     
                5.02705E-03      -27.2096     
                5.0297E-03       -29.3949     
                5.03235E-03      -31.4074     
                5.035E-03        -28.8478     
                5.03765E-03      -35.4504     
                5.0403E-03       -33.1635     
                5.04295E-03      -37.4243     
                5.0456E-03       -26.0508     
                5.04825E-03      -24.3048     
                5.0509E-03       -29.3213     
                5.05355E-03      -22.3494     
                5.0562E-03       -36.6465     
                5.05885E-03      -25.9233     
                5.0615E-03       -22.4862     
                5.06415E-03      -33.9658     
                5.0668E-03       -34.8466     
                5.06945E-03      -26.8468     
                5.0721E-03       -30.228      
                5.07475E-03      -30.1083     
                5.0774E-03       -29.9696     
                5.08005E-03      -23.5625     
                5.0827E-03       -16.1816     
                5.08535E-03      -24.1778     
                5.088E-03        -32.7653     
                5.09065E-03      -29.6897     
                5.0933E-03       -26.2999     
                5.09595E-03      -34.1659     
                5.0986E-03       -32.5252     
                5.10125E-03      -27.5026     
                5.1039E-03       -28.5984     
                5.10655E-03      -30.8849     
                5.1092E-03       -26.4232     
                5.11185E-03      -30.9499     
                5.1145E-03       -28.7694     
                5.11715E-03      -14.7989     
                5.1198E-03       -37.5621     
                5.12245E-03       -9.44721    
                5.1251E-03       -13.368      
                5.12775E-03      -13.3116     
                5.1304E-03        -4.75009    
                5.13305E-03      -20.4223     
                5.1357E-03        -6.24146    
                5.13835E-03        5.4144     
                5.141E-03        -24.9174     
                5.14365E-03      -17.1045     
                5.1463E-03        -6.30744    
                5.14895E-03      -25.2844     
                5.1516E-03       -23.0079     
                5.15425E-03      -17.137      
                5.1569E-03       -12.116      
                5.15955E-03      -15.3529     
                5.1622E-03       -11.2622     
                5.16485E-03      -44.9052     
                5.1675E-03       -14.8094     
                5.17015E-03       11.6162     
                5.1728E-03        -6.54262    
                5.17545E-03      -13.5511     
                5.1781E-03       -15.4042     
                5.18075E-03       -5.99294    
                5.1834E-03       -16.377      
                5.18605E-03      -18.2227     
                5.1887E-03       -11.6529     
                5.19135E-03       -1.23908    
                5.194E-03        -24.8836     
                5.19665E-03      -16.2028     
                5.1993E-03       -20.417      
                5.20195E-03      -17.9802     
                5.2046E-03       -37.1171     
                5.20725E-03      -24.2296     
                5.2099E-03       -13.4553     
                5.21255E-03      -28.664      
                5.2152E-03       -37.7472     
                5.21785E-03      -24.1538     
                5.2205E-03       -15.8004     
                5.22315E-03      -27.1674     
                5.2258E-03       -30.7772     
                5.22845E-03      -28.7355     
                5.2311E-03       -26.2463     
                5.23375E-03      -43.4193     
                5.2364E-03       -37.7635     
                5.23905E-03      -21.9351     
                5.2417E-03       -29.2667     
                5.24435E-03      -17.6228     
                5.247E-03        -34.2592     
                5.24965E-03      -28.9186     
                5.2523E-03        -5.25735    
                5.25495E-03      -21.1808     
                5.2576E-03       -22.5615     
                5.26025E-03      -12.0838     
                5.2629E-03       -28.8988     
                5.26555E-03      -31.7641     
                5.2682E-03        -8.55029    
                5.27085E-03      -23.0096     
                5.2735E-03       -21.6849     
                5.27615E-03      -16.2237     
                5.2788E-03       -20.3481     
                5.28145E-03      -25.1478     
                5.2841E-03       -21.1233     
                5.28675E-03      -19.2344     
                5.2894E-03       -27.6006     
                5.29205E-03      -19.8154     
                5.2947E-03       -26.6067     
                5.29735E-03      -23.302      
                5.3E-03          -22.2023     




