
                  X               _temp_4     

                0.                 0.         
                5.00014E-06       38.7725     
               10.0006E-06        37.1587     
               15.0002E-06         2.85894    
               20.0008E-06       -44.5705     
               25.0005E-06       -58.518      
               30.0001E-06       -38.0365     
               35.001E-06        -30.162      
               40.0006E-06       -35.0784     
               45.0002E-06       -57.8231     
               50.0011E-06       -67.6265     
               55.0007E-06       -66.6185     
               60.0004E-06       -56.8676     
               65.0002E-06       -54.7326     
               70.0005E-06       -54.7455     
               75.0009E-06       -63.1761     
               80.0012E-06       -69.0724     
               85.0003E-06       -72.4701     
               90.0006E-06       -70.0167     
               95.001E-06        -75.0639     
              100.E-06           -77.0728     
              105.E-06           -81.7632     
              110.001E-06        -85.5171     
              115.001E-06        -87.4468     
              120.E-06           -88.8556     
              125.001E-06        -87.2747     
              130.001E-06        -88.6626     
              135.001E-06        -91.3582     
              140.E-06           -93.6814     
              145.001E-06        -95.7333     
              150.001E-06        -96.7415     
              155.E-06           -97.1487     
              160.E-06           -96.6273     
              165.001E-06        -98.5647     
              170.001E-06        -98.9424     
              175.E-06          -100.64       
              180.001E-06       -101.399      
              185.001E-06       -102.408      
              190.001E-06       -102.651      
              195.E-06          -106.781      
              200.001E-06       -109.39       
              205.001E-06       -111.188      
              210.E-06          -111.333      
              215.E-06          -113.562      
              220.001E-06       -114.212      
              225.001E-06       -116.197      
              230.E-06          -116.651      
              235.001E-06       -118.838      
              240.001E-06       -121.092      
              245.001E-06       -123.793      
              250.E-06          -126.906      
              255.001E-06       -130.876      
              260.E-06          -134.721      
              265.001E-06       -138.76       
              270.E-06          -136.844      
              275.001E-06       -140.526      
              280.E-06          -149.369      
              285.001E-06       -151.59       
              290.001E-06       -157.984      
              295.E-06          -166.282      
              300.001E-06       -171.095      
              305.E-06          -175.507      
              310.001E-06       -143.369      
              315.E-06          -138.72       
              320.001E-06       -154.899      
              325.E-06          -160.325      
              330.001E-06       -174.282      
              335.001E-06        -86.9291     
              340.E-06          -113.486      
              345.001E-06       -108.259      
              350.E-06          -106.689      
              355.001E-06       -114.916      
              360.E-06          -114.603      
              365.001E-06       -123.377      
              370.E-06          -137.904      
              375.001E-06       -147.72       
              380.001E-06       -153.875      
              385.E-06          -157.507      
              390.001E-06       -160.42       
              395.E-06           -83.753      
              400.001E-06        -95.6105     
              405.E-06          -105.595      
              410.001E-06        -86.5022     
              415.E-06           -89.9532     
              420.001E-06       -111.573      
              425.001E-06       -121.979      
              430.E-06           -37.2311     
              435.001E-06        -79.7309     
              440.E-06           -96.6149     
              445.001E-06       -115.163      
              450.E-06          -128.839      
              455.001E-06       -138.812      
              460.E-06          -148.177      
              465.001E-06       -146.722      
              470.001E-06       -151.817      
              475.E-06          -152.543      
              480.001E-06       -152.035      
              485.E-06          -156.995      
              490.001E-06        -58.5862     
              495.E-06           -68.1505     
              500.001E-06        -94.0042     
              505.E-06          -113.872      
              510.001E-06       -129.802      
              515.E-06          -118.868      
              520.001E-06        -76.7713     
              525.001E-06        -65.7221     
              530.E-06           -87.2658     
              535.001E-06       -109.294      
              540.E-06           -98.8314     
              545.001E-06       -104.523      
              550.E-06           -77.8103     
              555.001E-06       -103.149      
              560.E-06          -125.885      
              565.001E-06       -136.166      
              570.001E-06       -146.787      
              575.E-06          -119.852      
              580.001E-06       -146.128      
              585.E-06          -161.838      
              590.001E-06       -109.799      
              595.E-06          -126.757      
              600.001E-06       -137.321      
              605.E-06          -106.852      
              610.001E-06       -115.654      
              615.001E-06       -136.191      
              620.E-06          -119.432      
              625.001E-06       -116.497      
              630.E-06          -121.255      
              635.001E-06       -135.873      
              640.E-06           -96.0506     
              645.001E-06       -123.599      
              650.E-06          -139.714      
              655.001E-06       -153.023      
              660.001E-06       -106.633      
              665.E-06          -110.084      
              670.001E-06       -121.994      
              675.E-06          -138.506      
              680.001E-06        -94.9119     
              685.E-06          -109.022      
              690.001E-06       -119.479      
              695.E-06           -94.1546     
              700.001E-06       -101.179      
              705.001E-06       -107.703      
              710.E-06          -118.378      
              715.001E-06       -136.493      
              720.E-06           -98.1527     
              725.001E-06       -116.614      
              730.E-06          -125.079      
              735.001E-06       -136.237      
              740.E-06          -100.401      
              745.001E-06       -112.016      
              750.001E-06       -126.387      
              755.E-06          -135.186      
              760.001E-06       -143.936      
              765.E-06          -121.995      
              770.001E-06       -131.568      
              775.E-06          -137.937      
              780.001E-06       -101.605      
              785.E-06          -116.305      
              790.001E-06       -126.001      
              795.001E-06       -134.72       
              800.E-06          -143.683      
              805.001E-06       -108.167      
              810.E-06          -120.44       
              815.001E-06       -133.696      
              820.E-06          -141.734      
              825.001E-06       -148.925      
              830.E-06          -156.27       
              835.001E-06       -121.476      
              840.001E-06       -135.359      
              845.E-06          -144.76       
              850.001E-06       -151.036      
              855.E-06          -123.216      
              860.001E-06       -127.287      
              865.E-06          -139.164      
              870.001E-06       -148.793      
              875.E-06          -156.899      
              880.001E-06       -113.762      
              885.001E-06       -131.647      
              890.E-06          -144.726      
              895.001E-06       -155.046      
              900.E-06          -163.098      
              905.001E-06       -131.752      
              910.E-06          -155.464      
              915.001E-06       -162.114      
              920.E-06          -168.202      
              925.001E-06       -170.65       
              930.001E-06       -116.638      
              935.E-06          -156.341      
              940.001E-06       -164.772      
              945.E-06          -169.403      
              950.001E-06       -174.17       
              955.E-06          -131.243      
              960.001E-06       -149.303      
              965.E-06          -157.7        
              970.001E-06       -126.114      
              975.001E-06       -138.53       
              980.E-06          -151.469      
              985.E-06          -156.721      
              990.001E-06       -161.348      
              995.001E-06       -117.         
                1.E-03          -134.495      
                1.005E-03       -147.537      
                1.01E-03        -157.664      
                1.015E-03       -163.55       
                1.02E-03        -172.051      
                1.025E-03       -150.022      
                1.03E-03        -159.13       
                1.035E-03       -163.523      
                1.04E-03        -164.861      
                1.045E-03       -163.146      
                1.05E-03        -164.239      
                1.055E-03       -166.28       
                1.06E-03        -167.116      
                1.065E-03       -157.762      
                1.07E-03        -162.598      
                1.075E-03       -167.727      
                1.08E-03        -171.494      
                1.085E-03       -174.177      
                1.09E-03        -129.205      
                1.095E-03       -127.968      
                1.1E-03         -147.28       
                1.105E-03       -160.319      
                1.11E-03        -163.264      
                1.115E-03       -111.252      
                1.12E-03         -72.2043     
                1.125E-03       -121.343      
                1.13E-03        -128.899      
                1.135E-03       -145.952      
                1.14E-03        -165.724      
                1.145E-03       -169.36       
                1.15E-03        -131.         
                1.155E-03       -156.936      
                1.16E-03        -169.361      
                1.165E-03       -178.071      
                1.17E-03        -180.096      
                1.175E-03       -184.854      
                1.18E-03        -148.712      
                1.185E-03       -112.005      
                1.19E-03        -125.902      
                1.195E-03       -155.94       
                1.2E-03         -161.255      
                1.205E-03       -117.544      
                1.21E-03        -112.941      
                1.215E-03       -124.565      
                1.22E-03        -149.816      
                1.225E-03       -161.821      
                1.23E-03        -121.68       
                1.235E-03       -161.836      
                1.24E-03        -169.161      
                1.245E-03       -178.219      
                1.25E-03        -138.382      
                1.255E-03       -149.919      
                1.26E-03        -162.047      
                1.265E-03       -165.169      
                1.27E-03        -134.607      
                1.275E-03       -158.512      
                1.28E-03        -156.638      
                1.285E-03       -108.862      
                1.29E-03        -129.451      
                1.295E-03       -134.077      
                1.3E-03         -156.716      
                1.305E-03       -144.933      
                1.31E-03        -166.926      
                1.315E-03       -171.658      
                1.32E-03        -179.194      
                1.325E-03       -149.702      
                1.33E-03        -170.638      
                1.335E-03       -181.929      
                1.34E-03        -134.051      
                1.345E-03       -134.615      
                1.35E-03        -162.026      
                1.355E-03       -177.007      
                1.36E-03        -184.508      
                1.365E-03       -194.882      
                1.37E-03        -197.994      
                1.375E-03       -198.23       
                1.38E-03        -204.3        
                1.385E-03       -208.426      
                1.39E-03        -212.194      
                1.395E-03       -212.232      
                1.4E-03         -215.529      
                1.405E-03       -218.294      
                1.41E-03        -215.922      
                1.415E-03       -219.043      
                1.42E-03         -86.03       
                1.425E-03        -76.3541     
                1.43E-03        -116.214      
                1.435E-03       -140.81       
                1.44E-03        -147.521      
                1.445E-03       -113.638      
                1.45E-03        -128.883      
                1.455E-03       -159.6        
                1.46E-03        -184.675      
                1.465E-03       -137.548      
                1.47E-03        -160.777      
                1.475E-03       -200.276      
                1.48E-03        -225.984      
                1.485E-03       -230.224      
                1.49E-03        -143.274      
                1.495E-03       -175.702      
                1.5E-03         -199.404      
                1.505E-03       -211.693      
                1.51E-03        -129.402      
                1.515E-03       -175.713      
                1.52E-03        -201.458      
                1.525E-03       -219.855      
                1.53E-03        -225.782      
                1.535E-03       -131.819      
                1.54E-03        -167.373      
                1.545E-03       -193.16       
                1.55E-03        -208.069      
                1.555E-03       -216.175      
                1.56E-03        -221.147      
                1.565E-03       -227.992      
                1.57E-03        -154.267      
                1.575E-03       -182.719      
                1.58E-03        -208.364      
                1.585E-03       -225.967      
                1.59E-03        -226.694      
                1.595E-03       -230.761      
                1.6E-03         -236.25       
                1.605E-03       -142.505      
                1.61E-03        -173.864      
                1.615E-03       -206.446      
                1.62E-03        -223.305      
                1.625E-03       -232.097      
                1.63E-03        -238.266      
                1.635E-03       -242.956      
                1.64E-03        -168.724      
                1.645E-03       -197.607      
                1.65E-03        -214.63       
                1.655E-03       -230.317      
                1.66E-03        -233.924      
                1.665E-03       -240.76       
                1.67E-03        -241.786      
                1.675E-03       -248.05       
                1.68E-03         -21.1777     
                1.685E-03        -86.2006     
                1.69E-03         -54.6659     
                1.695E-03        -78.5617     
                1.7E-03          -93.8101     
                1.705E-03       -102.586      
                1.71E-03        -112.687      
                1.715E-03        -77.8798     
                1.72E-03         -70.1873     
                1.725E-03        -72.2696     
                1.73E-03         -68.2276     
                1.735E-03        -83.8591     
                1.74E-03         -74.5364     
                1.745E-03        -98.1556     
                1.75E-03        -103.725      
                1.755E-03        -90.6923     
                1.76E-03        -105.408      
                1.765E-03        -80.5596     
                1.77E-03         -85.9831     
                1.775E-03       -105.702      
                1.78E-03         -82.8126     
                1.785E-03        -88.1626     
                1.79E-03         -95.5845     
                1.795E-03       -104.281      
                1.8E-03         -132.723      
                1.805E-03       -148.119      
                1.81E-03        -169.445      
                1.815E-03       -183.645      
                1.82E-03        -116.117      
                1.825E-03       -151.982      
                1.83E-03        -167.293      
                1.835E-03       -151.922      
                1.84E-03        -104.139      
                1.845E-03       -105.101      
                1.85E-03         -98.8429     
                1.855E-03       -134.503      
                1.86E-03        -147.271      
                1.865E-03       -112.066      
                1.87E-03        -108.208      
                1.875E-03       -108.189      
                1.88E-03        -131.258      
                1.885E-03       -124.724      
                1.89E-03        -132.483      
                1.895E-03       -132.322      
                1.9E-03          -91.0006     
                1.905E-03       -124.809      
                1.91E-03         -89.4716     
                1.915E-03        -87.2081     
                1.92E-03        -113.644      
                1.925E-03       -125.633      
                1.93E-03         -24.0844     
                1.935E-03        -76.8564     
                1.94E-03         -93.1963     
                1.945E-03       -107.464      
                1.95E-03        -111.536      
                1.955E-03        -50.7966     
                1.96E-03         -70.1313     
                1.965E-03       -103.58       
                1.97E-03        -120.971      
                1.975E-03       -122.653      
                1.98E-03        -113.59       
                1.985E-03       -125.583      
                1.99E-03        -105.55       
                1.995E-03       -138.672      
                2.E-03          -110.083      
                2.005E-03        -49.8881     
                2.01E-03         -34.7663     
                2.015E-03        -31.8595     
                2.02E-03         -55.0045     
                2.025E-03        -46.1261     
                2.03E-03         -66.5065     
                2.035E-03        -29.5487     
                2.04E-03         -48.1561     
                2.045E-03        -55.7876     
                2.05E-03         -63.6752     
                2.055E-03        -50.133      
                2.06E-03         -31.5104     
                2.065E-03        -55.5989     
                2.07E-03         -55.4008     
                2.075E-03        -64.8269     
                2.08E-03         -40.6986     
                2.085E-03        -81.804      
                2.09E-03         -44.9443     
                2.095E-03        -69.1057     
                2.1E-03          -88.8731     
                2.105E-03        -77.3296     
                2.11E-03         -41.8329     
                2.115E-03        -83.9299     
                2.12E-03        -107.107      
                2.125E-03       -101.813      
                2.13E-03         -98.11       
                2.135E-03        -99.3797     
                2.14E-03         -64.5923     
                2.145E-03        -76.3998     
                2.15E-03         -97.0922     
                2.155E-03       -102.858      
                2.16E-03         -98.256      
                2.165E-03        -82.3984     
                2.17E-03         -97.1394     
                2.175E-03       -104.595      
                2.18E-03         -43.2405     
                2.185E-03        -74.2942     
                2.19E-03         -75.9881     
                2.195E-03        -92.8837     
                2.2E-03          -89.4548     
                2.205E-03       -106.979      
                2.21E-03         -41.3257     
                2.215E-03        -84.2214     
                2.22E-03         -95.0651     
                2.225E-03        -96.749      
                2.23E-03        -112.912      
                2.235E-03        -25.1174     
                2.24E-03         -15.1109     
                2.245E-03        -16.5305     
                2.25E-03         -36.0679     
                2.255E-03        -33.8241     
                2.26E-03         -45.224      
                2.265E-03        -82.9826     
                2.27E-03         -95.5799     
                2.275E-03       -100.069      
                2.28E-03        -111.355      
                2.285E-03       -126.94       
                2.29E-03        -131.422      
                2.295E-03       -104.924      
                2.3E-03         -126.677      
                2.305E-03       -145.406      
                2.31E-03        -111.573      
                2.315E-03       -133.067      
                2.32E-03        -135.37       
                2.325E-03       -130.219      
                2.33E-03        -134.525      
                2.335E-03       -145.086      
                2.34E-03        -150.469      
                2.345E-03       -129.157      
                2.35E-03         -86.3646     
                2.355E-03       -102.678      
                2.36E-03        -131.822      
                2.365E-03       -143.102      
                2.37E-03        -116.1        
                2.375E-03       -130.852      
                2.38E-03        -147.435      
                2.385E-03       -123.131      
                2.39E-03        -127.828      
                2.395E-03       -143.96       
                2.4E-03         -152.899      
                2.405E-03       -111.873      
                2.41E-03        -141.079      
                2.415E-03       -154.053      
                2.42E-03        -134.751      
                2.425E-03       -127.747      
                2.43E-03        -144.501      
                2.435E-03       -113.532      
                2.44E-03        -111.382      
                2.445E-03       -139.81       
                2.45E-03        -155.037      
                2.455E-03       -115.41       
                2.46E-03        -138.454      
                2.465E-03       -136.739      
                2.47E-03        -153.758      
                2.475E-03       -102.159      
                2.48E-03         -95.0663     
                2.485E-03       -102.699      
                2.49E-03        -126.979      
                2.495E-03        -90.4784     
                2.5E-03         -117.622      
                2.505E-03       -134.613      
                2.51E-03        -140.209      
                2.515E-03       -124.175      
                2.52E-03        -113.735      
                2.525E-03       -111.819      
                2.53E-03        -137.639      
                2.535E-03       -157.078      
                2.54E-03         -66.992      
                2.545E-03        -37.5238     
                2.55E-03         -74.4476     
                2.555E-03        -51.948      
                2.56E-03         -74.8495     
                2.565E-03       -108.773      
                2.57E-03        -130.477      
                2.575E-03       -149.621      
                2.58E-03        -154.549      
                2.585E-03       -114.289      
                2.59E-03        -130.172      
                2.595E-03       -128.88       
                2.6E-03          -95.1663     
                2.605E-03       -111.763      
                2.61E-03         -93.142      
                2.615E-03        -52.0426     
                2.62E-03         -80.3784     
                2.625E-03        -94.5414     
                2.63E-03         -61.9903     
                2.635E-03       -104.378      
                2.64E-03        -103.887      
                2.645E-03       -124.334      
                2.65E-03         -88.6351     
                2.655E-03       -112.115      
                2.66E-03        -125.355      
                2.665E-03       -140.08       
                2.67E-03         -90.6877     
                2.675E-03       -105.606      
                2.68E-03        -121.936      
                2.685E-03        -93.7098     
                2.69E-03         -22.0313     
                2.695E-03        -61.9488     
                2.7E-03          -91.2216     
                2.705E-03       -124.707      
                2.71E-03        -142.429      
                2.715E-03        -47.7128     
                2.72E-03         -75.0916     
                2.725E-03        -73.4061     
                2.73E-03         -89.6871     
                2.735E-03        -67.8953     
                2.74E-03        -193.611      
                2.745E-03       -114.717      
                2.75E-03        -132.691      
                2.755E-03       -158.075      
                2.76E-03        -111.473      
                2.765E-03       -125.766      
                2.77E-03        -144.556      
                2.775E-03        -95.5892     
                2.78E-03        -118.813      
                2.785E-03        -85.0863     
                2.79E-03        -114.684      
                2.795E-03       -137.71       
                2.8E-03         -148.162      
                2.805E-03       -120.378      
                2.81E-03        -127.903      
                2.815E-03       -144.548      
                2.82E-03         -89.1781     
                2.825E-03       -107.723      
                2.83E-03        -119.783      
                2.835E-03       -102.566      
                2.84E-03        -120.436      
                2.845E-03       -130.491      
                2.85E-03        -146.298      
                2.855E-03       -151.023      
                2.86E-03        -144.345      
                2.865E-03        -98.1992     
                2.87E-03        -125.767      
                2.875E-03       -133.344      
                2.88E-03        -147.093      
                2.885E-03       -107.551      
                2.89E-03        -119.185      
                2.895E-03       -126.998      
                2.9E-03         -115.269      
                2.905E-03       -140.166      
                2.91E-03        -150.182      
                2.915E-03       -145.934      
                2.92E-03         -60.6481     
                2.925E-03       -109.109      
                2.93E-03        -135.701      
                2.935E-03        -97.2832     
                2.94E-03        -128.351      
                2.945E-03        -95.5672     
                2.95E-03        -118.105      
                2.955E-03       -116.985      
                2.96E-03        -131.966      
                2.965E-03       -139.482      
                2.97E-03        -139.908      
                2.975E-03       -148.42       
                2.98E-03        -127.328      
                2.985E-03       -146.23       
                2.99E-03        -127.917      
                2.995E-03       -147.283      
                3.E-03          -157.808      
                3.005E-03       -171.709      
                3.01E-03         -65.5857     
                3.015E-03        -61.5378     
                3.02E-03        -100.379      
                3.025E-03       -113.204      
                3.03E-03        -121.049      
                3.035E-03        -95.6995     
                3.04E-03        -131.126      
                3.045E-03       -134.333      
                3.05E-03        -148.716      
                3.055E-03        -89.2775     
                3.06E-03         -81.5869     
                3.065E-03       -118.662      
                3.07E-03        -134.916      
                3.075E-03       -147.338      
                3.08E-03        -154.696      
                3.085E-03       -124.071      
                3.09E-03        -135.012      
                3.095E-03       -132.952      
                3.1E-03         -152.692      
                3.105E-03       -141.917      
                3.11E-03        -152.796      
                3.115E-03       -136.245      
                3.12E-03        -151.05       
                3.125E-03       -138.03       
                3.13E-03        -146.542      
                3.135E-03       -155.701      
                3.14E-03        -165.111      
                3.145E-03       -104.348      
                3.15E-03        -125.118      
                3.155E-03       -139.299      
                3.16E-03        -154.188      
                3.165E-03       -132.936      
                3.17E-03         -97.2099     
                3.175E-03        -98.7904     
                3.18E-03        -121.763      
                3.185E-03       -101.563      
                3.19E-03        -126.881      
                3.195E-03       -133.592      
                3.2E-03         -135.153      
                3.205E-03       -144.018      
                3.21E-03        -105.662      
                3.215E-03       -100.999      
                3.22E-03        -125.224      
                3.225E-03       -111.157      
                3.23E-03        -126.942      
                3.235E-03       -141.208      
                3.24E-03         -77.0683     
                3.245E-03       -109.72       
                3.25E-03        -133.89       
                3.255E-03       -131.815      
                3.26E-03        -139.473      
                3.265E-03       -146.401      
                3.27E-03        -155.147      
                3.275E-03       -124.229      
                3.28E-03        -133.444      
                3.285E-03       -136.874      
                3.29E-03        -110.414      
                3.295E-03       -116.546      
                3.3E-03         -129.124      
                3.305E-03       -137.338      
                3.31E-03         -95.5876     
                3.315E-03       -113.46       
                3.32E-03        -124.641      
                3.325E-03       -115.102      
                3.33E-03        -106.075      
                3.335E-03       -121.971      
                3.34E-03        -138.394      
                3.345E-03       -123.717      
                3.35E-03        -104.178      
                3.355E-03       -111.85       
                3.36E-03         -91.8971     
                3.365E-03        -70.4502     
                3.37E-03         -58.3721     
                3.375E-03        -71.92       
                3.38E-03         -83.4615     
                3.385E-03        -79.3        
                3.39E-03         -93.0961     
                3.395E-03        -83.0348     
                3.4E-03          -86.4566     
                3.405E-03        -70.9601     
                3.41E-03         -94.8993     
                3.415E-03        -74.8688     
                3.42E-03         -83.2229     
                3.425E-03       -106.637      
                3.43E-03        -119.574      
                3.435E-03        -78.1771     
                3.44E-03         -86.6535     
                3.445E-03       -117.956      
                3.45E-03         -61.06       
                3.455E-03        -73.8197     
                3.46E-03        -104.149      
                3.465E-03       -105.234      
                3.47E-03        -129.274      
                3.475E-03        -59.8632     
                3.48E-03         -80.7021     
                3.485E-03       -107.952      
                3.49E-03        -121.783      
                3.495E-03       -125.022      
                3.5E-03         -143.244      
                3.505E-03       -132.654      
                3.51E-03         -81.5117     
                3.515E-03       -102.414      
                3.52E-03        -123.096      
                3.525E-03       -124.272      
                3.53E-03        -134.992      
                3.535E-03       -137.327      
                3.54E-03        -140.751      
                3.545E-03        -78.6004     
                3.55E-03         -61.7361     
                3.555E-03       -104.524      
                3.56E-03        -128.358      
                3.565E-03       -139.2        
                3.57E-03        -149.857      
                3.575E-03       -169.168      
                3.58E-03         -59.1984     
                3.585E-03        -77.1386     
                3.59E-03         -97.8074     
                3.595E-03       -116.498      
                3.6E-03         -130.951      
                3.605E-03       -137.091      
                3.61E-03        -139.143      
                3.615E-03        -71.2491     
                3.62E-03        -101.594      
                3.625E-03       -127.134      
                3.63E-03        -130.277      
                3.635E-03       -141.179      
                3.64E-03        -114.029      
                3.645E-03        -60.4542     
                3.65E-03         -85.8391     
                3.655E-03       -128.884      
                3.66E-03        -126.601      
                3.665E-03       -142.471      
                3.67E-03        -137.314      
                3.675E-03        -88.8002     
                3.68E-03        -108.428      
                3.685E-03       -117.644      
                3.69E-03        -134.042      
                3.695E-03       -151.203      
                3.7E-03         -110.793      
                3.705E-03        -79.3888     
                3.71E-03         -99.5847     
                3.715E-03       -119.603      
                3.72E-03        -134.201      
                3.725E-03       -144.019      
                3.73E-03        -148.21       
                3.735E-03       -149.969      
                3.74E-03        -108.044      
                3.745E-03        -91.954      
                3.75E-03        -126.152      
                3.755E-03       -140.416      
                3.76E-03        -140.931      
                3.765E-03       -151.68       
                3.77E-03        -101.198      
                3.775E-03       -105.408      
                3.78E-03        -130.435      
                3.785E-03       -147.905      
                3.79E-03        -144.67       
                3.795E-03       -157.337      
                3.8E-03          -80.6736     
                3.805E-03        -99.1543     
                3.81E-03        -107.879      
                3.815E-03       -130.233      
                3.82E-03        -143.559      
                3.825E-03       -137.087      
                3.83E-03        -111.53       
                3.835E-03        -67.7439     
                3.84E-03        -101.501      
                3.845E-03       -115.211      
                3.85E-03        -135.         
                3.855E-03       -141.816      
                3.86E-03        -140.218      
                3.865E-03        -70.3972     
                3.87E-03         -93.2893     
                3.875E-03       -109.393      
                3.88E-03        -107.724      
                3.885E-03       -132.978      
                3.89E-03         -74.6174     
                3.895E-03        -80.6589     
                3.9E-03          -96.2469     
                3.905E-03       -128.911      
                3.91E-03        -113.667      
                3.915E-03       -126.254      
                3.92E-03        -119.606      
                3.925E-03        -73.9711     
                3.93E-03         -90.2852     
                3.935E-03       -110.086      
                3.94E-03        -122.498      
                3.945E-03       -141.018      
                3.95E-03        -147.843      
                3.955E-03       -150.812      
                3.96E-03        -149.965      
                3.965E-03        -62.0118     
                3.97E-03         -74.8971     
                3.975E-03       -102.666      
                3.98E-03        -114.107      
                3.985E-03       -132.329      
                3.99E-03        -134.761      
                3.995E-03       -144.598      
                4.E-03          -145.653      
                4.005E-03       -102.217      
                4.01E-03        -109.211      
                4.015E-03       -120.529      
                4.02E-03        -131.397      
                4.025E-03       -147.936      
                4.03E-03        -138.002      
                4.035E-03       -135.151      
                4.04E-03         -83.7459     
                4.045E-03        -71.7483     
                4.05E-03        -105.387      
                4.055E-03       -119.827      
                4.06E-03        -131.648      
                4.065E-03       -131.705      
                4.07E-03        -143.264      
                4.075E-03       -126.508      
                4.08E-03         -78.675      
                4.085E-03       -103.074      
                4.09E-03        -117.058      
                4.095E-03       -130.606      
                4.1E-03         -134.408      
                4.105E-03       -145.204      
                4.11E-03        -137.357      
                4.115E-03       -147.969      
                4.12E-03         -97.1723     
                4.125E-03        -74.9965     
                4.13E-03        -100.445      
                4.135E-03       -109.907      
                4.14E-03        -113.28       
                4.145E-03       -119.569      
                4.15E-03        -132.029      
                4.155E-03       -129.328      
                4.16E-03         -62.466      
                4.165E-03        -52.6514     
                4.17E-03         -74.1578     
                4.175E-03        -94.4831     
                4.18E-03        -125.056      
                4.185E-03       -131.637      
                4.19E-03        -147.219      
                4.195E-03       -152.056      
                4.2E-03         -155.303      
                4.205E-03        -59.1767     
                4.21E-03         -61.3955     
                4.215E-03        -87.694      
                4.22E-03         -96.0921     
                4.225E-03       -118.628      
                4.23E-03        -122.466      
                4.235E-03       -141.064      
                4.24E-03        -131.711      
                4.245E-03       -112.539      
                4.25E-03         -56.77       
                4.255E-03        -77.2775     
                4.26E-03         -97.1951     
                4.265E-03       -117.697      
                4.27E-03        -121.58       
                4.275E-03       -107.404      
                4.28E-03        -117.123      
                4.285E-03       -139.102      
                4.29E-03        -142.501      
                4.295E-03        -73.5479     
                4.3E-03          -78.5401     
                4.305E-03        -94.6218     
                4.31E-03        -109.886      
                4.315E-03        -99.7441     
                4.32E-03        -123.333      
                4.325E-03       -133.129      
                4.33E-03        -142.764      
                4.335E-03        -87.1624     
                4.34E-03         -75.1708     
                4.345E-03        -86.6038     
                4.35E-03        -118.516      
                4.355E-03       -128.041      
                4.36E-03        -128.934      
                4.365E-03       -138.382      
                4.37E-03         -59.1055     
                4.375E-03        -65.3375     
                4.38E-03         -91.3024     
                4.385E-03       -115.5        
                4.39E-03        -133.68       
                4.395E-03       -145.864      
                4.4E-03          -48.4267     
                4.405E-03        -84.9362     
                4.41E-03        -101.315      
                4.415E-03       -112.407      
                4.42E-03        -140.509      
                4.425E-03        -65.5686     
                4.43E-03         -59.2686     
                4.435E-03        -93.6653     
                4.44E-03        -105.474      
                4.445E-03       -112.94       
                4.45E-03        -137.037      
                4.455E-03        -85.6871     
                4.46E-03         -57.3286     
                4.465E-03       -100.649      
                4.47E-03        -104.037      
                4.475E-03       -127.442      
                4.48E-03        -141.534      
                4.485E-03        -96.7645     
                4.49E-03        -102.925      
                4.495E-03       -128.747      
                4.5E-03         -102.849      
                4.505E-03       -134.53       
                4.51E-03        -135.467      
                4.515E-03        -87.1304     
                4.52E-03         -85.2759     
                4.525E-03       -112.434      
                4.53E-03        -114.758      
                4.535E-03       -118.885      
                4.54E-03        -135.356      
                4.545E-03        -87.7162     
                4.55E-03         -56.3052     
                4.555E-03       -114.145      
                4.56E-03        -117.462      
                4.565E-03       -128.368      
                4.57E-03        -135.157      
                4.575E-03       -142.439      
                4.58E-03         -66.9436     
                4.585E-03        -69.5618     
                4.59E-03         -84.5308     
                4.595E-03       -106.795      
                4.6E-03         -114.912      
                4.605E-03       -128.405      
                4.61E-03        -137.525      
                4.615E-03        -77.7945     
                4.62E-03         -78.5856     
                4.625E-03        -90.9736     
                4.63E-03        -117.188      
                4.635E-03       -125.426      
                4.64E-03        -118.19       
                4.645E-03        -84.8163     
                4.65E-03         -80.1714     
                4.655E-03        -84.9374     
                4.66E-03         -96.5687     
                4.665E-03       -106.648      
                4.67E-03        -139.095      
                4.675E-03        -67.8966     
                4.68E-03         -82.2136     
                4.685E-03        -97.7675     
                4.69E-03         -87.0959     
                4.695E-03        -86.772      
                4.7E-03          -75.9662     
                4.705E-03       -123.992      
                4.71E-03         -62.2064     
                4.715E-03        -87.4647     
                4.72E-03         -74.3646     
                4.725E-03       -102.135      
                4.73E-03        -111.927      
                4.735E-03       -119.675      
                4.74E-03        -106.127      
                4.745E-03       -102.232      
                4.75E-03         -59.3342     
                4.755E-03        -89.8199     
                4.76E-03        -113.241      
                4.765E-03       -122.969      
                4.77E-03        -134.196      
                4.775E-03        -95.7452     
                4.78E-03         -99.6753     
                4.785E-03        -85.6384     
                4.79E-03         -92.5152     
                4.795E-03       -130.1        
                4.8E-03         -112.081      
                4.805E-03       -124.664      
                4.81E-03        -128.716      
                4.815E-03       -140.142      
                4.82E-03         -77.3676     
                4.825E-03        -94.2099     
                4.83E-03         -93.2427     
                4.835E-03        -77.7419     
                4.84E-03        -104.998      
                4.845E-03       -118.183      
                4.85E-03        -129.557      
                4.855E-03       -141.928      
                4.86E-03         -83.6287     
                4.865E-03        -78.8568     
                4.87E-03        -100.568      
                4.875E-03        -99.9856     
                4.88E-03        -116.269      
                4.885E-03       -119.904      
                4.89E-03        -129.962      
                4.895E-03       -114.017      
                4.9E-03         -150.791      
                4.905E-03       -145.436      
                4.91E-03         -85.2887     
                4.915E-03        -79.0009     
                4.92E-03         -89.2975     
                4.925E-03        -83.4548     
                4.93E-03        -107.625      
                4.935E-03       -130.003      
                4.94E-03        -125.703      
                4.945E-03        -93.021      
                4.95E-03         -53.6426     
                4.955E-03        -90.6285     
                4.96E-03         -83.6815     
                4.965E-03       -107.078      
                4.97E-03        -126.794      
                4.975E-03       -113.011      
                4.98E-03         -67.2948     
                4.985E-03        -76.4454     
                4.99E-03         -84.898      
                4.995E-03        -91.7374     
                5.E-03           -97.101      
                5.005E-03       -120.758      
                5.01E-03        -115.087      
                5.015E-03       -114.221      
                5.02E-03        -120.854      
                5.025E-03        -80.8306     
                5.03E-03         -82.6754     
                5.035E-03        -96.3775     
                5.04E-03         -95.0968     
                5.045E-03       -117.471      
                5.05E-03        -121.008      
                5.055E-03        -62.2851     
                5.06E-03         -79.262      
                5.065E-03        -86.5651     
                5.07E-03         -80.4267     
                5.075E-03        -92.1049     
                5.08E-03        -110.164      
                5.085E-03       -127.482      
                5.09E-03         -86.3982     
                5.095E-03        -73.3192     
                5.1E-03          -93.4136     
                5.105E-03        -91.9103     
                5.11E-03        -105.668      
                5.115E-03       -107.029      
                5.12E-03        -132.074      
                5.125E-03       -101.108      
                5.13E-03        -100.81       
                5.135E-03       -104.879      
                5.14E-03        -107.022      
                5.145E-03       -111.212      
                5.15E-03        -114.383      
                5.155E-03        -95.8075     
                5.16E-03         -88.2678     
                5.165E-03        -97.5048     
                5.17E-03         -85.3753     
                5.175E-03        -92.0056     
                5.18E-03         -99.6244     
                5.185E-03       -101.121      
                5.19E-03         -98.6418     
                5.195E-03       -110.412      
                5.2E-03         -106.872      
                5.205E-03        -85.2289     
                5.21E-03        -104.133      
                5.215E-03       -101.337      
                5.22E-03         -88.9165     
                5.225E-03        -92.9417     
                5.23E-03         -96.2797     
                5.235E-03        -99.5206     
                5.24E-03        -102.472      
                5.245E-03       -104.962      
                5.25E-03        -100.477      
                5.255E-03        -78.2682     
                5.26E-03         -81.8329     
                5.265E-03        -92.1459     
                5.27E-03         -89.5613     
                5.275E-03        -97.1263     
                5.28E-03         -94.1388     
                5.285E-03        -92.8214     
                5.29E-03        -103.285      
                5.295E-03        -84.0533     
                5.3E-03          -87.6747     
                5.305E-03        -85.9066     
                5.31E-03         -82.8466     
                5.315E-03        -83.2834     
                5.32E-03         -73.8954     
                5.325E-03        -90.9224     
                5.33E-03         -96.4815     
                5.335E-03        -93.0788     
                5.34E-03         -79.9854     
                5.345E-03        -86.1123     
                5.35E-03         -81.8815     
                5.355E-03        -59.3445     
                5.36E-03         -76.64       
                5.365E-03        -82.317      
                5.37E-03         -91.6977     
                5.375E-03        -73.9601     
                5.38E-03         -79.6478     
                5.385E-03        -85.9832     
                5.39E-03        -102.141      
                5.395E-03        -93.4534     
                5.4E-03          -95.0243     
                5.405E-03        -75.4391     
                5.41E-03         -83.0045     
                5.415E-03        -91.8874     
                5.42E-03         -88.066      
                5.425E-03        -88.4574     
                5.43E-03         -92.7225     
                5.435E-03        -87.2235     
                5.44E-03         -78.8952     
                5.445E-03        -85.1738     
                5.45E-03         -93.8593     
                5.455E-03        -86.6228     
                5.46E-03         -87.3143     
                5.465E-03        -56.0768     
                5.47E-03         -85.5348     
                5.475E-03        -77.9        
                5.48E-03         -86.7623     
                5.485E-03        -82.6134     
                5.49E-03         -83.5693     
                5.495E-03       -100.771      
                5.5E-03          -81.5586     
                5.505E-03        -85.0783     
                5.51E-03         -72.8957     
                5.515E-03        -84.6054     
                5.52E-03         -85.6889     
                5.525E-03        -90.7907     
                5.53E-03         -87.1615     
                5.535E-03        -80.7414     
                5.54E-03         -79.1029     
                5.545E-03       -101.467      
                5.55E-03        -103.715      
                5.555E-03        -91.5947     
                5.56E-03         -88.1621     
                5.565E-03        -76.13       
                5.57E-03         -87.4673     
                5.575E-03       -101.994      
                5.58E-03         -99.44       
                5.585E-03        -90.0878     
                5.59E-03         -82.6113     
                5.595E-03       -103.326      
                5.6E-03         -110.338      
                5.605E-03        -84.3521     
                5.61E-03         -96.5996     
                5.615E-03        -65.4501     
                5.62E-03         -59.5335     
                5.625E-03        -97.4908     
                5.63E-03         -88.7024     
                5.635E-03        -86.2783     
                5.64E-03         -92.0448     
                5.645E-03        -88.7824     
                5.65E-03        -102.085      
                5.655E-03        -92.3673     
                5.66E-03         -93.9947     
                5.665E-03        -97.0584     
                5.67E-03        -102.693      
                5.675E-03       -103.067      
                5.68E-03        -103.405      
                5.685E-03        -72.546      
                5.69E-03         -93.8073     
                5.695E-03        -99.5083     
                5.7E-03         -106.977      
                5.705E-03        -87.7053     
                5.71E-03         -95.9295     
                5.715E-03        -59.9394     
                5.72E-03         -68.0506     
                5.725E-03        -56.6916     
                5.73E-03         -77.2665     
                5.735E-03        -87.0735     
                5.74E-03         -81.1722     
                5.745E-03        -56.8397     
                5.75E-03         -69.1262     
                5.755E-03        -92.3831     
                5.76E-03         -89.6066     
                5.765E-03       -101.396      
                5.77E-03         -86.6935     
                5.775E-03        -81.0099     
                5.78E-03         -97.3921     
                5.785E-03       -109.548      
                5.79E-03         -79.6587     
                5.795E-03        -76.7492     
                5.8E-03          -66.4505     
                5.805E-03        -84.6358     
                5.81E-03         -84.8955     
                5.815E-03        -84.208      
                5.82E-03        -107.657      
                5.825E-03       -123.163      
                5.83E-03        -107.491      
                5.835E-03        -85.3601     
                5.84E-03         -66.7228     
                5.845E-03        -58.8939     
                5.85E-03         -69.5709     
                5.855E-03        -91.8548     
                5.86E-03        -108.453      
                5.865E-03       -112.75       
                5.87E-03        -124.79       
                5.875E-03        -66.7772     
                5.88E-03         -76.7192     
                5.885E-03        -89.0274     
                5.89E-03        -102.999      
                5.895E-03       -111.913      
                5.9E-03         -123.877      
                5.905E-03       -136.075      
                5.91E-03        -114.549      
                5.915E-03        -76.9379     
                5.92E-03         -80.0663     
                5.925E-03        -76.4345     
                5.93E-03         -96.8936     
                5.935E-03       -102.266      
                5.94E-03        -101.325      
                5.945E-03       -122.365      
                5.95E-03        -134.882      
                5.955E-03        -86.8288     
                5.96E-03         -69.7727     
                5.965E-03        -87.2126     
                5.97E-03         -92.4819     
                5.975E-03        -95.3764     
                5.98E-03        -109.947      
                5.985E-03       -107.681      
                5.99E-03        -112.861      
                5.995E-03        -83.575      
                6.E-03           -76.497      
                6.005E-03        -86.6737     
                6.01E-03         -81.749      
                6.015E-03        -99.96       
                6.02E-03        -107.553      
                6.025E-03       -116.593      
                6.03E-03         -96.4762     
                6.035E-03        -98.9048     
                6.04E-03         -98.7626     
                6.045E-03       -103.596      
                6.05E-03        -102.504      
                6.055E-03        -98.6309     
                6.06E-03        -116.16       
                6.065E-03        -89.3188     
                6.07E-03         -70.762      
                6.075E-03        -78.2091     
                6.08E-03         -80.0577     
                6.085E-03        -93.9019     
                6.09E-03        -101.582      
                6.095E-03       -111.973      
                6.1E-03         -111.748      
                6.105E-03       -117.514      
                6.11E-03         -84.182      
                6.115E-03       -100.993      
                6.12E-03        -104.448      
                6.125E-03       -102.624      
                6.13E-03         -92.3925     
                6.135E-03       -108.951      
                6.14E-03         -84.9046     
                6.145E-03        -89.3865     
                6.15E-03         -90.3595     
                6.155E-03        -88.9759     
                6.16E-03         -93.0707     
                6.165E-03        -86.5814     
                6.17E-03         -95.1776     
                6.175E-03        -88.2493     
                6.18E-03         -94.4031     
                6.185E-03        -95.521      
                6.19E-03         -71.9738     
                6.195E-03        -60.1184     
                6.2E-03          -72.7596     
                6.205E-03        -82.8964     
                6.21E-03         -91.9663     
                6.215E-03        -85.9539     
                6.22E-03         -92.876      
                6.225E-03        -96.867      
                6.23E-03         -86.2622     
                6.235E-03        -75.311      
                6.24E-03         -82.0762     
                6.245E-03        -99.0434     
                6.25E-03        -102.944      
                6.255E-03       -103.978      
                6.26E-03        -103.501      
                6.265E-03        -96.7007     
                6.27E-03        -104.084      
                6.275E-03       -102.734      
                6.28E-03        -108.568      
                6.285E-03       -109.64       
                6.29E-03        -114.179      
                6.295E-03        -79.7834     
                6.3E-03          -93.4609     
                6.305E-03        -92.9814     
                6.31E-03        -104.702      
                6.315E-03        -82.8702     
                6.32E-03        -100.062      
                6.325E-03       -107.267      
                6.33E-03        -110.989      
                6.335E-03       -110.63       
                6.34E-03        -113.352      
                6.345E-03       -114.388      
                6.35E-03        -112.854      
                6.355E-03       -116.803      
                6.36E-03         -94.3263     
                6.365E-03        -56.7799     
                6.37E-03         -88.5677     
                6.375E-03        -86.0842     
                6.38E-03         -95.9099     
                6.385E-03        -84.6784     
                6.39E-03         -92.4848     
                6.395E-03       -106.634      
                6.4E-03         -114.57       
                6.405E-03       -105.932      
                6.41E-03        -113.316      
                6.415E-03       -113.715      
                6.42E-03        -127.093      
                6.425E-03        -98.443      
                6.43E-03        -106.339      
                6.435E-03        -93.9101     
                6.44E-03         -71.9943     
                6.445E-03        -97.8391     
                6.45E-03         -99.5748     
                6.455E-03       -107.524      
                6.46E-03        -106.766      
                6.465E-03       -104.591      
                6.47E-03        -110.854      
                6.475E-03       -116.959      
                6.48E-03        -112.133      
                6.485E-03       -118.03       
                6.49E-03        -127.94       
                6.495E-03       -136.664      
                6.5E-03         -132.616      
                6.505E-03       -126.218      
                6.51E-03        -127.024      
                6.515E-03       -111.65       
                6.52E-03        -117.437      
                6.525E-03       -127.301      
                6.53E-03         -81.2771     
                6.535E-03       -101.506      
                6.54E-03        -105.487      
                6.545E-03       -105.437      
                6.55E-03        -109.331      
                6.555E-03       -111.826      
                6.56E-03        -116.325      
                6.565E-03        -88.5891     
                6.57E-03        -103.865      
                6.575E-03        -91.6333     
                6.58E-03         -98.0296     
                6.585E-03       -103.685      
                6.59E-03         -92.752      
                6.595E-03        -80.5081     
                6.6E-03          -98.0164     
                6.605E-03       -101.252      
                6.61E-03        -108.116      
                6.615E-03       -109.232      
                6.62E-03         -99.3636     
                6.625E-03        -88.0715     
                6.63E-03         -75.8511     
                6.635E-03        -90.4486     
                6.64E-03         -98.8419     
                6.645E-03       -108.593      
                6.65E-03        -100.83       
                6.655E-03        -69.8554     
                6.66E-03         -73.0661     
                6.665E-03        -54.9126     
                6.67E-03         -68.2269     
                6.675E-03        -84.0167     
                6.68E-03         -78.7872     
                6.685E-03        -89.8831     
                6.69E-03         -74.5643     
                6.695E-03        -76.528      
                6.7E-03          -65.6123     
                6.705E-03        -84.4315     
                6.71E-03        -108.349      
                6.715E-03       -111.013      
                6.72E-03        -132.23       
                6.725E-03       -133.579      
                6.73E-03        -130.743      
                6.735E-03        -90.5299     
                6.74E-03        -110.118      
                6.745E-03       -103.89       
                6.75E-03         -93.8041     
                6.755E-03       -111.485      
                6.76E-03        -108.635      
                6.765E-03       -108.555      
                6.77E-03        -122.626      
                6.775E-03        -91.1942     
                6.78E-03        -107.303      
                6.785E-03        -93.7682     
                6.79E-03        -103.779      
                6.795E-03       -104.164      
                6.8E-03         -120.923      
                6.805E-03       -128.369      
                6.81E-03        -104.506      
                6.815E-03        -90.8599     
                6.82E-03         -56.7807     
                6.825E-03        -76.141      
                6.83E-03        -102.392      
                6.835E-03       -119.108      
                6.84E-03        -140.058      
                6.845E-03       -143.653      
                6.85E-03        -120.443      
                6.855E-03       -140.89       
                6.86E-03         -93.8316     
                6.865E-03       -124.716      
                6.87E-03        -112.518      
                6.875E-03       -118.288      
                6.88E-03        -123.661      
                6.885E-03       -130.795      
                6.89E-03        -131.138      
                6.895E-03       -133.541      
                6.9E-03         -116.844      
                6.905E-03       -122.797      
                6.91E-03        -124.832      
                6.915E-03       -134.744      
                6.92E-03        -137.902      
                6.925E-03       -116.642      
                6.93E-03        -118.994      
                6.935E-03       -114.108      
                6.94E-03        -113.764      
                6.945E-03       -116.26       
                6.95E-03        -110.695      
                6.955E-03        -94.551      
                6.96E-03        -107.893      
                6.965E-03       -111.887      
                6.97E-03        -113.441      
                6.975E-03       -116.804      
                6.98E-03        -109.214      
                6.985E-03       -110.179      
                6.99E-03        -110.208      
                6.995E-03       -115.864      
                7.E-03          -112.143      
                7.005E-03       -117.297      
                7.01E-03        -117.7        
                7.015E-03       -120.83       
                7.02E-03        -114.192      
                7.025E-03       -117.312      
                7.03E-03         -91.523      
                7.035E-03        -81.6439     
                7.04E-03        -101.16       
                7.045E-03        -90.6669     
                7.05E-03         -97.257      
                7.055E-03        -99.4084     
                7.06E-03         -99.4254     
                7.065E-03       -101.124      
                7.07E-03        -103.361      
                7.075E-03       -109.091      
                7.08E-03        -113.428      
                7.085E-03       -118.513      
                7.09E-03        -105.874      
                7.095E-03       -114.973      
                7.1E-03         -107.681      
                7.105E-03       -103.787      
                7.11E-03        -117.845      
                7.115E-03       -107.533      
                7.12E-03        -114.457      
                7.125E-03       -115.302      
                7.13E-03        -104.292      
                7.135E-03       -134.341      
                7.14E-03        -121.633      
                7.145E-03        -86.6435     
                7.15E-03         -99.2781     
                7.155E-03        -98.0063     
                7.16E-03        -104.767      
                7.165E-03       -113.654      
                7.17E-03        -118.744      
                7.175E-03       -119.912      
                7.18E-03        -109.068      
                7.185E-03       -110.69       
                7.19E-03        -117.2        
                7.195E-03       -113.428      
                7.2E-03         -111.833      
                7.205E-03        -91.3225     
                7.21E-03        -103.036      
                7.215E-03       -113.69       
                7.22E-03        -121.11       
                7.225E-03       -120.907      
                7.23E-03        -121.005      
                7.235E-03       -127.467      
                7.24E-03        -120.922      
                7.245E-03       -126.001      
                7.25E-03        -111.634      
                7.255E-03       -115.727      
                7.26E-03        -111.987      
                7.265E-03       -119.975      
                7.27E-03        -124.009      
                7.275E-03       -121.675      
                7.28E-03        -122.9        
                7.285E-03       -110.024      
                7.29E-03        -117.084      
                7.295E-03       -111.693      
                7.3E-03         -116.869      
                7.305E-03       -116.195      
                7.31E-03        -118.633      
                7.315E-03       -101.925      
                7.32E-03        -104.756      
                7.325E-03       -110.712      
                7.33E-03        -108.889      
                7.335E-03        -88.2546     
                7.34E-03         -85.1182     
                7.345E-03        -94.8907     
                7.35E-03         -82.3329     
                7.355E-03        -95.258      
                7.36E-03         -98.2722     
                7.365E-03       -102.612      
                7.37E-03        -103.437      
                7.375E-03       -109.329      
                7.38E-03         -75.5978     
                7.385E-03        -95.7225     
                7.39E-03         -89.6832     
                7.395E-03       -105.178      
                7.4E-03          -98.967      
                7.405E-03        -99.5482     
                7.41E-03         -94.5106     
                7.415E-03       -100.061      
                7.42E-03        -110.251      
                7.425E-03       -108.654      
                7.43E-03         -97.5527     
                7.435E-03        -98.3794     
                7.44E-03         -71.973      
                7.445E-03        -88.3097     
                7.45E-03        -100.244      
                7.455E-03       -110.059      
                7.46E-03        -103.978      
                7.465E-03        -96.7186     
                7.47E-03        -106.44       
                7.475E-03        -94.0577     
                7.48E-03        -101.308      
                7.485E-03        -72.7071     
                7.49E-03         -67.4103     
                7.495E-03        -80.2934     
                7.5E-03          -84.9633     
                7.505E-03        -92.3416     
                7.51E-03        -107.345      
                7.515E-03        -73.659      
                7.52E-03         -71.6842     
                7.525E-03        -96.7663     
                7.53E-03         -97.4574     
                7.535E-03       -102.147      
                7.54E-03        -114.453      
                7.545E-03       -116.185      
                7.55E-03         -91.219      
                7.555E-03        -62.757      
                7.56E-03         -86.8162     
                7.565E-03        -88.7517     
                7.57E-03         -99.128      
                7.575E-03       -110.893      
                7.58E-03         -99.6068     
                7.585E-03       -102.551      
                7.59E-03        -121.156      
                7.595E-03       -144.863      
                7.6E-03         -148.377      
                7.605E-03       -149.743      
                7.61E-03        -152.776      
                7.615E-03        -99.496      
                7.62E-03        -109.383      
                7.625E-03        -94.6865     
                7.63E-03        -107.42       
                7.635E-03       -113.638      
                7.64E-03        -109.545      
                7.645E-03       -120.233      
                7.65E-03        -112.276      
                7.655E-03        -98.5529     
                7.66E-03        -118.783      
                7.665E-03       -113.293      
                7.67E-03        -114.357      
                7.675E-03       -109.924      
                7.68E-03        -103.761      
                7.685E-03       -117.037      
                7.69E-03         -83.4463     
                7.695E-03       -110.476      
                7.7E-03         -111.671      
                7.705E-03       -121.74       
                7.71E-03         -79.2964     
                7.715E-03        -98.8292     
                7.72E-03         -89.7784     
                7.725E-03       -106.919      
                7.73E-03        -114.152      
                7.735E-03       -117.678      
                7.74E-03        -121.184      
                7.745E-03       -110.661      
                7.75E-03        -109.815      
                7.755E-03        -82.6941     
                7.76E-03         -78.3219     
                7.765E-03        -96.224      
                7.77E-03        -112.325      
                7.775E-03       -112.422      
                7.78E-03        -105.819      
                7.785E-03        -89.5227     
                7.79E-03         -95.8335     
                7.795E-03       -105.856      
                7.8E-03         -118.739      
                7.805E-03       -119.869      
                7.81E-03        -113.966      
                7.815E-03        -70.2133     
                7.82E-03         -88.5998     
                7.825E-03       -100.742      
                7.83E-03         -88.8026     
                7.835E-03        -99.0773     
                7.84E-03        -105.299      
                7.845E-03       -103.816      
                7.85E-03        -111.241      
                7.855E-03       -106.293      
                7.86E-03         -99.0893     
                7.865E-03        -73.4955     
                7.87E-03         -75.705      
                7.875E-03        -93.4327     
                7.88E-03        -109.919      
                7.885E-03       -117.6        
                7.89E-03         -76.5798     
                7.895E-03        -86.0048     
                7.9E-03          -71.1459     
                7.905E-03        -87.0844     
                7.91E-03         -98.8821     
                7.915E-03        -98.937      
                7.92E-03        -102.753      
                7.925E-03       -102.805      
                7.93E-03         -99.0241     
                7.935E-03        -99.7613     
                7.94E-03         -95.4153     
                7.945E-03        -95.8726     
                7.95E-03        -102.226      
                7.955E-03       -105.476      
                7.96E-03         -64.7236     
                7.965E-03        -81.665      
                7.97E-03         -88.9105     
                7.975E-03       -103.446      
                7.98E-03        -105.267      
                7.985E-03        -87.2756     
                7.99E-03        -102.598      
                7.995E-03        -93.9707     
                8.E-03          -119.319      
                8.005E-03       -102.391      
                8.01E-03         -57.7245     
                8.015E-03        -69.6517     
                8.02E-03         -90.9643     
                8.025E-03        -85.2742     
                8.03E-03         -60.6048     
                8.035E-03        -77.0168     
                8.04E-03         -90.441      
                8.045E-03       -103.852      
                8.05E-03         -99.7868     
                8.055E-03        -78.0018     
                8.06E-03         -99.5798     
                8.065E-03       -111.64       
                8.07E-03        -118.98       
                8.075E-03       -102.124      
                8.08E-03        -101.603      
                8.085E-03        -96.1661     
                8.09E-03         -85.1465     
                8.095E-03        -84.2856     
                8.1E-03          -88.9025     
                8.105E-03       -107.095      
                8.11E-03        -106.187      
                8.115E-03        -79.1635     
                8.12E-03         -91.571      
                8.125E-03        -93.8641     
                8.13E-03         -96.3335     
                8.135E-03        -98.7064     
                8.14E-03        -100.624      
                8.145E-03        -79.6914     
                8.15E-03         -82.748      
                8.155E-03        -94.6089     
                8.16E-03         -75.3522     
                8.165E-03        -69.6617     
                8.17E-03         -97.0724     
                8.175E-03       -114.669      
                8.18E-03        -125.263      
                8.185E-03       -137.55       
                8.19E-03         -70.5731     
                8.195E-03        -77.1674     
                8.2E-03         -102.03       
                8.205E-03       -137.954      
                8.21E-03         -95.2888     
                8.215E-03       -125.834      
                8.22E-03         -96.5678     
                8.225E-03        -93.5131     
                8.23E-03         -99.6487     
                8.235E-03       -116.741      
                8.24E-03         -83.845      
                8.245E-03        -96.1146     
                8.25E-03         -90.2256     
                8.255E-03       -100.21       
                8.26E-03        -103.585      
                8.265E-03        -91.327      
                8.27E-03         -82.044      
                8.275E-03        -91.3818     
                8.28E-03        -105.37       
                8.285E-03       -126.286      
                8.29E-03        -109.66       
                8.295E-03        -84.1308     
                8.3E-03          -93.1889     
                8.305E-03       -103.515      
                8.31E-03        -106.171      
                8.315E-03       -124.573      
                8.32E-03         -91.1078     
                8.325E-03       -103.221      
                8.33E-03         -90.7973     
                8.335E-03       -100.735      
                8.34E-03        -100.926      
                8.345E-03       -100.309      
                8.35E-03        -105.585      
                8.355E-03       -113.192      
                8.36E-03         -80.3197     
                8.365E-03       -103.823      
                8.37E-03         -78.2979     
                8.375E-03        -99.1767     
                8.38E-03        -107.453      
                8.385E-03        -86.7204     
                8.39E-03         -90.3859     
                8.395E-03       -104.277      
                8.4E-03         -105.784      
                8.405E-03       -109.914      
                8.41E-03        -106.228      
                8.415E-03       -105.453      
                8.42E-03        -102.924      
                8.425E-03        -83.291      
                8.43E-03         -91.5011     
                8.435E-03       -106.742      
                8.44E-03        -115.818      
                8.445E-03       -118.51       
                8.45E-03        -119.546      
                8.455E-03       -106.987      
                8.46E-03         -84.4968     
                8.465E-03        -99.5829     
                8.47E-03        -109.97       
                8.475E-03       -113.14       
                8.48E-03        -115.595      
                8.485E-03       -116.493      
                8.49E-03        -117.215      
                8.495E-03        -94.6743     
                8.5E-03         -110.835      
                8.505E-03        -99.5419     
                8.51E-03         -93.2063     
                8.515E-03       -108.6        
                8.52E-03        -103.823      
                8.525E-03       -109.242      
                8.53E-03        -115.092      
                8.535E-03       -118.141      
                8.54E-03        -109.086      
                8.545E-03       -122.295      
                8.55E-03        -118.087      
                8.555E-03       -108.748      
                8.56E-03        -120.892      
                8.565E-03       -127.812      
                8.57E-03        -105.816      
                8.575E-03       -111.7        
                8.58E-03        -117.529      
                8.585E-03       -125.692      
                8.59E-03        -107.505      
                8.595E-03       -116.15       
                8.6E-03          -96.7042     
                8.605E-03       -108.592      
                8.61E-03        -109.93       
                8.615E-03       -117.07       
                8.62E-03        -117.063      
                8.625E-03       -102.583      
                8.63E-03         -99.8915     
                8.635E-03       -106.988      
                8.64E-03        -105.447      
                8.645E-03        -95.9423     
                8.65E-03        -106.131      
                8.655E-03        -89.4829     
                8.66E-03         -93.0336     
                8.665E-03        -71.3163     
                8.67E-03         -79.5249     
                8.675E-03        -89.9545     
                8.68E-03        -101.083      
                8.685E-03       -103.539      
                8.69E-03        -113.089      
                8.695E-03        -98.8532     
                8.7E-03          -92.1861     
                8.705E-03        -95.5573     
                8.71E-03        -108.614      
                8.715E-03       -114.437      
                8.72E-03        -110.589      
                8.725E-03        -71.2812     
                8.73E-03         -86.4588     
                8.735E-03        -85.4502     
                8.74E-03        -106.633      
                8.745E-03       -116.614      
                8.75E-03        -123.594      
                8.755E-03       -122.889      
                8.76E-03        -115.31       
                8.765E-03        -95.0904     
                8.77E-03        -109.001      
                8.775E-03       -114.655      
                8.78E-03        -103.195      
                8.785E-03        -91.1217     
                8.79E-03         -97.7203     
                8.795E-03        -90.8256     
                8.8E-03         -100.029      
                8.805E-03       -104.177      
                8.81E-03        -104.279      
                8.815E-03        -99.5311     
                8.82E-03         -86.7135     
                8.825E-03        -90.7132     
                8.83E-03         -89.8164     
                8.835E-03        -95.6644     
                8.84E-03         -77.9751     
                8.845E-03        -92.4606     
                8.85E-03         -88.6121     
                8.855E-03        -86.1927     
                8.86E-03         -89.8513     
                8.865E-03        -87.2193     
                8.87E-03         -91.2107     
                8.875E-03        -78.286      
                8.88E-03         -84.1449     
                8.885E-03        -89.143      
                8.89E-03         -96.7501     
                8.895E-03        -92.7782     
                8.9E-03          -69.6679     
                8.905E-03        -65.2398     
                8.91E-03         -65.4528     
                8.915E-03        -74.2134     
                8.92E-03         -64.44       
                8.925E-03        -87.3129     
                8.93E-03         -91.9048     
                8.935E-03        -91.6626     
                8.94E-03         -98.4546     
                8.945E-03        -80.3901     
                8.95E-03         -99.685      
                8.955E-03       -109.423      
                8.96E-03        -110.327      
                8.965E-03       -102.789      
                8.97E-03        -125.607      
                8.975E-03       -110.289      
                8.98E-03        -102.31       
                8.985E-03       -110.426      
                8.99E-03        -118.278      
                8.995E-03       -125.757      
                9.E-03          -140.346      
                9.005E-03        -81.727      
                9.01E-03        -104.438      
                9.015E-03       -112.528      
                9.02E-03        -133.203      
                9.025E-03       -112.707      
                9.03E-03        -125.282      
                9.035E-03       -105.098      
                9.04E-03        -121.857      
                9.045E-03       -134.277      
                9.05E-03        -111.912      
                9.055E-03       -117.676      
                9.06E-03        -132.487      
                9.065E-03       -132.69       
                9.07E-03        -129.662      
                9.075E-03       -121.632      
                9.08E-03         -96.3549     
                9.085E-03        -98.7146     
                9.09E-03        -112.249      
                9.095E-03       -122.311      
                9.1E-03         -125.859      
                9.105E-03       -119.387      
                9.11E-03        -126.552      
                9.115E-03       -126.667      
                9.12E-03        -126.548      
                9.125E-03       -126.538      
                9.13E-03        -101.109      
                9.135E-03        -70.5792     
                9.14E-03         -91.953      
                9.145E-03        -90.3691     
                9.15E-03         -80.0901     
                9.155E-03        -75.0339     
                9.16E-03         -97.8738     
                9.165E-03        -89.5312     
                9.17E-03         -90.2575     
                9.175E-03        -96.1875     
                9.18E-03        -103.725      
                9.185E-03       -108.676      
                9.19E-03        -103.853      
                9.195E-03       -105.389      
                9.2E-03         -111.699      
                9.205E-03       -107.503      
                9.21E-03         -87.5723     
                9.215E-03       -101.414      
                9.22E-03         -97.6791     
                9.225E-03       -106.185      
                9.23E-03        -109.876      
                9.235E-03       -113.947      
                9.24E-03        -115.653      
                9.245E-03       -113.063      
                9.25E-03        -104.622      
                9.255E-03        -99.6104     
                9.26E-03        -104.754      
                9.265E-03        -88.3707     
                9.27E-03         -97.402      
                9.275E-03       -108.353      
                9.28E-03         -87.236      
                9.285E-03        -98.333      
                9.29E-03         -89.7871     
                9.295E-03        -92.5349     
                9.3E-03          -99.3741     
                9.305E-03       -105.908      
                9.31E-03        -106.203      
                9.315E-03       -104.738      
                9.32E-03        -108.026      
                9.325E-03        -79.6989     
                9.33E-03         -82.2206     
                9.335E-03        -84.0625     
                9.34E-03         -90.5872     
                9.345E-03        -89.2894     
                9.35E-03         -92.3855     
                9.355E-03        -90.7744     
                9.36E-03         -95.4896     
                9.365E-03        -99.2687     
                9.37E-03         -99.5122     
                9.375E-03       -106.121      
                9.38E-03         -71.3625     
                9.385E-03        -77.8959     
                9.39E-03         -85.6822     
                9.395E-03        -76.819      
                9.4E-03          -90.3175     
                9.405E-03       -102.131      
                9.41E-03        -103.898      
                9.415E-03       -101.858      
                9.42E-03         -62.1869     
                9.425E-03        -71.0896     
                9.43E-03         -78.4612     
                9.435E-03        -82.9941     
                9.44E-03         -81.3734     
                9.445E-03        -74.1107     
                9.45E-03         -78.8002     
                9.455E-03        -77.6679     
                9.46E-03         -89.2752     
                9.465E-03        -93.8684     
                9.47E-03         -98.5416     
                9.475E-03        -99.9961     
                9.48E-03         -99.1817     
                9.485E-03        -94.3696     
                9.49E-03         -95.4521     
                9.495E-03        -96.8918     
                9.5E-03          -70.3188     
                9.505E-03        -81.4337     
                9.51E-03         -83.067      
                9.515E-03        -61.4726     
                9.52E-03         -74.1986     
                9.525E-03        -73.5468     
                9.53E-03         -83.1842     
                9.535E-03        -84.9871     
                9.54E-03         -87.0966     
                9.545E-03        -89.8826     
                9.55E-03         -87.6459     
                9.555E-03        -87.5826     
                9.56E-03         -60.443      
                9.565E-03        -85.7714     
                9.57E-03         -84.2764     
                9.575E-03        -88.9782     
                9.58E-03         -80.1316     
                9.585E-03        -90.4258     
                9.59E-03         -89.0298     
                9.595E-03        -88.7432     
                9.6E-03          -84.8656     
                9.605E-03        -82.7155     
                9.61E-03         -88.8204     
                9.615E-03        -84.5583     
                9.62E-03         -81.673      
                9.625E-03        -85.1959     
                9.63E-03         -90.6408     
                9.635E-03        -79.6189     
                9.64E-03         -79.9507     
                9.645E-03        -82.4682     
                9.65E-03         -81.6555     
                9.655E-03        -87.7385     
                9.66E-03         -86.9615     
                9.665E-03        -85.9251     
                9.67E-03         -90.4694     
                9.675E-03        -86.4211     
                9.68E-03         -90.2561     
                9.685E-03        -88.8149     
                9.69E-03         -91.7525     
                9.695E-03        -51.7074     
                9.7E-03          -72.7023     
                9.705E-03        -75.9996     
                9.71E-03         -63.3985     
                9.715E-03        -77.6022     
                9.72E-03         -78.3195     
                9.725E-03        -79.7169     
                9.73E-03         -86.1736     
                9.735E-03        -87.954      
                9.74E-03         -85.0423     
                9.745E-03        -84.921      
                9.75E-03         -81.1487     
                9.755E-03        -54.7533     
                9.76E-03         -58.4062     
                9.765E-03        -73.9454     
                9.77E-03         -86.8517     
                9.775E-03        -89.8065     
                9.78E-03         -92.8234     
                9.785E-03        -94.4511     
                9.79E-03         -95.276      
                9.795E-03        -88.2606     
                9.8E-03          -87.6503     
                9.805E-03        -94.7369     
                9.81E-03         -94.4432     
                9.815E-03        -93.3541     
                9.82E-03         -96.2822     
                9.825E-03        -68.0709     
                9.83E-03         -67.6734     
                9.835E-03        -88.0622     
                9.84E-03         -69.0737     
                9.845E-03        -93.3172     
                9.85E-03        -111.461      
                9.855E-03       -112.278      
                9.86E-03         -79.4997     
                9.865E-03        -78.3399     
                9.87E-03         -97.8564     
                9.875E-03       -101.065      
                9.88E-03        -100.513      
                9.885E-03        -94.9902     
                9.89E-03         -66.6825     
                9.895E-03        -78.863      
                9.9E-03         -105.821      
                9.905E-03       -104.504      
                9.91E-03        -101.549      
                9.915E-03       -101.574      
                9.92E-03        -101.339      
                9.925E-03       -103.391      
                9.93E-03        -104.506      
                9.935E-03       -103.527      
                9.94E-03        -102.565      
                9.945E-03       -101.255      
                9.95E-03        -100.658      
                9.955E-03        -99.9836     
                9.96E-03         -99.9311     
                9.965E-03        -99.5851     
                9.97E-03         -99.2109     
                9.975E-03        -60.471      
                9.98E-03         -76.2746     
                9.985E-03        -85.324      
                9.99E-03         -84.8131     
                9.995E-03        -85.8249     
               10.E-03           -67.7046     




