
                  X               _temp_2     

                0.                 0.         
                2.65074E-06      -46.2442     
                5.30002E-06        9.85191    
                7.95091E-06       45.0397     
               10.6002E-06       -75.423      
               13.2511E-06       114.455      
               15.9001E-06       -99.0193     
               18.551E-06          7.20442    
               21.2004E-06        22.3624     
               23.8513E-06       -51.9505     
               26.5007E-06        23.0278     
               29.15E-06         -34.2632     
               31.801E-06        -24.5879     
               34.4503E-06       -31.7801     
               37.1013E-06        24.5392     
               39.7507E-06       -69.3118     
               42.4E-06          -16.1821     
               45.051E-06        -48.9236     
               47.7003E-06       -75.1586     
               50.3513E-06        -9.06318    
               53.0006E-06       -78.9907     
               55.65E-06         -50.8389     
               58.3009E-06       -69.9064     
               60.9503E-06       -68.2311     
               63.6013E-06       -73.8119     
               66.2506E-06       -64.2019     
               68.9016E-06       -88.9031     
               71.5509E-06       -97.3705     
               74.2003E-06       -76.1728     
               76.8512E-06      -111.298      
               79.5006E-06       -82.5963     
               82.1516E-06      -109.51       
               84.8009E-06      -115.866      
               87.4503E-06      -111.075      
               90.1012E-06      -122.266      
               92.7506E-06      -122.879      
               95.4015E-06      -131.524      
               98.0509E-06      -133.893      
              100.7E-06         -147.698      
              103.351E-06       -133.761      
              106.001E-06       -148.924      
              108.652E-06       -148.85       
              111.301E-06       -148.033      
              113.95E-06        -158.48       
              116.601E-06       -149.66       
              119.251E-06       -156.369      
              121.901E-06       -156.905      
              124.551E-06       -160.674      
              127.201E-06       -158.009      
              129.851E-06       -160.457      
              132.501E-06       -156.525      
              135.151E-06       -158.575      
              137.8E-06         -164.12       
              140.451E-06       -159.157      
              143.101E-06       -164.063      
              145.751E-06       -160.457      
              148.4E-06         -162.328      
              151.051E-06       -164.222      
              153.7E-06         -165.703      
              156.351E-06       -165.973      
              159.001E-06       -122.087      
              161.651E-06       -156.802      
              164.3E-06         -162.593      
              166.951E-06       -172.225      
              169.601E-06       -172.896      
              172.25E-06        -176.973      
              174.901E-06       -180.611      
              177.55E-06        -181.863      
              180.2E-06         -184.713      
              182.85E-06        -187.23       
              185.5E-06         -189.075      
              188.15E-06        -189.632      
              190.8E-06          -88.8004     
              193.451E-06       -132.907      
              196.1E-06         -139.391      
              198.751E-06       -153.438      
              201.4E-06         -161.907      
              204.05E-06        -171.169      
              206.7E-06         -176.877      
              209.351E-06       -179.519      
              212.001E-06       -186.809      
              214.651E-06       -192.851      
              217.301E-06       -197.95       
              219.951E-06       -198.655      
              222.6E-06         -203.949      
              225.251E-06       -206.857      
              227.9E-06         -213.27       
              230.55E-06        -215.38       
              233.201E-06        -82.5792     
              235.85E-06        -109.851      
              238.501E-06       -163.499      
              241.151E-06       -194.348      
              243.8E-06           -6.78466    
              246.451E-06        -17.8588     
              249.101E-06        -11.7118     
              251.751E-06        -65.551      
              254.401E-06        -10.4431     
              257.05E-06         -48.0368     
              259.702E-06        -79.5624     
              262.351E-06       -115.896      
              265.001E-06       -123.797      
              267.651E-06       -148.131      
              270.3E-06         -157.773      
              272.95E-06        -152.266      
              275.601E-06       -171.207      
              278.251E-06       -194.002      
              280.9E-06         -195.028      
              283.55E-06        -166.157      
              286.2E-06         -113.065      
              288.85E-06        -116.291      
              291.501E-06       -144.405      
              294.151E-06       -149.514      
              296.801E-06       -153.828      
              299.45E-06        -158.486      
              302.1E-06         -162.183      
              304.751E-06       -166.584      
              307.401E-06       -131.649      
              310.05E-06        -132.328      
              312.701E-06       -134.818      
              315.35E-06        -132.252      
              318.E-06           -36.9609     
              320.65E-06         -52.1346     
              323.301E-06        -56.1524     
              325.95E-06         -56.0115     
              328.601E-06        -26.5676     
              331.251E-06        -11.2026     
              333.9E-06           -7.13864    
              336.55E-06         -60.8037     
              339.2E-06         -102.303      
              341.851E-06        -28.3152     
              344.501E-06        -57.1558     
              347.151E-06       -114.237      
              349.801E-06       -129.975      
              352.451E-06       -143.417      
              355.101E-06       -155.069      
              357.75E-06        -164.796      
              360.4E-06         -166.436      
              363.05E-06         -43.8628     
              365.701E-06        -95.5754     
              368.351E-06       -127.135      
              371.001E-06       -142.773      
              373.651E-06       -145.011      
              376.3E-06         -126.815      
              378.95E-06        -137.905      
              381.601E-06        180.384E-03  
              384.251E-06        -31.9993     
              386.901E-06        -55.4635     
              389.551E-06        -64.2213     
              392.2E-06          -35.5823     
              394.85E-06         -43.3466     
              397.501E-06        -45.4053     
              400.151E-06        -49.011      
              402.801E-06        -13.6194     
              405.451E-06        -29.5418     
              408.1E-06          -35.5792     
              410.75E-06         -35.6367     
              413.401E-06        -25.394      
              416.051E-06        -27.628      
              418.7E-06          -28.1595     
              421.35E-06         -21.5649     
              424.001E-06        -22.5406     
              426.65E-06         -22.0075     
              429.3E-06          -38.0396     
              431.951E-06        -90.3659     
              434.601E-06       -104.625      
              437.251E-06        -39.5279     
              439.901E-06        -52.4414     
              442.55E-06         -79.3571     
              445.2E-06          -97.1846     
              447.851E-06       -106.482      
              450.501E-06        -44.5483     
              453.151E-06        -61.0201     
              455.801E-06        -96.6886     
              458.45E-06         -98.6994     
              461.1E-06         -109.618      
              463.751E-06       -115.992      
              466.401E-06       -123.177      
              469.051E-06        -61.1867     
              471.701E-06        -68.1064     
              474.35E-06        -102.013      
              477.002E-06       -106.386      
              479.651E-06       -108.645      
              482.301E-06       -114.257      
              484.951E-06       -122.545      
              487.6E-06          -56.9164     
              490.25E-06         -56.415      
              492.901E-06        -65.869      
              495.551E-06        -94.8538     
              498.201E-06        -86.9431     
              500.851E-06       -103.674      
              503.5E-06          -22.3563     
              506.15E-06         -42.5482     
              508.801E-06        -61.1922     
              511.451E-06        -60.8054     
              514.101E-06        -70.5591     
              516.751E-06        -22.4413     
              519.4E-06          -34.4092     
              522.05E-06         -30.0878     
              524.701E-06        -41.207      
              527.351E-06        -20.2482     
              530.001E-06        -21.3929     
              532.651E-06        -21.227      
              535.3E-06          -19.3107     
              537.95E-06         -21.8045     
              540.601E-06        -21.6417     
              543.251E-06        -23.1214     
              545.901E-06        -22.2825     
              548.55E-06         -27.057      
              551.2E-06          -20.8062     
              553.85E-06         -19.0405     
              556.501E-06        -20.3526     
              559.151E-06        -20.0267     
              561.801E-06        -18.1113     
              564.45E-06         -18.7632     
              567.1E-06          -18.3263     
              569.752E-06        -16.805      
              572.401E-06        -18.9712     
              575.05E-06         -18.298      
              577.701E-06        -18.307      
              580.351E-06        -17.4245     
              583.001E-06        -17.5844     
              585.651E-06        -17.5342     
              588.3E-06          -15.2785     
              590.95E-06         -14.1445     
              593.601E-06        -13.5202     
              596.25E-06         -12.013      
              598.901E-06         -8.89081    
              601.551E-06         -8.36825    
              604.2E-06           -7.38866    
              606.85E-06          -9.45029    
              609.501E-06         -3.60474    
              612.151E-06         -4.14454    
              614.801E-06         -3.04857    
              617.451E-06         -2.68978    
              620.1E-06           -9.67065    
              622.75E-06         -35.1535     
              625.401E-06        -45.3646     
              628.051E-06        -48.9099     
              630.701E-06        -49.0183     
              633.351E-06        -51.3863     
              636.E-06           -53.0437     
              638.65E-06         -53.0194     
              641.301E-06        -55.2676     
              643.951E-06        -58.3103     
              646.601E-06        -57.1802     
              649.25E-06         -57.1881     
              651.9E-06          -57.5585     
              654.55E-06         -58.6334     
              657.201E-06        -54.2826     
              659.851E-06        -54.8889     
              662.501E-06        -54.2814     
              665.15E-06         -50.2295     
              667.8E-06          -51.9374     
              670.452E-06        -50.1936     
              673.101E-06        -45.5436     
              675.751E-06        -46.3697     
              678.401E-06        -45.4407     
              681.05E-06         -32.9617     
              683.7E-06          -46.271      
              686.351E-06        -53.677      
              689.001E-06        -52.03       
              691.651E-06        -52.4737     
              694.301E-06        -44.4916     
              696.95E-06         -43.0083     
              699.6E-06          -43.7452     
              702.251E-06        -35.6047     
              704.901E-06        -35.2831     
              707.551E-06        -34.2875     
              710.201E-06        -34.0454     
              712.85E-06         -34.177      
              715.501E-06        -34.7748     
              718.151E-06        -32.3336     
              720.801E-06        -33.6731     
              723.451E-06        -32.2116     
              726.1E-06          -33.1012     
              728.75E-06         -32.5092     
              731.401E-06        -27.3297     
              734.051E-06        -27.5021     
              736.701E-06        -28.4355     
              739.351E-06         15.8756E-03 
              742.E-06            -1.7051     
              744.65E-06         -10.0858     
              747.301E-06         25.5987E-03 
              749.951E-06         16.1839E-03 
              752.601E-06         -1.2605E-03 
              755.25E-06         -17.6516E-03 
              757.9E-06          -25.2395E-03 
              760.552E-06        -43.7714     
              763.201E-06        -82.2981     
              765.851E-06        -87.7328     
              768.501E-06        -93.2828     
              771.15E-06         -91.7886     
              773.8E-06          -89.2491     
              776.451E-06        -87.922      
              779.101E-06        -88.1798     
              781.751E-06        -94.1958     
              784.401E-06        -95.3806     
              787.05E-06         -98.136      
              789.7E-06          -90.4902     
              792.351E-06        -91.7956     
              795.001E-06        -93.2423     
              797.651E-06        -96.9333     
              800.301E-06        -96.0019     
              802.95E-06         -98.8008     
              805.6E-06          -91.9714     
              808.251E-06        -93.1166     
              810.901E-06        -94.7119     
              813.551E-06        -94.749      
              816.201E-06        -97.8461     
              818.85E-06         -87.5923     
              821.5E-06          -91.743      
              824.151E-06        -90.9005     
              826.801E-06        -89.4521     
              829.451E-06        -37.3166     
              832.1E-06          -74.271      
              834.75E-06         -81.7279     
              837.401E-06        -86.706      
              840.051E-06        -88.6319     
              842.701E-06        -90.6072     
              845.351E-06        -33.0964     
              848.E-06           -77.1844     
              850.65E-06         -77.599      
              853.301E-06        -90.7816     
              855.951E-06        -89.019      
              858.601E-06        -88.585      
              861.251E-06        -79.8173     
              863.9E-06          -86.634      
              866.55E-06         -83.4973     
              869.201E-06        -51.56       
              871.851E-06        -85.971      
              874.501E-06        -69.9555     
              877.151E-06        -81.3983     
              879.8E-06          -79.9276     
              882.45E-06         -58.3247     
              885.101E-06        -46.4323     
              887.751E-06        -68.1514     
              890.401E-06        -69.6445     
              893.05E-06         -72.505      
              895.7E-06          -20.2775     
              898.35E-06         -55.3031     
              901.001E-06        -57.8649     
              903.651E-06        -64.0341     
              906.301E-06        -36.0652     
              908.95E-06         -30.7557     
              911.6E-06          -52.6371     
              914.252E-06        -48.8967     
              916.901E-06        -50.3794     
              919.551E-06         27.2119E-03 
              922.201E-06        -25.6527     
              924.85E-06         -36.3564     
              927.5E-06          -42.4478     
              930.151E-06        -40.5754     
              932.801E-06        -43.416      
              935.451E-06        -17.9947     
              938.101E-06        -30.653      
              940.75E-06         -36.6297     
              943.4E-06          -36.3708     
              946.051E-06        -35.2882     
              948.701E-06        -35.7885     
              951.351E-06        -35.4495     
              954.001E-06        -25.3737     
              956.65E-06         -34.4905     
              959.3E-06          -30.7526     
              961.951E-06        -32.5888     
              964.601E-06        -32.5259     
              967.251E-06        -31.9545     
              969.901E-06        -28.0615     
              972.55E-06         -25.4459     
              975.2E-06          -31.0231     
              977.85E-06         -28.8677     
              980.5E-06          -30.3624     
              983.15E-06         -28.4296     
              985.8E-06          -29.3919     
              988.45E-06         -28.4122     
              991.101E-06        -28.2339     
              993.751E-06        -21.4218     
              996.401E-06        -32.8212     
              999.051E-06        -29.1732     
                1.0017E-03       -29.3134     
                1.00435E-03      -27.1836     
                1.007E-03        -29.0963     
                1.00965E-03      -28.0072     
                1.0123E-03       -17.8991     
                1.01495E-03      -29.7572     
                1.0176E-03       -29.9075     
                1.02025E-03      -33.8221     
                1.0229E-03       -37.4654     
                1.02555E-03      -36.9366     
                1.0282E-03       -35.0021     
                1.03085E-03      -33.4274     
                1.0335E-03       -35.7573     
                1.03615E-03      -34.258      
                1.0388E-03       -33.5166     
                1.04145E-03      -33.8578     
                1.0441E-03       -33.5093     
                1.04675E-03      -33.6876     
                1.0494E-03       -34.6136     
                1.05205E-03      -35.8827     
                1.0547E-03       -35.4432     
                1.05735E-03      -33.1459     
                1.06E-03         -31.5459     
                1.06265E-03      -31.86       
                1.0653E-03       -32.0469     
                1.06795E-03      -30.3728     
                1.0706E-03       -28.7913     
                1.07325E-03      -28.7886     
                1.0759E-03       -28.905      
                1.07855E-03      -14.4992     
                1.0812E-03       -20.0707     
                1.08385E-03      -20.5443     
                1.0865E-03       -11.5739     
                1.08915E-03      -10.8736     
                1.0918E-03        -9.39014    
                1.09445E-03      -14.4165E-03 
                1.0971E-03       -49.771      
                1.09975E-03      -83.7182     
                1.1024E-03       -89.4653     
                1.10505E-03     -103.49       
                1.1077E-03      -101.948      
                1.11035E-03      -99.565      
                1.113E-03        -97.2471     
                1.11565E-03     -103.115      
                1.1183E-03      -104.242      
                1.12095E-03     -107.619      
                1.1236E-03       -96.5317     
                1.12625E-03     -103.909      
                1.1289E-03      -106.294      
                1.13155E-03     -107.257      
                1.1342E-03      -109.096      
                1.13685E-03     -100.708      
                1.1395E-03      -112.878      
                1.14215E-03     -115.651      
                1.1448E-03      -114.926      
                1.14745E-03     -115.113      
                1.1501E-03      -106.426      
                1.15275E-03     -108.286      
                1.1554E-03      -113.47       
                1.15805E-03      -94.0985     
                1.1607E-03      -119.206      
                1.16335E-03     -113.848      
                1.166E-03       -133.141      
                1.16865E-03      -92.0952     
                1.1713E-03      -125.428      
                1.17395E-03     -115.29       
                1.1766E-03      -142.345      
                1.17925E-03     -157.355      
                1.1819E-03      -162.644      
                1.18455E-03     -168.688      
                1.1872E-03      -164.815      
                1.18985E-03     -106.19       
                1.1925E-03      -145.512      
                1.19515E-03     -169.116      
                1.1978E-03      -143.763      
                1.20045E-03     -105.832      
                1.2031E-03      -133.206      
                1.20575E-03     -136.377      
                1.2084E-03       -55.1999     
                1.21105E-03      -79.826      
                1.2137E-03      -107.864      
                1.21635E-03     -123.524      
                1.219E-03       -138.348      
                1.22165E-03     -145.334      
                1.2243E-03      -152.957      
                1.22695E-03     -182.356      
                1.2296E-03      -180.36       
                1.23225E-03     -177.483      
                1.2349E-03      -116.5        
                1.23755E-03     -143.359      
                1.2402E-03      -160.334      
                1.24285E-03     -132.349      
                1.2455E-03       -93.0561     
                1.24815E-03     -127.228      
                1.2508E-03      -174.078      
                1.25345E-03       -3.12622    
                1.2561E-03      -116.204      
                1.25875E-03     -134.253      
                1.2614E-03      -163.031      
                1.26405E-03     -175.899      
                1.2667E-03      -171.542      
                1.26935E-03     -199.035      
                1.272E-03        -98.7464     
                1.27465E-03     -146.889      
                1.2773E-03      -166.754      
                1.27995E-03     -176.53       
                1.2826E-03      -184.221      
                1.28525E-03     -207.57       
                1.2879E-03      -206.216      
                1.29055E-03     -199.609      
                1.2932E-03      -109.331      
                1.29585E-03     -141.224      
                1.2985E-03      -180.12       
                1.30115E-03     -189.1        
                1.3038E-03      -195.475      
                1.30645E-03     -205.425      
                1.3091E-03      -189.896      
                1.31175E-03     -201.699      
                1.3144E-03      -140.746      
                1.31705E-03     -162.709      
                1.3197E-03      -176.191      
                1.32235E-03     -178.884      
                1.325E-03       -189.443      
                1.32765E-03     -192.507      
                1.3303E-03      -207.785      
                1.33295E-03     -219.416      
                1.3356E-03      -224.464      
                1.33825E-03     -218.735      
                1.3409E-03      -224.102      
                1.34355E-03     -215.813      
                1.3462E-03      -141.964      
                1.34885E-03     -194.939      
                1.3515E-03      -193.07       
                1.35415E-03     -200.914      
                1.3568E-03      -202.655      
                1.35945E-03     -233.931      
                1.3621E-03      -221.639      
                1.36475E-03     -221.585      
                1.3674E-03        -1.33145    
                1.37005E-03       -3.51022    
                1.3727E-03        -4.44249    
                1.37535E-03      -53.8629     
                1.378E-03        -95.8367     
                1.38065E-03     -115.82       
                1.3833E-03      -178.08       
                1.38595E-03     -191.937      
                1.3886E-03      -184.976      
                1.39125E-03     -190.245      
                1.3939E-03      -197.485      
                1.39655E-03     -212.104      
                1.3992E-03      -216.607      
                1.40185E-03     -208.594      
                1.4045E-03        -4.72027    
                1.40715E-03       -1.91345    
                1.4098E-03       -44.5556     
                1.41245E-03      -79.9952     
                1.4151E-03      -117.734      
                1.41775E-03     -125.347      
                1.4204E-03       -63.0033     
                1.42305E-03     -101.664      
                1.4257E-03       -22.2132     
                1.42835E-03      -65.6055     
                1.431E-03       -106.095      
                1.43365E-03     -123.114      
                1.4363E-03      -118.759      
                1.43895E-03     -127.687      
                1.4416E-03      -137.756      
                1.44425E-03     -140.154      
                1.4469E-03      -144.826      
                1.44955E-03      -35.0667     
                1.4522E-03       -75.3996     
                1.45485E-03     -103.904      
                1.4575E-03      -121.806      
                1.46015E-03     -122.997      
                1.4628E-03      -126.221      
                1.46545E-03     -115.328      
                1.4681E-03       -91.6071     
                1.47075E-03      -96.3802     
                1.4734E-03       -59.1618     
                1.47605E-03      -32.6609     
                1.4787E-03       -35.3189     
                1.48135E-03      -33.1336     
                1.484E-03          4.17133E-03
                1.48665E-03      -15.2048     
                1.4893E-03       -21.9329     
                1.49195E-03      -20.0431     
                1.4946E-03       -21.1585     
                1.49725E-03      -17.6573     
                1.4999E-03       -17.602      
                1.50255E-03      -16.487      
                1.5052E-03       -19.9407     
                1.50785E-03      -44.2238     
                1.5105E-03       -71.4133     
                1.51315E-03      -88.3612     
                1.5158E-03       -12.9782     
                1.51845E-03      -51.139      
                1.5211E-03       -69.5515     
                1.52375E-03     -112.525      
                1.5264E-03      -124.86       
                1.52905E-03     -126.766      
                1.5317E-03      -128.651      
                1.53435E-03     -136.669      
                1.537E-03        -32.8194     
                1.53965E-03      -74.3995     
                1.5423E-03       -88.3825     
                1.54495E-03     -115.679      
                1.5476E-03      -134.956      
                1.55025E-03     -129.702      
                1.5529E-03      -118.886      
                1.55555E-03      -34.8903     
                1.5582E-03       -66.7454     
                1.56085E-03      -77.8007     
                1.5635E-03      -108.304      
                1.56615E-03     -102.548      
                1.5688E-03      -102.706      
                1.57145E-03      -25.7484     
                1.5741E-03       -61.532      
                1.57675E-03      -67.2873     
                1.5794E-03       -86.6662     
                1.58205E-03      -90.415      
                1.5847E-03       -93.2825     
                1.58735E-03      -16.9746     
                1.59E-03         -34.5688     
                1.59265E-03      -41.8582     
                1.5953E-03       -72.6791     
                1.59795E-03      -70.6814     
                1.6006E-03       -15.6421     
                1.60325E-03      -22.5126     
                1.6059E-03       -36.8463     
                1.60855E-03      -15.5922     
                1.6112E-03       -16.8253     
                1.61385E-03      -17.883      
                1.6165E-03       -16.387      
                1.61915E-03      -17.4517     
                1.6218E-03       -16.3821     
                1.62445E-03      -19.8838     
                1.6271E-03       -15.5298     
                1.62975E-03      -15.27       
                1.6324E-03       -14.4294     
                1.63505E-03      -12.1031     
                1.6377E-03       -11.9269     
                1.64035E-03      -12.2932     
                1.643E-03        -11.3818     
                1.64565E-03      -10.0773     
                1.6483E-03        -9.3076     
                1.65095E-03      -13.2941     
                1.6536E-03       -12.4735     
                1.65625E-03      -11.6218     
                1.6589E-03        -9.20545    
                1.66155E-03       -9.16087    
                1.6642E-03        -8.7867     
                1.66685E-03       -8.34848    
                1.6695E-03        -7.46138    
                1.67215E-03       -6.85894    
                1.6748E-03        -5.8675     
                1.67745E-03       -5.3347     
                1.6801E-03        -4.93709    
                1.68275E-03       -4.67874    
                1.6854E-03        -4.574      
                1.68805E-03       -4.28097    
                1.6907E-03        -3.94049    
                1.69335E-03       -3.99206    
                1.696E-03         -3.89626    
                1.69865E-03       -7.22226    
                1.7013E-03        -6.79121    
                1.70395E-03       -1.92937    
                1.7066E-03         3.17408E-03
                1.70925E-03        2.8102E-03 
                1.7119E-03       -30.9164     
                1.71455E-03      -34.3819     
                1.7172E-03       -37.865      
                1.71985E-03      -38.0567     
                1.7225E-03       -39.8911     
                1.72515E-03      -42.2337     
                1.7278E-03       -40.7855     
                1.73045E-03      -47.9888     
                1.7331E-03       -46.4229     
                1.73575E-03      -51.2994     
                1.7384E-03       -47.5714     
                1.74105E-03      -49.0425     
                1.7437E-03       -46.0438     
                1.74635E-03      -46.4139     
                1.749E-03        -44.6011     
                1.75165E-03      -42.9608     
                1.7543E-03       -43.5432     
                1.75695E-03      -43.4113     
                1.7596E-03       -40.2618     
                1.76225E-03      -38.7786     
                1.7649E-03       -38.5666     
                1.76755E-03      -33.7161     
                1.7702E-03       -36.0283     
                1.77285E-03      -35.5935     
                1.7755E-03       -35.3478     
                1.77815E-03      -30.2599     
                1.7808E-03       -20.42       
                1.78345E-03      -27.9448     
                1.7861E-03       -22.3658     
                1.78875E-03       -4.90749E-03
                1.7914E-03         3.23698E-03
                1.79405E-03      -18.4416     
                1.7967E-03       -62.6365     
                1.79935E-03      -82.2337     
                1.802E-03        -88.9557     
                1.80465E-03      -89.6158     
                1.8073E-03       -88.3235     
                1.80995E-03      -79.615      
                1.8126E-03       -81.8448     
                1.81525E-03      -86.8781     
                1.8179E-03       -91.6025     
                1.82055E-03      -91.1185     
                1.8232E-03       -81.2542     
                1.82585E-03      -85.0554     
                1.8285E-03       -86.9632     
                1.83115E-03      -86.561      
                1.8338E-03       -87.1003     
                1.83645E-03      -28.4961     
                1.8391E-03       -60.8247     
                1.84175E-03      -82.3262     
                1.8444E-03       -85.8952     
                1.84705E-03      -96.9507     
                1.8497E-03       -90.3793     
                1.85235E-03      -91.6311     
                1.855E-03        -82.0511     
                1.85765E-03      -88.1696     
                1.8603E-03       -89.4152     
                1.86295E-03      -86.9774     
                1.8656E-03       -89.1779     
                1.86825E-03      -79.7115     
                1.8709E-03       -79.0888     
                1.87355E-03      -36.361      
                1.8762E-03       -72.6088     
                1.87885E-03      -86.0283     
                1.8815E-03       -72.6655     
                1.88415E-03      -79.8054     
                1.8868E-03       -27.9638     
                1.88945E-03      -66.9566     
                1.8921E-03       -83.3339     
                1.89475E-03      -87.2024     
                1.8974E-03       -86.0494     
                1.90005E-03      -75.4045     
                1.9027E-03       -58.2144     
                1.90535E-03      -82.5265     
                1.908E-03        -84.7222     
                1.91065E-03      -87.8902     
                1.9133E-03       -93.2521     
                1.91595E-03      -75.7088     
                1.9186E-03       -78.0665     
                1.92125E-03      -29.3148     
                1.9239E-03       -76.1298     
                1.92655E-03      -85.4828     
                1.9292E-03       -86.3533     
                1.93185E-03      -74.829      
                1.9345E-03       -72.1237     
                1.93715E-03      -56.6924     
                1.9398E-03       -77.8995     
                1.94245E-03      -58.324      
                1.9451E-03       -59.4424     
                1.94775E-03      -67.9661     
                1.9504E-03        -5.72019E-03
                1.95305E-03      -20.7057     
                1.9557E-03       -40.0238     
                1.95835E-03      -50.6833     
                1.961E-03         18.0229E-03 
                1.96365E-03      -47.6596     
                1.9663E-03       -50.2416     
                1.96895E-03      -61.0161     
                1.9716E-03       -49.1691     
                1.97425E-03      -50.777      
                1.9769E-03       -54.6926     
                1.97955E-03      -53.5178     
                1.9822E-03       -43.1291     
                1.98485E-03      -40.2167     
                1.9875E-03       -40.9561     
                1.99015E-03      -40.1495     
                1.9928E-03       -39.7647     
                1.99545E-03      -40.2923     
                1.9981E-03       -20.8059     
                2.00075E-03      -37.2599     
                2.0034E-03       -38.1042     
                2.00605E-03      -35.6163     
                2.0087E-03       -37.6636     
                2.01135E-03      -36.2477     
                2.014E-03        -29.7958     
                2.01665E-03      -12.3829E-03 
                2.0193E-03       -26.0262     
                2.02195E-03      -31.7268     
                2.0246E-03       -31.967      
                2.02725E-03      -30.0705     
                2.0299E-03       -26.3069     
                2.03255E-03      -27.2011     
                2.0352E-03       -26.5269     
                2.03785E-03      -27.0795     
                2.0405E-03       -22.1976     
                2.04315E-03      -26.8116     
                2.0458E-03       -28.4184     
                2.04845E-03      -26.1568     
                2.0511E-03       -27.5779     
                2.05375E-03      -27.3052     
                2.0564E-03       -26.4836     
                2.05905E-03      -26.6083     
                2.0617E-03       -28.871      
                2.06435E-03      -32.4176     
                2.067E-03        -31.6282     
                2.06965E-03      -30.2851     
                2.0723E-03       -29.2715     
                2.07495E-03      -25.9757     
                2.0776E-03       -28.924      
                2.08025E-03      -28.4759     
                2.0829E-03       -31.6697     
                2.08555E-03      -33.5432     
                2.0882E-03       -33.4961     
                2.09085E-03      -28.3741     
                2.0935E-03       -29.8993     
                2.09615E-03      -31.1825     
                2.0988E-03       -35.1516     
                2.10145E-03      -34.2669     
                2.1041E-03       -35.6359     
                2.10675E-03      -31.6982     
                2.1094E-03       -31.8815     
                2.11205E-03      -31.8664     
                2.1147E-03        -3.0157E-03 
                2.11735E-03      -32.4986     
                2.12E-03         -30.281      
                2.12265E-03      -33.2158     
                2.1253E-03       -31.9558     
                2.12795E-03      -34.0793     
                2.1306E-03       -32.2906     
                2.13325E-03      -31.1211     
                2.1359E-03       -31.0005     
                2.13855E-03      -33.5959     
                2.1412E-03       -33.5811     
                2.14385E-03      -35.914      
                2.1465E-03       -33.9631     
                2.14915E-03      -31.543      
                2.1518E-03       -34.3597     
                2.15445E-03      -31.5328     
                2.1571E-03       -25.4009     
                2.15975E-03      -27.178      
                2.1624E-03       -20.0453     
                2.16505E-03      -26.9497     
                2.1677E-03       122.115E-06  
                2.17035E-03     -383.38E-03   
                2.173E-03        -27.2993     
                2.17565E-03      -69.2411     
                2.1783E-03       -85.8063     
                2.18095E-03      -89.2818     
                2.1836E-03       -92.9875     
                2.18625E-03      -87.4666     
                2.1889E-03       -87.516      
                2.19155E-03      -85.6036     
                2.1942E-03       -83.2982     
                2.19685E-03      -85.3902     
                2.1995E-03       -82.1873     
                2.20215E-03      -76.2995     
                2.2048E-03       -77.4546     
                2.20745E-03      -78.7994     
                2.2101E-03       -77.9973     
                2.21275E-03      -70.3258     
                2.2154E-03       -70.4102     
                2.21805E-03      -68.9149     
                2.2207E-03       -70.1388     
                2.22335E-03      -60.1327     
                2.226E-03        -59.8572     
                2.22865E-03      -58.7936     
                2.2313E-03       -48.3162     
                2.23395E-03      -38.1535     
                2.2366E-03       -58.7713     
                2.23925E-03      -54.3646     
                2.2419E-03       -51.4692     
                2.24455E-03      -46.7467     
                2.2472E-03       -46.4148     
                2.24985E-03      -42.9545     
                2.2525E-03       -51.6411     
                2.25515E-03      -47.585      
                2.2578E-03       -47.7489     
                2.26045E-03      -16.649      
                2.2631E-03       -41.0202     
                2.26575E-03      -46.1636     
                2.2684E-03       -45.5534     
                2.27105E-03      -44.4313     
                2.2737E-03       -46.5609     
                2.27635E-03      -36.2986     
                2.279E-03        -37.1334     
                2.28165E-03      -36.7487     
                2.2843E-03       -26.6789     
                2.28695E-03      -40.7399     
                2.2896E-03       -31.6484     
                2.29225E-03      -33.12       
                2.2949E-03       -34.7049     
                2.29755E-03      -33.2412     
                2.3002E-03       -27.4335     
                2.30285E-03      -15.5298     
                2.3055E-03       -29.1001     
                2.30815E-03      -26.1978     
                2.3108E-03       -32.504      
                2.31345E-03      -30.7804     
                2.3161E-03         1.92613E-03
                2.31875E-03      -19.4619     
                2.3214E-03       -12.5694     
                2.32405E-03      -34.1438     
                2.3267E-03        11.4338E-03 
                2.32935E-03       -7.00966    
                2.332E-03        -46.4994     
                2.33465E-03      -53.2258     
                2.3373E-03       -51.2638     
                2.33995E-03      -54.066      
                2.3426E-03       -55.2979     
                2.34525E-03      -52.5573     
                2.3479E-03       -22.5383     
                2.35055E-03      -48.3911     
                2.3532E-03       -49.2005     
                2.35585E-03      -49.6854     
                2.3585E-03       -50.4622     
                2.36115E-03      -49.4178     
                2.3638E-03       -50.2905     
                2.36645E-03      -46.3722     
                2.3691E-03       -47.7062     
                2.37175E-03      -45.8922     
                2.3744E-03       -45.0129     
                2.37705E-03      -19.4219     
                2.3797E-03       -43.8956     
                2.38235E-03      -46.0556     
                2.385E-03        -48.1649     
                2.38765E-03      -45.7218     
                2.3903E-03       -38.4011     
                2.39295E-03      -42.5745     
                2.3956E-03       -41.9659     
                2.39825E-03      -42.1419     
                2.4009E-03       -33.4788     
                2.40355E-03      -21.5236     
                2.4062E-03       -39.0229     
                2.40885E-03      -40.7266     
                2.4115E-03       -39.3667     
                2.41415E-03      -35.8069     
                2.4168E-03       -37.9612     
                2.41945E-03      -36.7623     
                2.4221E-03       -38.3623     
                2.42475E-03      -37.3711     
                2.4274E-03       -32.7555     
                2.43005E-03      -38.0743     
                2.4327E-03       -38.4053     
                2.43535E-03      -38.8929     
                2.438E-03        -37.3863     
                2.44065E-03      -38.4945     
                2.4433E-03       -34.048      
                2.44595E-03      -33.9284     
                2.4486E-03       -33.1706     
                2.45125E-03      -34.169      
                2.4539E-03       -28.619      
                2.45655E-03      -24.1522     
                2.4592E-03       -29.4311     
                2.46185E-03      -16.6722     
                2.4645E-03         1.45604E-03
                2.46715E-03      -41.5922     
                2.4698E-03       -73.0392     
                2.47245E-03      -65.9524     
                2.4751E-03       -67.5798     
                2.47775E-03      -64.4108     
                2.4804E-03       -69.0484     
                2.48305E-03      -67.3484     
                2.4857E-03       -64.7265     
                2.48835E-03      -65.6421     
                2.491E-03        -62.1865     
                2.49365E-03      -63.2163     
                2.4963E-03       -53.9806     
                2.49895E-03      -56.4197     
                2.5016E-03       -57.603      
                2.50425E-03      -57.0171     
                2.5069E-03        -8.2295     
                2.50955E-03      -39.4826     
                2.5122E-03       -53.6721     
                2.51485E-03      -55.1585     
                2.5175E-03       -55.4904     
                2.52015E-03      -58.5078     
                2.5228E-03       -47.7749     
                2.52545E-03      -48.1006     
                2.5281E-03       -46.7627     
                2.53075E-03      -50.7707     
                2.5334E-03       -39.0258     
                2.53605E-03      -40.5928     
                2.5387E-03       -40.414      
                2.54135E-03      -39.098      
                2.544E-03        -28.8447     
                2.54665E-03      -45.4506     
                2.5493E-03       -39.2774     
                2.55195E-03      -37.7711     
                2.5546E-03        -3.28336E-03
                2.55725E-03      -36.6127     
                2.5599E-03       -39.6329     
                2.56255E-03      -35.6702     
                2.5652E-03       -23.9688     
                2.56785E-03      -39.4643     
                2.5705E-03       -30.0318     
                2.57315E-03      -49.7038     
                2.5758E-03       -49.2327     
                2.57845E-03      -33.4677     
                2.5811E-03       -49.9287     
                2.58375E-03      -59.3816     
                2.5864E-03        -6.10592    
                2.58905E-03      -49.8304     
                2.5917E-03       -57.2802     
                2.59435E-03      -62.3246     
                2.597E-03        -60.2503     
                2.59965E-03      -62.4428     
                2.6023E-03       -54.4756     
                2.60495E-03      -19.9931     
                2.6076E-03       -53.1514     
                2.61025E-03      -61.2072     
                2.6129E-03       -56.3431     
                2.61555E-03      -57.8884     
                2.6182E-03       -55.8624     
                2.62085E-03      -53.7674     
                2.6235E-03       -53.2794     
                2.62615E-03        5.90063E-03
                2.6288E-03       -46.5685     
                2.63145E-03      -55.1328     
                2.6341E-03       -53.2255     
                2.63675E-03      -54.6602     
                2.6394E-03        -1.22701E-03
                2.64205E-03      -49.5372     
                2.6447E-03       -56.5137     
                2.64735E-03      -56.1167     
                2.65E-03         -52.3705     
                2.65265E-03      -25.5688     
                2.6553E-03       -48.165      
                2.65795E-03      -56.7904     
                2.6606E-03       -54.5855     
                2.66325E-03      -57.3892     
                2.6659E-03       -50.7742     
                2.66855E-03      -55.1617     
                2.6712E-03       -34.3683     
                2.67385E-03      -53.7558     
                2.6765E-03       -56.666      
                2.67915E-03      -57.601      
                2.6818E-03       -49.6951     
                2.68445E-03      -51.688      
                2.6871E-03       -52.1607     
                2.68975E-03      -52.9632     
                2.6924E-03       -45.4532     
                2.69505E-03      -40.6613     
                2.6977E-03       -51.5316     
                2.70035E-03      -52.0035     
                2.703E-03        -53.4224     
                2.70565E-03      -49.1774     
                2.7083E-03       -45.8465     
                2.71095E-03      -44.7848     
                2.7136E-03       -24.7577     
                2.71625E-03      -47.1587     
                2.7189E-03       -49.5086     
                2.72155E-03      -40.0477     
                2.7242E-03       -43.0675     
                2.72685E-03      -44.1834     
                2.7295E-03       -42.3584     
                2.73215E-03      -12.6647     
                2.7348E-03       -42.8386     
                2.73745E-03      -41.1059     
                2.7401E-03       -40.6189     
                2.74275E-03      -40.8946     
                2.7454E-03       -43.7673     
                2.74805E-03      -37.2569     
                2.7507E-03       -28.8585     
                2.75335E-03      -42.1913     
                2.756E-03        -41.1043     
                2.75865E-03      -41.7093     
                2.7613E-03       -42.4536     
                2.76395E-03      -36.5874     
                2.7666E-03       -21.8207     
                2.76925E-03      -39.1979     
                2.7719E-03       -40.9107     
                2.77455E-03      -24.0008     
                2.7772E-03       -44.9168     
                2.77985E-03      -46.6851     
                2.7825E-03       -39.2213     
                2.78515E-03      -18.7929     
                2.7878E-03       -42.365      
                2.79045E-03      -47.0301     
                2.7931E-03       -42.0905     
                2.79575E-03      -40.0746     
                2.7984E-03       -29.7838     
                2.80105E-03      -44.7565     
                2.8037E-03       -40.0022     
                2.80635E-03      -45.6305     
                2.809E-03        -45.3217     
                2.81165E-03      -25.3043     
                2.8143E-03       -44.0521     
                2.81695E-03      -45.7854     
                2.8196E-03       -18.4289     
                2.82225E-03      -43.8127     
                2.8249E-03       -50.5765     
                2.82755E-03      -51.2915     
                2.8302E-03       -45.9796     
                2.83285E-03      -50.0261     
                2.8355E-03       -45.6516     
                2.83815E-03      -40.8715     
                2.8408E-03       -52.9301     
                2.84345E-03      -47.6267     
                2.8461E-03       -47.9242     
                2.84875E-03      -46.8722     
                2.8514E-03       -50.3784     
                2.85405E-03      -41.0396     
                2.8567E-03       -48.7612     
                2.85935E-03      -51.8072     
                2.862E-03        -47.0795     
                2.86465E-03      -46.0051     
                2.8673E-03       -49.3076     
                2.86995E-03      -34.1758     
                2.8726E-03       -49.9261     
                2.87525E-03      -45.8405     
                2.8779E-03       -49.1514     
                2.88055E-03      -47.7677     
                2.8832E-03       -44.6408     
                2.88585E-03      -28.9167     
                2.8885E-03       -53.0176     
                2.89115E-03      -50.0328     
                2.8938E-03       -47.9781     
                2.89645E-03      -47.3684     
                2.8991E-03       -44.2576     
                2.90175E-03      -49.1246     
                2.9044E-03         3.18606E-03
                2.90705E-03      -37.4612     
                2.9097E-03       -49.9903     
                2.91235E-03      -46.7699     
                2.915E-03        -46.253      
                2.91765E-03      -41.7179     
                2.9203E-03       -43.6977     
                2.92295E-03      -26.1199     
                2.9256E-03       -42.6424     
                2.92825E-03      -46.342      
                2.9309E-03       -46.5924     
                2.93355E-03      -41.5201     
                2.9362E-03       -40.8809     
                2.93885E-03      -27.9806     
                2.9415E-03       -47.0916     
                2.94415E-03      -45.2619     
                2.9468E-03       -39.1821     
                2.94945E-03      -37.2772     
                2.9521E-03       -39.1929     
                2.95475E-03      -22.391      
                2.9574E-03       -44.4047     
                2.96005E-03      -46.4248     
                2.9627E-03       -40.3891     
                2.96535E-03      -40.3478     
                2.968E-03        -36.0891     
                2.97065E-03      -45.2454     
                2.9733E-03       -46.1222     
                2.97595E-03      -44.224      
                2.9786E-03       -40.4653     
                2.98125E-03      -42.2352     
                2.9839E-03       -40.1428     
                2.98655E-03      -45.0612     
                2.9892E-03       -46.1971     
                2.99185E-03      -46.9278     
                2.9945E-03       -33.7242     
                2.99715E-03      -48.6607     
                2.9998E-03       -47.2214     
                3.00245E-03      -47.4325     
                3.0051E-03       -46.1432     
                3.00775E-03      -42.9018     
                3.0104E-03       -53.6749     
                3.01305E-03      -45.4001     
                3.0157E-03       -48.5951     
                3.01835E-03      -46.1759     
                3.021E-03        -49.8824     
                3.02365E-03      -42.5859     
                3.0263E-03       -54.7795     
                3.02895E-03      -48.4678     
                3.0316E-03       -49.2601     
                3.03425E-03      -47.7928     
                3.0369E-03       -29.3766     
                3.03955E-03      -48.1356     
                3.0422E-03       -53.1452     
                3.04485E-03      -46.9331     
                3.0475E-03       -47.6028     
                3.05015E-03      -46.4218     
                3.0528E-03       -48.5104     
                3.05545E-03      -25.215      
                3.0581E-03       -43.2864     
                3.06075E-03      -45.2605     
                3.0634E-03       -46.1829     
                3.06605E-03      -46.1204     
                3.0687E-03       -46.0101     
                3.07135E-03      -36.1143     
                3.074E-03        -46.5428     
                3.07665E-03      -46.5728     
                3.0793E-03       -45.8624     
                3.08195E-03      -46.5318     
                3.0846E-03       -35.8915     
                3.08725E-03      -26.6458     
                3.0899E-03       -46.8503     
                3.09255E-03      -47.0602     
                3.0952E-03       -47.6364     
                3.09785E-03      -47.5072     
                3.1005E-03       -43.1753     
                3.10315E-03      -33.1764     
                3.1058E-03       -43.5704     
                3.10845E-03      -45.4779     
                3.1111E-03       -45.7915     
                3.11375E-03      -46.6395     
                3.1164E-03       -25.1457     
                3.11905E-03      -44.3546     
                3.1217E-03       -48.6184     
                3.12435E-03      -45.6054     
                3.127E-03        -49.961      
                3.12965E-03      -44.3922     
                3.1323E-03       -15.9562     
                3.13495E-03      -38.7691     
                3.1376E-03       -49.4156     
                3.14025E-03      -45.0975     
                3.1429E-03       -50.6286     
                3.14555E-03      -43.5189     
                3.1482E-03       -44.4595     
                3.15085E-03      -35.4927     
                3.1535E-03       -45.2753     
                3.15615E-03      -48.4581     
                3.1588E-03       -44.6143     
                3.16145E-03      -42.0881     
                3.1641E-03       -19.1409     
                3.16675E-03      -45.7387     
                3.1694E-03       -46.0207     
                3.17205E-03      -47.5356     
                3.1747E-03       -48.6792     
                3.17735E-03      -28.3607     
                3.18E-03         -46.9467     
                3.18265E-03      -48.2107     
                3.1853E-03       -48.9361     
                3.18795E-03      -49.3613     
                3.1906E-03         5.24996E-03
                3.19325E-03      -31.532      
                3.1959E-03       -45.5501     
                3.19855E-03      -44.5852     
                3.2012E-03       -45.8999     
                3.20385E-03      -47.0777     
                3.2065E-03       -27.5112     
                3.20915E-03      -36.2591     
                3.2118E-03       -47.7456     
                3.21445E-03      -47.8488     
                3.2171E-03       -47.0305     
                3.21975E-03      -29.5631     
                3.2224E-03       -51.8624     
                3.22505E-03      -48.7588     
                3.2277E-03       -47.9994     
                3.23035E-03      -49.6646     
                3.233E-03        -49.3609     
                3.23565E-03      -50.6882     
                3.2383E-03       -29.4959     
                3.24095E-03      -48.0762     
                3.2436E-03       -46.5432     
                3.24625E-03      -47.3488     
                3.2489E-03       -51.2819     
                3.25155E-03      -26.5717     
                3.2542E-03       -38.6713     
                3.25685E-03      -42.8708     
                3.2595E-03       -45.5722     
                3.26215E-03      -46.3787     
                3.2648E-03       -45.2311     
                3.26745E-03      -42.4154     
                3.2701E-03       -27.6665     
                3.27275E-03      -42.0766     
                3.2754E-03       -45.791      
                3.27805E-03      -42.529      
                3.2807E-03       -45.0732     
                3.28335E-03      -36.9096     
                3.286E-03        -48.7388     
                3.28865E-03      -49.4227     
                3.2913E-03       -47.3798     
                3.29395E-03      -48.6466     
                3.2966E-03       -36.4464     
                3.29925E-03      -53.7962     
                3.3019E-03       -45.2165     
                3.30455E-03      -51.0899     
                3.3072E-03       -49.5915     
                3.30985E-03      -46.4137     
                3.3125E-03       -41.9864     
                3.31515E-03      -31.3852     
                3.3178E-03       -47.2809     
                3.32045E-03      -46.3442     
                3.3231E-03       -48.6907     
                3.32575E-03      -48.7899     
                3.3284E-03       -40.6746     
                3.33105E-03      -45.2044     
                3.3337E-03       -37.2693     
                3.33635E-03      -48.6295     
                3.339E-03        -44.9267     
                3.34165E-03      -48.4737     
                3.3443E-03       -25.215      
                3.34695E-03      -46.2386     
                3.3496E-03       -50.361      
                3.35225E-03      -44.5576     
                3.3549E-03       -48.0149     
                3.35755E-03      -40.0548     
                3.3602E-03       -16.9854     
                3.36285E-03      -44.9833     
                3.3655E-03       -48.8509     
                3.36815E-03      -46.8955     
                3.3708E-03       -46.129      
                3.37345E-03       -7.83517    
                3.3761E-03       -40.1616     
                3.37875E-03      -43.4076     
                3.3814E-03       -43.4769     
                3.38405E-03      -44.8252     
                3.3867E-03       -45.7555     
                3.38935E-03      -25.5994     
                3.392E-03        -46.5132     
                3.39465E-03      -46.3018     
                3.3973E-03       -48.7225     
                3.39995E-03      -46.9984     
                3.4026E-03       -47.7201     
                3.40525E-03      -19.3837     
                3.4079E-03       -44.8741     
                3.41055E-03      -45.2407     
                3.4132E-03       -49.0962     
                3.41585E-03      -49.1924     
                3.4185E-03       -40.7759     
                3.42115E-03      -37.0553     
                3.4238E-03       -48.9004     
                3.42645E-03      -45.1432     
                3.4291E-03       -45.7703     
                3.43175E-03      -47.7535     
                3.4344E-03       -19.0939     
                3.43705E-03      -46.532      
                3.4397E-03       -46.3369     
                3.44235E-03      -47.6249     
                3.445E-03        -51.8892     
                3.44765E-03      -46.9337     
                3.4503E-03       -28.3886     
                3.45295E-03      -44.5851     
                3.4556E-03       -44.9872     
                3.45825E-03      -48.4332     
                3.4609E-03       -48.4552     
                3.46355E-03      -48.1533     
                3.4662E-03       -33.6466     
                3.46885E-03      -45.2964     
                3.4715E-03       -48.9073     
                3.47415E-03      -47.9482     
                3.4768E-03       -48.6371     
                3.47945E-03      -18.6774     
                3.4821E-03       -47.1035     
                3.48475E-03      -49.7428     
                3.4874E-03       -46.6792     
                3.49005E-03      -50.3134     
                3.4927E-03       -47.0058     
                3.49535E-03      -22.8187     
                3.498E-03        -41.8235     
                3.50065E-03      -45.6598     
                3.5033E-03       -47.1364     
                3.50595E-03      -47.8891     
                3.5086E-03       -36.9388     
                3.51125E-03      -37.0824     
                3.5139E-03       -44.4728     
                3.51655E-03      -45.0086     
                3.5192E-03       -45.7006     
                3.52185E-03      -45.1992     
                3.5245E-03      -835.747E-06  
                3.52715E-03      -34.6635     
                3.5298E-03       -45.2109     
                3.53245E-03      -45.7358     
                3.5351E-03       -46.9056     
                3.53775E-03      -16.4553     
                3.5404E-03       -42.3605     
                3.54305E-03      -41.2109     
                3.5457E-03       -45.4819     
                3.54835E-03      -43.1559     
                3.551E-03        -46.822      
                3.55365E-03      -45.6566     
                3.5563E-03       -20.58       
                3.55895E-03      -43.6612     
                3.5616E-03       -49.7393     
                3.56425E-03      -49.1881     
                3.5669E-03       -49.8294     
                3.56955E-03      -49.1593     
                3.5722E-03       -20.4565     
                3.57485E-03      -43.0601     
                3.5775E-03       -43.4825     
                3.58015E-03      -45.6714     
                3.5828E-03       -46.7127     
                3.58545E-03        6.19666E-03
                3.5881E-03       -37.2109     
                3.59075E-03      -47.8937     
                3.5934E-03       -45.3409     
                3.59605E-03      -48.2075     
                3.5987E-03       -47.781      
                3.60135E-03      -40.9755     
                3.604E-03        -37.2453     
                3.60665E-03      -46.3851     
                3.6093E-03       -42.7729     
                3.61195E-03      -48.4279     
                3.6146E-03       -47.5823     
                3.61725E-03      -19.413      
                3.6199E-03       -42.4174     
                3.62255E-03      -44.1338     
                3.6252E-03       -43.7505     
                3.62785E-03      -49.3153     
                3.6305E-03       -46.2953     
                3.63315E-03      -36.7921     
                3.6358E-03       -47.3174     
                3.63845E-03      -45.7003     
                3.6411E-03       -49.3405     
                3.64375E-03      -45.4183     
                3.6464E-03       -46.4369     
                3.64905E-03      -29.8029     
                3.6517E-03       -42.9557     
                3.65435E-03      -43.629      
                3.657E-03        -46.426      
                3.65965E-03      -47.9133     
                3.6623E-03       -17.6361     
                3.66495E-03      -42.6091     
                3.6676E-03       -49.1322     
                3.67025E-03      -47.7228     
                3.6729E-03       -48.6953     
                3.67555E-03      -47.609      
                3.6782E-03       -26.34       
                3.68085E-03      -44.418      
                3.6835E-03       -42.3787     
                3.68615E-03      -48.3763     
                3.6888E-03       -48.2338     
                3.69145E-03      -45.8852     
                3.6941E-03       -35.2194     
                3.69675E-03      -44.549      
                3.6994E-03       -42.2402     
                3.70205E-03      -49.7966     
                3.7047E-03       -45.7963     
                3.70735E-03      -42.8762     
                3.71E-03         -38.2714     
                3.71265E-03      -45.1075     
                3.7153E-03       -44.643      
                3.71795E-03      -47.8435     
                3.7206E-03       -46.7637     
                3.72325E-03      -22.5547     
                3.7259E-03       -43.9109     
                3.72855E-03      -48.6495     
                3.7312E-03       -46.8255     
                3.73385E-03      -51.7657     
                3.7365E-03       -46.9966     
                3.73915E-03      -28.7487     
                3.7418E-03       -44.381      
                3.74445E-03      -47.3871     
                3.7471E-03       -49.4307     
                3.74975E-03      -51.4393     
                3.7524E-03       -41.7886     
                3.75505E-03      -27.1048     
                3.7577E-03       -44.3746     
                3.76035E-03      -44.8346     
                3.763E-03        -48.1665     
                3.76565E-03      -48.8652     
                3.7683E-03       -17.0707     
                3.77095E-03      -46.0685     
                3.7736E-03       -50.6095     
                3.77625E-03      -47.6653     
                3.7789E-03       -48.0652     
                3.78155E-03      -48.417      
                3.7842E-03       -40.2688     
                3.78685E-03      -46.9432     
                3.7895E-03       -43.0957     
                3.79215E-03      -47.1181     
                3.7948E-03       -49.0827     
                3.79745E-03      -47.0994     
                3.8001E-03       -23.4827     
                3.80275E-03      -43.3777     
                3.8054E-03       -46.2977     
                3.80805E-03      -47.8081     
                3.8107E-03       -48.0904     
                3.81335E-03      -40.2593     
                3.816E-03        -43.3364     
                3.81865E-03      -34.3949     
                3.8213E-03       -43.7034     
                3.82395E-03      -44.7186     
                3.8266E-03       -45.9408     
                3.82925E-03      -43.0526     
                3.8319E-03       -30.2622     
                3.83455E-03      -45.0337     
                3.8372E-03       -44.0782     
                3.83985E-03      -46.7329     
                3.8425E-03       -49.3023     
                3.84515E-03      -43.1067     
                3.8478E-03       -40.2477     
                3.85045E-03      -49.5682     
                3.8531E-03       -47.1244     
                3.85575E-03      -46.6846     
                3.8584E-03       -47.9015     
                3.86105E-03      -32.7857     
                3.8637E-03       -46.7303     
                3.86635E-03      -48.5591     
                3.869E-03        -47.1967     
                3.87165E-03      -47.7522     
                3.8743E-03       -38.4804     
                3.87695E-03      -39.2232     
                3.8796E-03       -47.2364     
                3.88225E-03      -43.9142     
                3.8849E-03       -51.3611     
                3.88755E-03      -48.5745     
                3.8902E-03       -15.0377     
                3.89285E-03      -46.4067     
                3.8955E-03       -48.5531     
                3.89815E-03      -47.9876     
                3.9008E-03       -47.8638     
                3.90345E-03      -47.0468     
                3.9061E-03       -29.0831     
                3.90875E-03      -37.7957     
                3.9114E-03       -43.0911     
                3.91405E-03      -49.8299     
                3.9167E-03       -47.2285     
                3.91935E-03      -26.4664     
                3.922E-03        -44.2206     
                3.92465E-03      -47.097      
                3.9273E-03       -48.711      
                3.92995E-03      -46.3653     
                3.9326E-03       -30.029      
                3.93525E-03      -45.2976     
                3.9379E-03       -47.3571     
                3.94055E-03      -47.6914     
                3.9432E-03       -44.9905     
                3.94585E-03      -34.8267     
                3.9485E-03       -46.6586     
                3.95115E-03      -45.6891     
                3.9538E-03       -46.3392     
                3.95645E-03      -45.2508     
                3.9591E-03       -32.3654     
                3.96175E-03      -44.4967     
                3.9644E-03       -48.029      
                3.96705E-03      -44.929      
                3.9697E-03       -45.5136     
                3.97235E-03      -38.5926     
                3.975E-03        -50.649      
                3.97765E-03      -47.8149     
                3.9803E-03       -44.378      
                3.98295E-03      -49.1195     
                3.9856E-03       -38.1907     
                3.98825E-03      -49.3927     
                3.9909E-03       -48.7747     
                3.99355E-03      -46.1301     
                3.9962E-03       -38.3162     
                3.99885E-03      -27.041      
                4.0015E-03       -47.9418     
                4.00415E-03      -46.9157     
                4.0068E-03       -47.8006     
                4.00945E-03      -40.2865     
                4.0121E-03       -30.6298     
                4.01475E-03      -41.7745     
                4.0174E-03       -46.92       
                4.02005E-03      -46.6049     
                4.0227E-03       -10.0614     
                4.02535E-03      -43.527      
                4.028E-03        -48.414      
                4.03065E-03      -48.2213     
                4.0333E-03       -51.9231     
                4.03595E-03      -21.5682     
                4.0386E-03       -41.4254     
                4.04125E-03      -45.0173     
                4.0439E-03       -46.939      
                4.04655E-03      -49.7031     
                4.0492E-03       -15.0615     
                4.05185E-03      -44.9132     
                4.0545E-03       -48.5714     
                4.05715E-03      -47.2865     
                4.0598E-03       -49.8431     
                4.06245E-03      -30.0833     
                4.0651E-03       -44.6983     
                4.06775E-03      -45.504      
                4.0704E-03       -47.7874     
                4.07305E-03      -48.6803     
                4.0757E-03       -41.5856     
                4.07835E-03      -51.1099     
                4.081E-03        -47.3751     
                4.08365E-03      -47.1527     
                4.0863E-03       -48.8741     
                4.08895E-03      -29.206      
                4.0916E-03       -45.5494     
                4.09425E-03      -46.1915     
                4.0969E-03       -50.237      
                4.09955E-03      -48.7492     
                4.1022E-03       -32.465      
                4.10485E-03      -47.4881     
                4.1075E-03       -49.1713     
                4.11015E-03      -46.9495     
                4.1128E-03       -45.4739     
                4.11545E-03      -38.7341     
                4.1181E-03       -49.4458     
                4.12075E-03      -47.1441     
                4.1234E-03       -49.9324     
                4.12605E-03      -37.641      
                4.1287E-03       -19.3127     
                4.13135E-03      -46.4506     
                4.134E-03        -46.4203     
                4.13665E-03      -48.8242     
                4.1393E-03       -45.6494     
                4.14195E-03      -42.1635     
                4.1446E-03       -50.2296     
                4.14725E-03      -49.909      
                4.1499E-03       -49.9752     
                4.15255E-03       -1.65871E-03
                4.1552E-03       -41.2605     
                4.15785E-03      -48.2864     
                4.1605E-03       -46.6666     
                4.16315E-03      -51.3864     
                4.1658E-03       -41.0085     
                4.16845E-03      -35.2758     
                4.1711E-03       -50.0661     
                4.17375E-03      -46.943      
                4.1764E-03       -47.6884     
                4.17905E-03      -20.9134     
                4.1817E-03       -33.861      
                4.18435E-03      -46.7899     
                4.187E-03        -48.7013     
                4.18965E-03      -51.2878     
                4.1923E-03       -20.6139     
                4.19495E-03      -42.1146     
                4.1976E-03       -44.4774     
                4.20025E-03      -26.9405     
                4.2029E-03       -47.9825     
                4.20555E-03      -55.4231     
                4.2082E-03       -48.0036     
                4.21085E-03      -51.54       
                4.2135E-03       -47.1612     
                4.21615E-03      -49.6536     
                4.2188E-03       -19.5992     
                4.22145E-03      -40.6233     
                4.2241E-03       -45.6143     
                4.22675E-03      -47.0288     
                4.2294E-03       -51.4572     
                4.23205E-03      -36.2545     
                4.2347E-03       -47.0451     
                4.23735E-03      -50.7493     
                4.24E-03         -47.236      
                4.24265E-03      -50.327      
                4.2453E-03       -37.679      
                4.24795E-03      -49.1046     
                4.2506E-03       -50.0945     
                4.25325E-03      -46.6544     
                4.2559E-03       -50.5519     
                4.25855E-03      -23.6084     
                4.2612E-03       -45.5478     
                4.26385E-03      -47.1974     
                4.2665E-03       -50.3617     
                4.26915E-03      -49.3982     
                4.2718E-03       -51.42       
                4.27445E-03      -50.2697     
                4.2771E-03       -47.5047     
                4.27975E-03      -51.5298     
                4.2824E-03       -51.19       
                4.28505E-03      -44.7601     
                4.2877E-03       -29.7023     
                4.29035E-03      -46.2933     
                4.293E-03        -50.5223     
                4.29565E-03      -51.5121     
                4.2983E-03       -45.7411     
                4.30095E-03      -41.0621     
                4.3036E-03       -52.1744     
                4.30625E-03      -48.9418     
                4.3089E-03       -53.7162     
                4.31155E-03      -12.7734     
                4.3142E-03       -47.6496     
                4.31685E-03      -48.3632     
                4.3195E-03       -50.3679     
                4.32215E-03      -51.9317     
                4.3248E-03       -33.1334     
                4.32745E-03      -52.2775     
                4.3301E-03       -48.8772     
                4.33275E-03      -55.0924     
                4.3354E-03       -19.7547     
                4.33805E-03      -51.6328     
                4.3407E-03       -49.9159     
                4.34335E-03      -50.1083     
                4.346E-03        -50.9381     
                4.34865E-03      -31.996      
                4.3513E-03       -55.5317     
                4.35395E-03      -51.5489     
                4.3566E-03       -52.3482     
                4.35925E-03      -53.3496     
                4.3619E-03       -51.4172     
                4.36455E-03      -40.7851     
                4.3672E-03       -52.6572     
                4.36985E-03      -51.7361     
                4.3725E-03       -51.3974     
                4.37515E-03      -48.3127     
                4.3778E-03       -57.7323     
                4.38045E-03      -52.7752     
                4.3831E-03       -52.9848     
                4.38575E-03      -54.3844     
                4.3884E-03       -52.4557     
                4.39105E-03      -33.2797     
                4.3937E-03       -47.7814     
                4.39635E-03      -50.6586     
                4.399E-03        -51.2837     
                4.40165E-03      -52.6998     
                4.4043E-03       -40.9446     
                4.40695E-03      -49.2004     
                4.4096E-03       -50.8038     
                4.41225E-03      -50.0849     
                4.4149E-03       -42.707      
                4.41755E-03      -36.7273     
                4.4202E-03       -49.2545     
                4.42285E-03      -49.4247     
                4.4255E-03       -50.328      
                4.42815E-03      -52.6424     
                4.4308E-03       -21.3206     
                4.43345E-03      -38.4962     
                4.4361E-03       -47.5944     
                4.43875E-03      -48.1592     
                4.4414E-03       -49.852      
                4.44405E-03      -43.7881     
                4.4467E-03       -14.8125     
                4.44935E-03      -42.3539     
                4.452E-03        -47.482      
                4.45465E-03      -48.3313     
                4.4573E-03       -42.4386     
                4.45995E-03      -43.7389     
                4.4626E-03       -46.5352     
                4.46525E-03      -45.0868     
                4.4679E-03       -49.9776     
                4.47055E-03      -39.817      
                4.4732E-03       -48.5897     
                4.47585E-03      -49.554      
                4.4785E-03       -47.5158     
                4.48115E-03      -12.2217     
                4.4838E-03       -47.6718     
                4.48645E-03      -47.9188     
                4.4891E-03       -47.4837     
                4.49175E-03      -52.0544     
                4.4944E-03       -50.5535     
                4.49705E-03      -29.8858     
                4.4997E-03       -46.7407     
                4.50235E-03      -51.0593     
                4.505E-03        -52.318      
                4.50765E-03      -52.3076     
                4.5103E-03       -24.1125     
                4.51295E-03      -50.2173     
                4.5156E-03       -20.582      
                4.51825E-03      -52.2478     
                4.5209E-03       -50.3122     
                4.52355E-03      -17.7176     
                4.5262E-03       -50.3031     
                4.52885E-03      -47.1632     
                4.5315E-03       -54.0844     
                4.53415E-03      -52.8478     
                4.5368E-03       -54.6236     
                4.53945E-03      -56.1632     
                4.5421E-03       -18.6716     
                4.54475E-03      -50.7975     
                4.5474E-03       -52.2528     
                4.55005E-03      -54.7342     
                4.5527E-03       -56.3753     
                4.55535E-03      -55.8746     
                4.558E-03        -51.3755     
                4.56065E-03      -53.262      
                4.5633E-03       -41.9118     
                4.56595E-03      -54.3003     
                4.5686E-03       -58.4734     
                4.57125E-03      -62.307      
                4.5739E-03       -61.4614     
                4.57655E-03      -58.6666     
                4.5792E-03       -17.8363     
                4.58185E-03      -49.6569     
                4.5845E-03       -60.2918     
                4.58715E-03      -66.7724     
                4.5898E-03       -65.0021     
                4.59245E-03      -64.9432     
                4.5951E-03       -63.1268     
                4.59775E-03      -61.2656     
                4.6004E-03       -65.8936     
                4.60305E-03      -64.9343     
                4.6057E-03       -16.2077     
                4.60835E-03      -54.2167     
                4.611E-03        -66.6872     
                4.61365E-03      -74.1825     
                4.6163E-03       -66.256      
                4.61895E-03      -74.8616     
                4.6216E-03       -74.9695     
                4.62425E-03      -70.9094     
                4.6269E-03       -76.0544     
                4.62955E-03      -78.1717     
                4.6322E-03       -43.3171     
                4.63485E-03      -77.9019     
                4.6375E-03       -80.3448     
                4.64015E-03      -88.2691     
                4.6428E-03       -92.1441     
                4.64545E-03      -88.3143     
                4.6481E-03       -94.6808     
                4.65075E-03      -92.8556     
                4.6534E-03       -95.1341     
                4.65605E-03      -93.2056     
                4.6587E-03       -95.9856     
                4.66135E-03      -49.5101     
                4.664E-03        -80.9576     
                4.66665E-03      -89.9407     
                4.6693E-03       -99.8494     
                4.67195E-03     -104.573      
                4.6746E-03      -107.533      
                4.67725E-03     -105.956      
                4.6799E-03       -84.9251     
                4.68255E-03      -48.0016     
                4.6852E-03       -64.1745     
                4.68785E-03      -70.3298     
                4.6905E-03       -67.2536     
                4.69315E-03      -30.5755     
                4.6958E-03       -30.3276     
                4.69845E-03      -29.8223     
                4.7011E-03       -30.586      
                4.70375E-03      -30.5508     
                4.7064E-03       -29.7803     
                4.70905E-03      -27.9552     
                4.7117E-03       -28.4842     
                4.71435E-03      -28.2515     
                4.717E-03        -21.3137     
                4.71965E-03      -27.2866     
                4.7223E-03       -25.683      
                4.72495E-03      -26.2171     
                4.7276E-03       -23.0543     
                4.73025E-03      -23.774      
                4.7329E-03       -23.599      
                4.73555E-03      -20.5004     
                4.7382E-03       -21.1479     
                4.74085E-03      -21.4641     
                4.7435E-03       -21.9199     
                4.74615E-03      -18.5323     
                4.7488E-03       -18.492      
                4.75145E-03      -18.5718     
                4.7541E-03       -18.6099     
                4.75675E-03      -15.3223     
                4.7594E-03       -11.7848     
                4.76205E-03      -17.3426     
                4.7647E-03       -18.1718     
                4.76735E-03      -18.2183     
                4.77E-03         -18.2456     
                4.77265E-03      -15.4333     
                4.7753E-03       -15.7661     
                4.77795E-03      -16.0926     
                4.7806E-03       -16.2421     
                4.78325E-03      -16.2173     
                4.7859E-03       -13.5436     
                4.78855E-03      -12.2532     
                4.7912E-03       -13.5913     
                4.79385E-03      -14.1719     
                4.7965E-03       -14.2884     
                4.79915E-03      -13.6711     
                4.8018E-03       -11.7319     
                4.80445E-03      -12.0192     
                4.8071E-03       -11.8961     
                4.80975E-03      -12.0489     
                4.8124E-03        -7.48713    
                4.81505E-03       -7.52574    
                4.8177E-03        -6.93737    
                4.82035E-03      -24.3604     
                4.823E-03        -30.5514     
                4.82565E-03      -38.8724     
                4.8283E-03       -40.7786     
                4.83095E-03      -41.5498     
                4.8336E-03       -34.6526     
                4.83625E-03      -35.0276     
                4.8389E-03       -36.6722     
                4.84155E-03      -39.623      
                4.8442E-03       -53.2919     
                4.84685E-03      -45.3412     
                4.8495E-03       -46.2094     
                4.85215E-03      -49.0751     
                4.8548E-03       -47.7817     
                4.85745E-03      -52.5606     
                4.8601E-03       -56.9613     
                4.86275E-03      -71.2001     
                4.8654E-03       -70.0782     
                4.86805E-03      -72.453      
                4.8707E-03       -62.4831     
                4.87335E-03      -69.9743     
                4.876E-03        -65.9495     
                4.87865E-03      -67.0181     
                4.8813E-03       -70.425      
                4.88395E-03      -69.801      
                4.8866E-03       -69.6271     
                4.88925E-03      -71.9204     
                4.8919E-03       -72.3456     
                4.89455E-03      -59.3495     
                4.8972E-03       -66.8012     
                4.89985E-03      -68.6086     
                4.9025E-03       -70.9844     
                4.90515E-03      -72.1906     
                4.9078E-03       -75.1075     
                4.91045E-03      -78.3493     
                4.9131E-03       -89.8963     
                4.91575E-03      -85.5016     
                4.9184E-03       -84.6853     
                4.92105E-03      -87.2765     
                4.9237E-03         2.54218E-03
                4.92635E-03      -15.6498     
                4.929E-03        -40.4966     
                4.93165E-03      -50.0323     
                4.9343E-03       -67.7807     
                4.93695E-03      -62.599      
                4.9396E-03       -11.0775E-03 
                4.94225E-03      -13.8882E-03 
                4.9449E-03       -15.3661     
                4.94755E-03      -29.5085     
                4.9502E-03       -32.6135     
                4.95285E-03      -41.796      
                4.9555E-03       -37.799      
                4.95815E-03      -29.4742     
                4.9608E-03       -33.0714     
                4.96345E-03      -34.1105     
                4.9661E-03       -34.8573     
                4.96875E-03      -40.741      
                4.9714E-03       -40.0792     
                4.97405E-03      -41.9507     
                4.9767E-03       -43.772      
                4.97935E-03      -44.7205     
                4.982E-03        -43.9558     
                4.98465E-03      -42.222      
                4.9873E-03       -33.3111     
                4.98995E-03      -43.0585     
                4.9926E-03       -46.6571     
                4.99525E-03      -44.0512     
                4.9979E-03       -39.8969     
                5.00055E-03      -41.5382     
                5.0032E-03       -48.6761     
                5.00585E-03      -47.5182     
                5.0085E-03       -44.2315     
                5.01115E-03      -44.7203     
                5.0138E-03       -46.5027     
                5.01645E-03      -47.3328     
                5.0191E-03       -32.9475     
                5.02175E-03      -41.0312     
                5.0244E-03       -43.5396     
                5.02705E-03      -47.0092     
                5.0297E-03       -49.0391     
                5.03235E-03      -49.8174     
                5.035E-03        -46.9061     
                5.03765E-03      -54.6113     
                5.0403E-03       -54.1631     
                5.04295E-03      -57.3393     
                5.0456E-03       -56.636      
                5.04825E-03      -50.7711     
                5.0509E-03       -52.7592     
                5.05355E-03      -55.6168     
                5.0562E-03       -56.9787     
                5.05885E-03      -56.6287     
                5.0615E-03       -54.2534     
                5.06415E-03      -61.7934     
                5.0668E-03       -63.2771     
                5.06945E-03      -65.0313     
                5.0721E-03       -59.4193     
                5.07475E-03      -60.5881     
                5.0774E-03       -61.9191     
                5.08005E-03      -65.5359     
                5.0827E-03       -63.7891     
                5.08535E-03      -61.477      
                5.088E-03        -62.9705     
                5.09065E-03      -66.4117     
                5.0933E-03       -70.0409     
                5.09595E-03      -68.2637     
                5.0986E-03       -65.546      
                5.10125E-03      -65.8164     
                5.1039E-03       -65.5219     
                5.10655E-03      -61.2651     
                5.1092E-03       -60.5397     
                5.11185E-03      -58.0591     
                5.1145E-03       -60.4592     
                5.11715E-03      -60.6277     
                5.1198E-03       -72.0017     
                5.12245E-03      -63.0784     
                5.1251E-03       -65.0525     
                5.12775E-03      -62.6125     
                5.1304E-03       -62.2112     
                5.13305E-03      -60.3201     
                5.1357E-03       -59.6243     
                5.13835E-03      -58.3988     
                5.141E-03        -57.4238     
                5.14365E-03      -58.6625     
                5.1463E-03       -54.994      
                5.14895E-03      -55.7483     
                5.1516E-03       -52.6971     
                5.15425E-03      -50.92       
                5.1569E-03       -51.1966     
                5.15955E-03      -49.1074     
                5.1622E-03       -43.4209     
                5.16485E-03      -43.0124     
                5.1675E-03       -40.7615     
                5.17015E-03      -39.6565     
                5.1728E-03       -44.4037     
                5.17545E-03      -42.4734     
                5.1781E-03       -45.8093     
                5.18075E-03      -43.3469     
                5.1834E-03       -51.0425     
                5.18605E-03      -57.2126     
                5.1887E-03       -55.006      
                5.19135E-03      -54.4787     
                5.194E-03        -52.8207     
                5.19665E-03      -50.7233     
                5.1993E-03       -51.348      
                5.20195E-03      -48.5813     
                5.2046E-03       -46.8578     
                5.20725E-03      -48.1637     
                5.2099E-03       -45.9722     
                5.21255E-03      -43.5748     
                5.2152E-03       -40.927      
                5.21785E-03      -36.3127     
                5.2205E-03       -33.9674     
                5.22315E-03      -38.4461     
                5.2258E-03       -36.897      
                5.22845E-03      -35.0649     
                5.2311E-03       -36.3058     
                5.23375E-03      -37.4106     
                5.2364E-03       -37.8505     
                5.23905E-03      -35.7724     
                5.2417E-03       -33.7698     
                5.24435E-03      -31.9856     
                5.247E-03        -34.7962     
                5.24965E-03      -31.2215     
                5.2523E-03       -34.4067     
                5.25495E-03      -33.885      
                5.2576E-03       -34.8213     
                5.26025E-03      -35.2424     
                5.2629E-03       -33.193      
                5.26555E-03      -34.7584     
                5.2682E-03       -35.3318     
                5.27085E-03      -33.2379     
                5.2735E-03       -32.8999     
                5.27615E-03      -30.7504     
                5.2788E-03       -28.9976     
                5.28145E-03      -29.5842     
                5.2841E-03       -28.4615     
                5.28675E-03      -29.2482     
                5.2894E-03       -28.5846     
                5.29205E-03      -28.6314     
                5.2947E-03       -27.4031     
                5.29735E-03      -25.6646     
                5.3E-03          -24.6639     




