
                  X               _temp_3     

                0.               305.119E-06  
                2.6508E-06       144.369      
                5.30045E-06     -211.314      
                7.9512E-06        57.5374     
               10.6011E-06       -15.4856     
               13.2509E-06      -219.173      
               15.9001E-06       -71.7186     
               18.5507E-06       -63.5615     
               21.2001E-06      -243.113      
               23.8508E-06       -78.2425     
               26.5002E-06      -137.504      
               29.1509E-06      -236.513      
               31.8003E-06       -56.7442     
               34.451E-06       -182.616      
               37.1004E-06      -193.525      
               39.751E-06       -119.471      
               42.4005E-06      -205.345      
               45.0511E-06      -196.128      
               47.7006E-06      -145.636      
               50.3512E-06      -223.78       
               53.0006E-06      -205.115      
               55.6501E-06      -155.96       
               58.3007E-06      -237.897      
               60.9501E-06      -186.898      
               63.6003E-06      -185.969      
               66.2503E-06      -235.097      
               68.9002E-06      -204.148      
               71.5501E-06      -209.152      
               74.2001E-06      -238.158      
               76.85E-06        -213.188      
               79.5011E-06      -215.241      
               82.1511E-06      -243.943      
               84.801E-06       -214.114      
               87.4509E-06      -226.78       
               90.1009E-06      -245.831      
               92.7508E-06      -222.403      
               95.4007E-06      -239.2        
               98.0507E-06      -245.368      
              100.701E-06       -236.134      
              103.351E-06       -244.766      
              106.E-06          -254.964      
              108.65E-06        -244.502      
              111.3E-06         -257.693      
              113.95E-06        -267.152      
              116.6E-06         -255.069      
              119.25E-06        -278.953      
              121.9E-06         -272.832      
              124.55E-06        -265.643      
              127.201E-06       -276.842      
              129.851E-06       -275.437      
              132.501E-06       -272.89       
              135.151E-06       -289.432      
              137.801E-06       -291.218      
              140.451E-06       -291.456      
              143.101E-06       -276.691      
              145.751E-06       -284.323      
              148.401E-06       -291.323      
              151.051E-06       -309.546      
              153.7E-06         -216.294      
              156.35E-06        -231.989      
              159.E-06          -239.439      
              161.65E-06        -240.304      
              164.3E-06         -264.719      
              166.95E-06        -266.842      
              169.6E-06         -250.4        
              172.25E-06        -250.615      
              174.901E-06       -270.647      
              177.551E-06       -267.205      
              180.201E-06       -274.938      
              182.851E-06       -288.279      
              185.501E-06       -295.992      
              188.151E-06       -295.873      
              190.801E-06       -295.485      
              193.451E-06       -238.335      
              196.101E-06       -250.823      
              198.751E-06       -260.007      
              201.4E-06         -279.008      
              204.05E-06        -236.312      
              206.7E-06         -253.358      
              209.35E-06        -280.608      
              212.E-06          -274.791      
              214.65E-06        -299.938      
              217.3E-06         -235.946      
              219.95E-06        -261.127      
              222.601E-06       -272.001      
              225.251E-06       -295.348      
              227.901E-06       -318.318      
              230.551E-06       -291.125      
              233.201E-06       -307.31       
              235.851E-06       -318.998      
              238.501E-06       -285.701      
              241.151E-06       -303.06       
              243.801E-06       -219.526      
              246.45E-06        -244.713      
              249.1E-06         -270.723      
              251.75E-06        -274.433      
              254.4E-06         -199.649      
              257.051E-06       -226.155      
              259.701E-06       -245.605      
              262.351E-06       -281.05       
              265.001E-06       -243.309      
              267.651E-06       -280.784      
              270.301E-06       -240.385      
              272.951E-06       -264.592      
              275.601E-06       -285.375      
              278.251E-06       -294.239      
              280.9E-06         -262.847      
              283.55E-06        -273.367      
              286.2E-06         -259.636      
              288.85E-06        -273.835      
              291.5E-06         -305.177      
              294.15E-06        -252.292      
              296.801E-06       -292.692      
              299.451E-06       -282.702      
              302.101E-06       -254.69       
              304.751E-06       -262.369      
              307.401E-06       -273.589      
              310.051E-06       -251.121      
              312.701E-06       -251.711      
              315.351E-06       -276.501      
              318.001E-06       -216.889      
              320.65E-06        -257.481      
              323.3E-06         -263.961      
              325.95E-06        -258.184      
              328.6E-06         -248.532      
              331.25E-06        -257.815      
              333.9E-06         -257.511      
              336.55E-06        -233.379      
              339.201E-06       -243.988      
              341.851E-06       -260.539      
              344.501E-06       -256.226      
              347.151E-06       -264.765      
              349.801E-06       -246.649      
              352.451E-06       -258.953      
              355.101E-06       -282.009      
              357.751E-06       -280.02       
              360.401E-06       -275.677      
              363.05E-06        -253.058      
              365.7E-06         -259.328      
              368.35E-06        -272.629      
              371.E-06          -295.898      
              373.65E-06        -264.185      
              376.3E-06         -266.931      
              378.951E-06       -297.192      
              381.601E-06       -281.151      
              384.251E-06       -268.346      
              386.901E-06       -269.53       
              389.551E-06       -279.362      
              392.201E-06       -294.299      
              394.851E-06       -294.531      
              397.501E-06       -257.876      
              400.151E-06       -279.183      
              402.8E-06         -273.278      
              405.45E-06        -316.569      
              408.1E-06         -299.651      
              410.75E-06        -297.784      
              413.4E-06         -269.672      
              416.05E-06        -296.544      
              418.7E-06         -304.986      
              421.351E-06       -308.799      
              424.001E-06       -326.459      
              426.651E-06       -266.062      
              429.301E-06       -280.039      
              431.951E-06       -306.166      
              434.601E-06       -304.85       
              437.251E-06       -298.644      
              439.901E-06       -255.598      
              442.551E-06       -314.544      
              445.2E-06         -309.797      
              447.85E-06        -285.34       
              450.5E-06         -293.478      
              453.15E-06        -302.799      
              455.8E-06         -320.977      
              458.45E-06        -313.988      
              461.1E-06         -302.234      
              463.751E-06       -336.666      
              466.401E-06       -298.877      
              469.051E-06       -316.577      
              471.701E-06       -328.77       
              474.351E-06       -292.587      
              477.001E-06       -309.62       
              479.651E-06       -236.164      
              482.301E-06       -251.121      
              484.951E-06       -260.6        
              487.6E-06         -305.619      
              490.25E-06        -297.842      
              492.9E-06         -310.578      
              495.55E-06        -276.02       
              498.2E-06         -259.311      
              500.85E-06        -292.752      
              503.501E-06       -322.564      
              506.151E-06       -321.316      
              508.801E-06       -287.12       
              511.451E-06       -293.98       
              514.101E-06       -292.192      
              516.751E-06       -317.711      
              519.401E-06       -266.191      
              522.051E-06       -325.314      
              524.701E-06       -258.579      
              527.35E-06        -258.551      
              530.E-06          -306.542      
              532.65E-06        -258.221      
              535.3E-06         -210.998      
              537.95E-06        -281.257      
              540.6E-06         -303.009      
              543.25E-06        -267.65       
              545.901E-06       -275.731      
              548.551E-06       -305.73       
              551.201E-06       -298.973      
              553.851E-06       -306.762      
              556.501E-06       -315.564      
              559.151E-06       -296.081      
              561.801E-06       -280.577      
              564.451E-06       -283.036      
              567.101E-06       -304.195      
              569.75E-06        -303.014      
              572.4E-06         -261.032      
              575.05E-06        -292.799      
              577.7E-06         -284.859      
              580.351E-06       -278.678      
              583.001E-06       -234.567      
              585.651E-06       -286.1        
              588.301E-06       -261.742      
              590.95E-06        -292.876      
              593.6E-06         -308.167      
              596.25E-06        -236.446      
              598.9E-06         -274.121      
              601.55E-06        -259.605      
              604.2E-06         -273.772      
              606.851E-06       -294.211      
              609.501E-06       -275.365      
              612.151E-06       -244.09       
              614.801E-06       -259.063      
              617.451E-06       -287.782      
              620.101E-06       -261.605      
              622.751E-06       -269.493      
              625.401E-06       -262.141      
              628.051E-06       -264.112      
              630.7E-06         -262.018      
              633.35E-06        -274.962      
              636.E-06          -275.586      
              638.65E-06        -278.014      
              641.3E-06         -210.747      
              643.95E-06        -227.469      
              646.6E-06         -265.915      
              649.25E-06        -277.181      
              651.901E-06       -236.83       
              654.551E-06       -270.607      
              657.201E-06       -236.957      
              659.851E-06       -263.266      
              662.501E-06       -269.361      
              665.151E-06       -250.273      
              667.801E-06       -241.646      
              670.451E-06       -248.238      
              673.1E-06         -265.177      
              675.75E-06        -238.767      
              678.4E-06         -213.188      
              681.05E-06        -211.986      
              683.701E-06       -248.742      
              686.351E-06       -255.092      
              689.001E-06       -270.708      
              691.65E-06        -257.244      
              694.301E-06       -251.867      
              696.951E-06       -252.521      
              699.6E-06         -257.594      
              702.251E-06       -242.338      
              704.901E-06       -209.086      
              707.551E-06       -247.218      
              710.201E-06       -242.652      
              712.851E-06       -282.696      
              715.501E-06       -282.876      
              718.15E-06        -271.336      
              720.8E-06         -269.409      
              723.45E-06        -140.536      
              726.1E-06         -232.985      
              728.75E-06        -289.258      
              731.4E-06         -259.974      
              734.05E-06        -279.901      
              736.701E-06       -288.719      
              739.351E-06       -269.431      
              742.001E-06       -239.053      
              744.651E-06       -277.134      
              747.301E-06       -284.867      
              749.951E-06       -172.179      
              752.601E-06       -235.61       
              755.251E-06       -270.943      
              757.901E-06       -248.58       
              760.55E-06        -290.666      
              763.2E-06         -276.137      
              765.85E-06        -288.439      
              768.5E-06         -244.946      
              771.15E-06        -252.88       
              773.8E-06         -284.508      
              776.451E-06       -288.271      
              779.101E-06       -233.755      
              781.751E-06       -246.568      
              784.401E-06       -247.87       
              787.051E-06       -260.727      
              789.701E-06       -281.351      
              792.351E-06       -279.929      
              795.001E-06       -276.733      
              797.651E-06       -250.945      
              800.3E-06         -149.821      
              802.95E-06        -238.981      
              805.6E-06         -270.697      
              808.25E-06        -276.637      
              810.9E-06         -257.208      
              813.55E-06        -257.022      
              816.2E-06         -261.71       
              818.851E-06       -223.822      
              821.501E-06       -238.49       
              824.151E-06       -288.136      
              826.801E-06       -266.45       
              829.451E-06       -242.3        
              832.101E-06       -258.386      
              834.751E-06       -251.917      
              837.401E-06       -220.097      
              840.051E-06       -257.02       
              842.7E-06         -248.328      
              845.35E-06        -267.068      
              848.E-06          -252.576      
              850.65E-06        -274.466      
              853.3E-06         -259.784      
              855.95E-06        -282.141      
              858.601E-06       -247.055      
              861.251E-06       -265.576      
              863.901E-06       -255.742      
              866.551E-06       -259.967      
              869.201E-06       -268.38       
              871.851E-06       -272.365      
              874.501E-06       -272.175      
              877.151E-06       -237.887      
              879.801E-06       -261.09       
              882.45E-06        -279.641      
              885.1E-06         -265.227      
              887.75E-06        -231.919      
              890.4E-06         -266.02       
              893.05E-06        -272.181      
              895.7E-06         -317.168      
              898.35E-06        -246.713      
              901.E-06          -259.486      
              903.651E-06       -261.423      
              906.301E-06       -233.435      
              908.951E-06       -280.659      
              911.601E-06       -288.648      
              914.251E-06       -268.661      
              916.901E-06       -282.833      
              919.551E-06       -284.876      
              922.201E-06       -278.147      
              924.85E-06        -285.047      
              927.5E-06         -279.02       
              930.15E-06        -291.349      
              932.8E-06         -284.548      
              935.45E-06        -252.793      
              938.1E-06         -293.342      
              940.75E-06        -287.808      
              943.401E-06       -238.206      
              946.051E-06       -257.373      
              948.701E-06       -270.356      
              951.351E-06       -265.233      
              954.001E-06       -253.686      
              956.651E-06       -255.264      
              959.301E-06       -271.781      
              961.951E-06       -243.456      
              964.6E-06         -283.547      
              967.25E-06        -277.2        
              969.9E-06         -295.361      
              972.55E-06        -280.207      
              975.2E-06         -222.773      
              977.851E-06       -264.398      
              980.5E-06         -268.763      
              983.15E-06        -272.601      
              985.801E-06       -277.491      
              988.45E-06        -285.38       
              991.1E-06         -284.331      
              993.751E-06       -284.457      
              996.4E-06         -172.074      
              999.05E-06        -188.625      
                1.0017E-03      -243.006      
                1.00435E-03     -253.356      
                1.007E-03       -266.572      
                1.00965E-03     -262.574      
                1.0123E-03      -193.874      
                1.01495E-03     -280.359      
                1.0176E-03      -264.589      
                1.02025E-03     -336.973      
                1.0229E-03      -283.337      
                1.02555E-03     -243.743      
                1.0282E-03      -261.487      
                1.03085E-03     -281.142      
                1.0335E-03      -281.57       
                1.03615E-03     -288.019      
                1.0388E-03      -298.57       
                1.04145E-03     -266.89       
                1.0441E-03      -282.994      
                1.04675E-03     -284.753      
                1.0494E-03      -280.834      
                1.05205E-03     -238.041      
                1.0547E-03      -285.475      
                1.05735E-03     -283.348      
                1.06E-03        -297.829      
                1.06265E-03     -299.459      
                1.0653E-03      -211.794      
                1.06795E-03     -237.33       
                1.0706E-03      -183.961      
                1.07325E-03     -244.499      
                1.0759E-03      -246.495      
                1.07855E-03     -209.379      
                1.0812E-03      -237.632      
                1.08385E-03     -190.503      
                1.0865E-03      -270.579      
                1.08915E-03     -277.558      
                1.0918E-03      -252.41       
                1.09445E-03     -266.919      
                1.0971E-03      -277.166      
                1.09975E-03     -273.178      
                1.1024E-03      -294.316      
                1.10505E-03     -294.272      
                1.1077E-03      -296.686      
                1.11035E-03     -265.754      
                1.113E-03       -275.892      
                1.11565E-03     -291.37       
                1.1183E-03      -273.439      
                1.12095E-03     -237.354      
                1.1236E-03      -258.116      
                1.12625E-03     -304.032      
                1.1289E-03      -279.287      
                1.13155E-03     -295.578      
                1.1342E-03      -228.966      
                1.13685E-03     -263.246      
                1.1395E-03      -293.601      
                1.14215E-03     -282.438      
                1.1448E-03      -256.379      
                1.14745E-03     -249.883      
                1.1501E-03      -268.126      
                1.15275E-03     -271.791      
                1.1554E-03      -277.622      
                1.15805E-03     -288.011      
                1.1607E-03      -255.408      
                1.16335E-03     -269.821      
                1.166E-03       -288.525      
                1.16865E-03     -292.373      
                1.1713E-03      -220.376      
                1.17395E-03     -256.042      
                1.1766E-03      -271.705      
                1.17925E-03     -291.075      
                1.1819E-03      -240.901      
                1.18455E-03     -236.194      
                1.1872E-03      -257.702      
                1.18985E-03     -273.894      
                1.1925E-03      -272.031      
                1.19515E-03     -283.497      
                1.1978E-03      -289.581      
                1.20045E-03     -233.795      
                1.2031E-03      -248.459      
                1.20575E-03     -274.091      
                1.2084E-03      -277.229      
                1.21105E-03     -285.161      
                1.2137E-03      -269.442      
                1.21635E-03     -271.547      
                1.219E-03       -269.793      
                1.22165E-03     -290.491      
                1.2243E-03      -266.486      
                1.22695E-03     -260.22       
                1.2296E-03      -267.423      
                1.23225E-03     -268.736      
                1.2349E-03      -281.018      
                1.23755E-03     -257.39       
                1.2402E-03      -281.954      
                1.24285E-03     -277.981      
                1.2455E-03      -275.814      
                1.24815E-03     -277.145      
                1.2508E-03      -266.279      
                1.25345E-03     -269.515      
                1.2561E-03      -271.806      
                1.25875E-03     -278.627      
                1.2614E-03      -270.33       
                1.26405E-03     -275.572      
                1.2667E-03      -273.572      
                1.26935E-03     -222.449      
                1.272E-03       -266.544      
                1.27465E-03     -270.659      
                1.2773E-03      -277.238      
                1.27995E-03     -248.274      
                1.2826E-03      -280.005      
                1.28525E-03     -263.023      
                1.2879E-03      -266.1        
                1.29055E-03     -272.162      
                1.2932E-03      -265.141      
                1.29585E-03     -271.806      
                1.2985E-03      -214.019      
                1.30115E-03     -250.761      
                1.3038E-03      -268.08       
                1.30645E-03     -248.538      
                1.3091E-03      -248.455      
                1.31175E-03     -255.079      
                1.3144E-03      -214.948      
                1.31705E-03     -256.806      
                1.3197E-03      -272.896      
                1.32235E-03     -263.213      
                1.325E-03       -248.133      
                1.32765E-03     -267.512      
                1.3303E-03      -273.629      
                1.33295E-03     -251.912      
                1.3356E-03      -265.219      
                1.33825E-03     -260.971      
                1.3409E-03      -275.968      
                1.34355E-03     -262.769      
                1.3462E-03      -279.167      
                1.34885E-03     -277.488      
                1.3515E-03      -270.066      
                1.35415E-03     -271.027      
                1.3568E-03      -225.512      
                1.35945E-03     -243.167      
                1.3621E-03      -230.899      
                1.36475E-03     -263.579      
                1.3674E-03      -264.517      
                1.37005E-03     -244.844      
                1.3727E-03      -262.781      
                1.37535E-03     -257.263      
                1.378E-03       -277.953      
                1.38065E-03     -266.434      
                1.3833E-03      -259.53       
                1.38595E-03     -263.183      
                1.3886E-03      -271.267      
                1.39125E-03     -259.33       
                1.3939E-03      -279.2        
                1.39655E-03     -278.284      
                1.3992E-03      -283.331      
                1.40185E-03     -286.758      
                1.4045E-03      -265.136      
                1.40715E-03     -157.787      
                1.4098E-03      -186.14       
                1.41245E-03     -253.088      
                1.4151E-03      -276.225      
                1.41775E-03     -202.033      
                1.4204E-03      -264.104      
                1.42305E-03     -161.077      
                1.4257E-03      -174.334      
                1.42835E-03     -181.837      
                1.431E-03       -243.49       
                1.43365E-03     -242.385      
                1.4363E-03      -282.99       
                1.43895E-03     -273.627      
                1.4416E-03      -264.382      
                1.44425E-03     -256.93       
                1.4469E-03      -261.746      
                1.44955E-03     -142.473      
                1.4522E-03      -256.713      
                1.45485E-03     -282.424      
                1.4575E-03      -282.144      
                1.46015E-03     -270.404      
                1.4628E-03      -198.492      
                1.46545E-03     -219.276      
                1.4681E-03      -278.151      
                1.47075E-03     -271.113      
                1.4734E-03      -304.065      
                1.47605E-03     -259.111      
                1.4787E-03      -266.127      
                1.48135E-03     -266.503      
                1.484E-03       -272.043      
                1.48665E-03     -285.844      
                1.4893E-03      -276.827      
                1.49195E-03     -270.764      
                1.4946E-03      -251.512      
                1.49725E-03     -268.108      
                1.4999E-03      -248.112      
                1.50255E-03     -268.729      
                1.5052E-03      -248.886      
                1.50785E-03     -265.802      
                1.5105E-03      -258.459      
                1.51315E-03     -256.455      
                1.5158E-03      -266.284      
                1.51845E-03     -260.046      
                1.5211E-03      -203.132      
                1.52375E-03     -251.41       
                1.5264E-03      -252.525      
                1.52905E-03     -261.783      
                1.5317E-03      -257.895      
                1.53435E-03     -255.813      
                1.537E-03       -259.101      
                1.53965E-03     -262.184      
                1.5423E-03      -261.535      
                1.54495E-03     -244.17       
                1.5476E-03      -261.492      
                1.55025E-03     -264.153      
                1.5529E-03      -245.697      
                1.55555E-03     -236.987      
                1.5582E-03      -270.402      
                1.56085E-03     -271.285      
                1.5635E-03      -276.392      
                1.56615E-03     -203.924      
                1.5688E-03      -252.954      
                1.57145E-03     -276.423      
                1.5741E-03      -272.896      
                1.57675E-03     -289.755      
                1.5794E-03      -228.625      
                1.58205E-03     -278.717      
                1.5847E-03      -279.698      
                1.58735E-03     -295.682      
                1.59E-03        -217.3        
                1.59265E-03     -185.813      
                1.5953E-03      -231.154      
                1.59795E-03     -236.481      
                1.6006E-03      -268.165      
                1.60325E-03     -268.97       
                1.6059E-03      -280.583      
                1.60855E-03     -299.67       
                1.6112E-03      -183.749      
                1.61385E-03     -250.664      
                1.6165E-03      -232.581      
                1.61915E-03     -276.719      
                1.6218E-03      -289.393      
                1.62445E-03     -292.714      
                1.6271E-03      -257.93       
                1.62975E-03     -288.344      
                1.6324E-03      -288.481      
                1.63505E-03     -293.147      
                1.6377E-03      -304.418      
                1.64035E-03     -243.461      
                1.643E-03       -292.326      
                1.64565E-03     -298.485      
                1.6483E-03      -299.37       
                1.65095E-03     -304.389      
                1.6536E-03      -176.922      
                1.65625E-03     -252.05       
                1.6589E-03      -265.575      
                1.66155E-03     -273.435      
                1.6642E-03      -283.274      
                1.66685E-03     -277.152      
                1.6695E-03      -255.241      
                1.67215E-03     -224.356      
                1.6748E-03      -245.242      
                1.67745E-03     -264.2        
                1.6801E-03      -274.173      
                1.68275E-03     -279.207      
                1.6854E-03      -241.431      
                1.68805E-03     -275.034      
                1.6907E-03      -234.586      
                1.69335E-03     -284.458      
                1.696E-03       -281.53       
                1.69865E-03     -219.254      
                1.7013E-03      -287.007      
                1.70395E-03     -297.386      
                1.7066E-03      -278.865      
                1.70925E-03     -277.749      
                1.7119E-03      -196.072      
                1.71455E-03     -205.505      
                1.7172E-03      -269.207      
                1.71985E-03     -265.041      
                1.7225E-03      -282.066      
                1.72515E-03     -291.231      
                1.7278E-03      -204.622      
                1.73045E-03     -259.951      
                1.7331E-03      -261.806      
                1.73575E-03     -247.857      
                1.7384E-03      -270.881      
                1.74105E-03     -280.016      
                1.7437E-03      -233.889      
                1.74635E-03     -283.7        
                1.749E-03       -267.968      
                1.75165E-03     -263.383      
                1.7543E-03      -281.048      
                1.75695E-03     -250.289      
                1.7596E-03      -276.552      
                1.76225E-03     -300.341      
                1.7649E-03      -296.536      
                1.76755E-03     -174.667      
                1.7702E-03      -203.642      
                1.77285E-03     -256.2        
                1.7755E-03      -275.447      
                1.77815E-03     -292.137      
                1.7808E-03      -292.286      
                1.78345E-03     -235.262      
                1.7861E-03      -151.853      
                1.78875E-03     -243.893      
                1.7914E-03      -276.596      
                1.79405E-03     -280.003      
                1.7967E-03      -283.441      
                1.79935E-03     -148.273      
                1.802E-03       -219.012      
                1.80465E-03     -239.397      
                1.8073E-03      -290.246      
                1.80995E-03     -295.621      
                1.8126E-03      -229.318      
                1.81525E-03     -238.162      
                1.8179E-03      -213.284      
                1.82055E-03     -253.304      
                1.8232E-03      -260.992      
                1.82585E-03     -283.109      
                1.8285E-03      -236.475      
                1.83115E-03     -222.33       
                1.8338E-03      -255.614      
                1.83645E-03     -104.841      
                1.8391E-03      -203.829      
                1.84175E-03     -259.634      
                1.8444E-03      -249.694      
                1.84705E-03     -276.725      
                1.8497E-03      -281.697      
                1.85235E-03     -269.627      
                1.855E-03       -238.242      
                1.85765E-03     -262.373      
                1.8603E-03      -289.074      
                1.86295E-03     -301.384      
                1.8656E-03      -252.853      
                1.86825E-03     -246.106      
                1.8709E-03      -273.163      
                1.87355E-03     -312.152      
                1.8762E-03      -280.884      
                1.87885E-03     -310.465      
                1.8815E-03      -304.006      
                1.88415E-03     -307.464      
                1.8868E-03      -222.298      
                1.88945E-03     -263.587      
                1.8921E-03      -277.492      
                1.89475E-03     -307.504      
                1.8974E-03      -298.437      
                1.90005E-03     -308.924      
                1.9027E-03      -234.371      
                1.90535E-03     -248.029      
                1.908E-03       -281.392      
                1.91065E-03     -298.897      
                1.9133E-03      -317.201      
                1.91595E-03     -313.417      
                1.9186E-03      -334.185      
                1.92125E-03     -302.735      
                1.9239E-03      -264.721      
                1.92655E-03     -146.649      
                1.9292E-03      -284.144      
                1.93185E-03     -316.224      
                1.9345E-03      -316.217      
                1.93715E-03     -315.237      
                1.9398E-03      -323.433      
                1.94245E-03     -224.475      
                1.9451E-03      -294.005      
                1.94775E-03     -313.917      
                1.9504E-03      -313.827      
                1.95305E-03     -316.022      
                1.9557E-03      -248.202      
                1.95835E-03     -275.465      
                1.961E-03       -291.508      
                1.96365E-03     -299.89       
                1.9663E-03      -334.846      
                1.96895E-03     -259.083      
                1.9716E-03      -252.891      
                1.97425E-03     -297.038      
                1.9769E-03      -309.715      
                1.97955E-03     -269.763      
                1.9822E-03      -262.261      
                1.98485E-03     -285.505      
                1.9875E-03      -320.599      
                1.99015E-03     -302.828      
                1.9928E-03      -242.202      
                1.99545E-03     -273.779      
                1.9981E-03      -309.706      
                2.00075E-03     -294.552      
                2.0034E-03      -285.339      
                2.00605E-03     -263.096      
                2.0087E-03      -231.716      
                2.01135E-03     -292.361      
                2.014E-03       -297.162      
                2.01665E-03     -303.455      
                2.0193E-03      -253.016      
                2.02195E-03     -260.204      
                2.0246E-03      -294.493      
                2.02725E-03     -301.018      
                2.0299E-03      -319.932      
                2.03255E-03     -249.879      
                2.0352E-03      -282.018      
                2.03785E-03     -300.956      
                2.0405E-03      -278.675      
                2.04315E-03     -292.238      
                2.0458E-03      -242.972      
                2.04845E-03     -238.173      
                2.0511E-03      -279.651      
                2.05375E-03     -298.289      
                2.0564E-03      -292.912      
                2.05905E-03     -304.252      
                2.0617E-03      -253.128      
                2.06435E-03     -241.077      
                2.067E-03       -287.68       
                2.06965E-03     -315.589      
                2.0723E-03      -309.133      
                2.07495E-03     -319.016      
                2.0776E-03      -321.838      
                2.08025E-03     -245.922      
                2.0829E-03      -245.064      
                2.08555E-03     -293.639      
                2.0882E-03      -324.194      
                2.09085E-03     -292.938      
                2.0935E-03      -318.78       
                2.09615E-03     -236.673      
                2.0988E-03      -249.173      
                2.10145E-03     -274.613      
                2.1041E-03      -310.267      
                2.10675E-03     -304.329      
                2.1094E-03      -217.214      
                2.11205E-03     -245.944      
                2.1147E-03      -272.314      
                2.11735E-03     -292.07       
                2.12E-03        -322.264      
                2.12265E-03     -224.357      
                2.1253E-03      -274.273      
                2.12795E-03     -305.739      
                2.1306E-03      -312.679      
                2.13325E-03     -285.956      
                2.1359E-03      -248.601      
                2.13855E-03     -279.918      
                2.1412E-03      -273.973      
                2.14385E-03     -291.868      
                2.1465E-03      -307.475      
                2.14915E-03     -258.4        
                2.1518E-03      -260.292      
                2.15445E-03     -292.284      
                2.1571E-03      -285.34       
                2.15975E-03     -293.331      
                2.1624E-03      -227.843      
                2.16505E-03     -249.129      
                2.1677E-03      -283.365      
                2.17035E-03     -286.056      
                2.173E-03       -202.967      
                2.17565E-03     -238.602      
                2.1783E-03      -293.141      
                2.18095E-03     -292.153      
                2.1836E-03      -300.747      
                2.18625E-03     -220.348      
                2.1889E-03      -208.04       
                2.19155E-03     -284.305      
                2.1942E-03      -300.871      
                2.19685E-03     -294.503      
                2.1995E-03      -260.584      
                2.20215E-03     -258.459      
                2.2048E-03      -275.012      
                2.20745E-03     -294.462      
                2.2101E-03      -247.365      
                2.21275E-03     -159.72       
                2.2154E-03      -255.196      
                2.21805E-03     -269.125      
                2.2207E-03      -308.6        
                2.22335E-03     -283.013      
                2.226E-03       -220.137      
                2.22865E-03     -255.124      
                2.2313E-03      -286.244      
                2.23395E-03     -278.947      
                2.2366E-03      -287.463      
                2.23925E-03     -305.259      
                2.2419E-03      -319.036      
                2.24455E-03     -215.875      
                2.2472E-03      -250.941      
                2.24985E-03     -292.211      
                2.2525E-03      -301.954      
                2.25515E-03     -313.013      
                2.2578E-03      -216.317      
                2.26045E-03     -253.401      
                2.2631E-03      -282.439      
                2.26575E-03     -408.846      
                2.2684E-03      -280.732      
                2.27105E-03     -300.676      
                2.2737E-03      -234.38       
                2.27635E-03     -237.853      
                2.279E-03       -275.817      
                2.28165E-03     -308.06       
                2.2843E-03      -294.016      
                2.28695E-03     -294.368      
                2.2896E-03      -306.111      
                2.29225E-03     -254.51       
                2.2949E-03      -255.561      
                2.29755E-03     -290.869      
                2.3002E-03      -309.48       
                2.30285E-03     -296.088      
                2.3055E-03      -156.696      
                2.30815E-03     -236.512      
                2.3108E-03      -299.815      
                2.31345E-03     -310.723      
                2.3161E-03      -301.533      
                2.31875E-03     -272.338      
                2.3214E-03      -317.707      
                2.32405E-03     -223.081      
                2.3267E-03      -261.325      
                2.32935E-03     -315.088      
                2.332E-03       -313.772      
                2.33465E-03     -293.161      
                2.3373E-03      -295.808      
                2.33995E-03     -187.904      
                2.3426E-03      -189.32       
                2.34525E-03     -287.643      
                2.3479E-03      -310.85       
                2.35055E-03     -331.747      
                2.3532E-03      -266.311      
                2.35585E-03     -302.476      
                2.3585E-03      -243.666      
                2.36115E-03     -264.751      
                2.3638E-03      -275.561      
                2.36645E-03     -305.836      
                2.3691E-03      -223.503      
                2.37175E-03     -250.346      
                2.3744E-03      -287.584      
                2.37705E-03     -305.447      
                2.3797E-03      -307.622      
                2.38235E-03     -312.831      
                2.385E-03       -191.264      
                2.38765E-03     -283.598      
                2.3903E-03      -322.702      
                2.39295E-03     -323.272      
                2.3956E-03      -335.896      
                2.39825E-03     -316.097      
                2.4009E-03      -207.949      
                2.40355E-03     -271.764      
                2.4062E-03      -270.892      
                2.40885E-03     -304.481      
                2.4115E-03      -320.437      
                2.41415E-03     -272.222      
                2.4168E-03      -302.081      
                2.41945E-03     -213.328      
                2.4221E-03      -312.899      
                2.42475E-03     -305.714      
                2.4274E-03      -315.401      
                2.43005E-03     -324.274      
                2.4327E-03      -294.922      
                2.43535E-03     -308.444      
                2.438E-03       -313.073      
                2.44065E-03     -213.044      
                2.4433E-03      -293.35       
                2.44595E-03     -298.481      
                2.4486E-03      -301.626      
                2.45125E-03     -249.282      
                2.4539E-03      -279.062      
                2.45655E-03     -285.681      
                2.4592E-03      -313.658      
                2.46185E-03     -282.21       
                2.4645E-03      -279.939      
                2.46715E-03     -200.25       
                2.4698E-03      -295.62       
                2.47245E-03     -243.379      
                2.4751E-03      -313.825      
                2.47775E-03     -322.846      
                2.4804E-03      -170.646      
                2.48305E-03     -211.869      
                2.4857E-03      -292.471      
                2.48835E-03     -300.828      
                2.491E-03       -308.225      
                2.49365E-03     -294.633      
                2.4963E-03      -284.534      
                2.49895E-03     -286.915      
                2.5016E-03      -300.057      
                2.50425E-03     -284.622      
                2.5069E-03      -290.842      
                2.50955E-03     -225.698      
                2.5122E-03      -229.353      
                2.51485E-03     -307.394      
                2.5175E-03      -278.629      
                2.52015E-03     -301.039      
                2.5228E-03      -250.542      
                2.52545E-03     -230.339      
                2.5281E-03      -281.572      
                2.53075E-03     -312.814      
                2.5334E-03      -315.296      
                2.53605E-03     -217.403      
                2.5387E-03      -284.121      
                2.54135E-03     -289.6        
                2.544E-03       -318.266      
                2.54665E-03     -301.419      
                2.5493E-03      -293.594      
                2.55195E-03     -225.091      
                2.5546E-03      -278.819      
                2.55725E-03     -265.895      
                2.5599E-03      -299.23       
                2.56255E-03     -290.977      
                2.5652E-03      -298.057      
                2.56785E-03     -212.615      
                2.5705E-03      -262.901      
                2.57315E-03     -287.619      
                2.5758E-03      -216.144      
                2.57845E-03     -269.532      
                2.5811E-03      -290.507      
                2.58375E-03     -286.648      
                2.5864E-03      -300.179      
                2.58905E-03     -303.313      
                2.5917E-03      -214.057      
                2.59435E-03     -285.391      
                2.597E-03       -303.689      
                2.59965E-03     -312.704      
                2.6023E-03      -285.416      
                2.60495E-03     -290.671      
                2.6076E-03      -241.905      
                2.61025E-03     -282.762      
                2.6129E-03      -285.508      
                2.61555E-03     -301.495      
                2.6182E-03      -288.333      
                2.62085E-03     -241.487      
                2.6235E-03      -280.632      
                2.62615E-03     -282.49       
                2.6288E-03      -298.782      
                2.63145E-03     -308.126      
                2.6341E-03      -152.943      
                2.63675E-03     -253.771      
                2.6394E-03      -297.2        
                2.64205E-03     -283.677      
                2.6447E-03      -294.108      
                2.64735E-03     -237.224      
                2.65E-03        -259.09       
                2.65265E-03     -312.57       
                2.6553E-03      -297.571      
                2.65795E-03     -282.789      
                2.6606E-03      -284.906      
                2.66325E-03     -196.029      
                2.6659E-03      -278.118      
                2.66855E-03     -289.868      
                2.6712E-03      -290.517      
                2.67385E-03     -295.58       
                2.6765E-03      -320.296      
                2.67915E-03     -292.562      
                2.6818E-03      -116.76       
                2.68445E-03     -266.876      
                2.6871E-03      -306.931      
                2.68975E-03     -300.542      
                2.6924E-03      -300.375      
                2.69505E-03     -299.466      
                2.6977E-03      -319.797      
                2.70035E-03     -263.662      
                2.703E-03       -285.698      
                2.70565E-03     -300.778      
                2.7083E-03      -285.575      
                2.71095E-03     -331.892      
                2.7136E-03      -286.095      
                2.71625E-03     -235.783      
                2.7189E-03      -260.39       
                2.72155E-03     -304.204      
                2.7242E-03      -304.415      
                2.72685E-03     -240.69       
                2.7295E-03      -300.118      
                2.73215E-03     -263.944      
                2.7348E-03      -290.526      
                2.73745E-03     -318.927      
                2.7401E-03      -315.036      
                2.74275E-03     -325.122      
                2.7454E-03      -306.159      
                2.74805E-03     -313.02       
                2.7507E-03      -217.714      
                2.75335E-03     -293.316      
                2.756E-03       -250.833      
                2.75865E-03     -257.285      
                2.7613E-03      -319.916      
                2.76395E-03     -309.313      
                2.7666E-03      -295.511      
                2.76925E-03     -311.497      
                2.7719E-03      -299.603      
                2.77455E-03     -312.855      
                2.7772E-03      -307.4        
                2.77985E-03     -260.279      
                2.7825E-03      -305.675      
                2.78515E-03     -311.198      
                2.7878E-03      -306.24       
                2.79045E-03     -326.141      
                2.7931E-03      -293.168      
                2.79575E-03     -280.273      
                2.7984E-03      -318.326      
                2.80105E-03     -288.712      
                2.8037E-03      -302.692      
                2.80635E-03     -273.557      
                2.809E-03       -295.324      
                2.81165E-03     -280.128      
                2.8143E-03      -285.782      
                2.81695E-03     -245.752      
                2.8196E-03      -301.724      
                2.82225E-03     -272.628      
                2.8249E-03      -296.075      
                2.82755E-03     -240.636      
                2.8302E-03      -297.352      
                2.83285E-03     -312.273      
                2.8355E-03      -280.936      
                2.83815E-03     -282.211      
                2.8408E-03      -232.999      
                2.84345E-03     -297.525      
                2.8461E-03      -285.708      
                2.84875E-03     -300.03       
                2.8514E-03      -305.037      
                2.85405E-03     -309.746      
                2.8567E-03      -287.274      
                2.85935E-03     -248.717      
                2.862E-03       -304.996      
                2.86465E-03     -325.658      
                2.8673E-03      -322.306      
                2.86995E-03     -322.075      
                2.8726E-03      -277.331      
                2.87525E-03     -250.701      
                2.8779E-03      -300.596      
                2.88055E-03     -291.413      
                2.8832E-03      -300.858      
                2.88585E-03     -248.644      
                2.8885E-03      -308.802      
                2.89115E-03     -317.505      
                2.8938E-03      -284.442      
                2.89645E-03     -287.926      
                2.8991E-03      -224.215      
                2.90175E-03     -257.96       
                2.9044E-03      -297.366      
                2.90705E-03     -298.133      
                2.9097E-03      -315.227      
                2.91235E-03     -297.582      
                2.915E-03       -149.937      
                2.91765E-03     -297.089      
                2.9203E-03      -275.681      
                2.92295E-03     -282.437      
                2.9256E-03      -244.851      
                2.92825E-03     -288.207      
                2.9309E-03      -324.442      
                2.93355E-03     -301.085      
                2.9362E-03      -263.053      
                2.93885E-03     -309.44       
                2.9415E-03      -233.981      
                2.94415E-03     -282.985      
                2.9468E-03      -306.21       
                2.94945E-03     -292.814      
                2.9521E-03      -250.459      
                2.95475E-03     -278.287      
                2.9574E-03      -295.274      
                2.96005E-03     -306.747      
                2.9627E-03      -297.188      
                2.96535E-03     -309.434      
                2.968E-03       -250.046      
                2.97065E-03     -298.157      
                2.9733E-03      -290.976      
                2.97595E-03     -297.486      
                2.9786E-03      -286.789      
                2.98125E-03     -317.066      
                2.9839E-03      -271.01       
                2.98655E-03     -311.526      
                2.9892E-03      -318.695      
                2.99185E-03     -246.251      
                2.9945E-03      -328.37       
                2.99715E-03     -268.25       
                2.9998E-03      -335.756      
                3.00245E-03     -317.473      
                3.0051E-03      -320.311      
                3.00775E-03     -283.97       
                3.0104E-03      -211.944      
                3.01305E-03     -303.837      
                3.0157E-03      -317.462      
                3.01835E-03     -297.767      
                3.021E-03       -327.71       
                3.02365E-03     -228.759      
                3.0263E-03      -285.21       
                3.02895E-03     -232.903      
                3.0316E-03      -283.722      
                3.03425E-03     -215.83       
                3.0369E-03      -245.721      
                3.03955E-03     -223.774      
                3.0422E-03      -285.821      
                3.04485E-03     -284.062      
                3.0475E-03      -277.82       
                3.05015E-03     -243.416      
                3.0528E-03      -283.671      
                3.05545E-03     -305.359      
                3.0581E-03      -304.11       
                3.06075E-03     -248.797      
                3.0634E-03      -263.153      
                3.06605E-03     -275.143      
                3.0687E-03      -280.081      
                3.07135E-03     -210.101      
                3.074E-03       -311.113      
                3.07665E-03     -284.022      
                3.0793E-03      -260.665      
                3.08195E-03     -237.669      
                3.0846E-03      -322.682      
                3.08725E-03     -299.783      
                3.0899E-03      -286.394      
                3.09255E-03     -232.687      
                3.0952E-03      -248.886      
                3.09785E-03     -266.145      
                3.1005E-03      -316.993      
                3.10315E-03     -266.025      
                3.1058E-03      -279.494      
                3.10845E-03     -292.202      
                3.1111E-03      -247.738      
                3.11375E-03     -295.068      
                3.1164E-03      -312.261      
                3.11905E-03     -213.036      
                3.1217E-03      -246.065      
                3.12435E-03     -297.6        
                3.127E-03       -271.345      
                3.12965E-03     -295.261      
                3.1323E-03      -309.023      
                3.13495E-03     -236.289      
                3.1376E-03      -276.978      
                3.14025E-03     -313.676      
                3.1429E-03      -282.253      
                3.14555E-03     -276.83       
                3.1482E-03      -115.091      
                3.15085E-03     -190.383      
                3.1535E-03      -286.459      
                3.15615E-03     -321.307      
                3.1588E-03      -248.73       
                3.16145E-03     -258.361      
                3.1641E-03      -275.76       
                3.16675E-03     -297.215      
                3.1694E-03      -304.538      
                3.17205E-03     -297.666      
                3.1747E-03      -306.922      
                3.17735E-03     -281.733      
                3.18E-03        -253.651      
                3.18265E-03     -288.977      
                3.1853E-03      -320.483      
                3.18795E-03     -280.451      
                3.1906E-03      -229.481      
                3.19325E-03     -290.67       
                3.1959E-03      -324.202      
                3.19855E-03     -292.353      
                3.2012E-03      -309.964      
                3.20385E-03     -285.638      
                3.2065E-03      -268.634      
                3.20915E-03     -275.276      
                3.2118E-03      -330.67       
                3.21445E-03     -285.356      
                3.2171E-03      -236.74       
                3.21975E-03     -340.442      
                3.2224E-03      -308.401      
                3.22505E-03     -312.014      
                3.2277E-03      -303.467      
                3.23035E-03     -242.053      
                3.233E-03       -270.189      
                3.23565E-03     -302.373      
                3.2383E-03      -301.917      
                3.24095E-03     -374.018      
                3.2436E-03      -234.763      
                3.24625E-03     -280.871      
                3.2489E-03      -309.981      
                3.25155E-03     -310.124      
                3.2542E-03      -283.61       
                3.25685E-03     -200.445      
                3.2595E-03      -250.632      
                3.26215E-03     -291.983      
                3.2648E-03      -303.979      
                3.26745E-03     -280.143      
                3.2701E-03      -254.713      
                3.27275E-03     -295.311      
                3.2754E-03      -266.392      
                3.27805E-03     -311.961      
                3.2807E-03      -303.281      
                3.28335E-03     -232.9        
                3.286E-03       -259.403      
                3.28865E-03     -300.945      
                3.2913E-03      -302.294      
                3.29395E-03     -292.045      
                3.2966E-03      -334.005      
                3.29925E-03     -189.595      
                3.3019E-03      -251.478      
                3.30455E-03     -352.227      
                3.3072E-03      -294.062      
                3.30985E-03     -294.195      
                3.3125E-03      -306.018      
                3.31515E-03     -206.679      
                3.3178E-03      -284.35       
                3.32045E-03     -316.971      
                3.3231E-03      -286.179      
                3.32575E-03     -296.058      
                3.3284E-03      -195.564      
                3.33105E-03     -297.757      
                3.3337E-03      -271.028      
                3.33635E-03     -310.247      
                3.339E-03       -313.216      
                3.34165E-03     -225.238      
                3.3443E-03      -289.198      
                3.34695E-03     -253.87       
                3.3496E-03      -300.143      
                3.35225E-03     -290.983      
                3.3549E-03      -293.19       
                3.35755E-03     -269.449      
                3.3602E-03      -302.025      
                3.36285E-03     -286.903      
                3.3655E-03      -303.045      
                3.36815E-03     -291.403      
                3.3708E-03      -283.089      
                3.37345E-03     -311.079      
                3.3761E-03      -295.975      
                3.37875E-03     -286.828      
                3.3814E-03      -290.192      
                3.38405E-03     -207.142      
                3.3867E-03      -280.619      
                3.38935E-03     -295.707      
                3.392E-03       -336.306      
                3.39465E-03     -303.585      
                3.3973E-03      -199.701      
                3.39995E-03     -276.579      
                3.4026E-03      -301.916      
                3.40525E-03     -342.234      
                3.4079E-03      -312.06       
                3.41055E-03     -263.484      
                3.4132E-03      -268.057      
                3.41585E-03     -304.77       
                3.4185E-03      -306.881      
                3.42115E-03     -289.075      
                3.4238E-03      -313.256      
                3.42645E-03     -326.395      
                3.4291E-03      -250.645      
                3.43175E-03     -289.918      
                3.4344E-03      -219.429      
                3.43705E-03     -310.66       
                3.4397E-03      -199.586      
                3.44235E-03     -203.785      
                3.445E-03       -328.979      
                3.44765E-03     -268.463      
                3.4503E-03      -290.478      
                3.45295E-03     -306.848      
                3.4556E-03      -254.517      
                3.45825E-03     -365.374      
                3.4609E-03      -316.002      
                3.46355E-03     -293.166      
                3.4662E-03      -218.253      
                3.46885E-03     -253.         
                3.4715E-03      -309.972      
                3.47415E-03     -281.719      
                3.4768E-03      -321.171      
                3.47945E-03     -291.906      
                3.4821E-03      -247.985      
                3.48475E-03     -265.309      
                3.4874E-03      -300.128      
                3.49005E-03     -278.444      
                3.4927E-03      -282.887      
                3.49535E-03     -266.125      
                3.498E-03       -178.822      
                3.50065E-03     -261.425      
                3.5033E-03      -281.702      
                3.50595E-03     -294.143      
                3.5086E-03      -215.917      
                3.51125E-03     -252.413      
                3.5139E-03      -273.57       
                3.51655E-03     -278.327      
                3.5192E-03      -311.231      
                3.52185E-03     -293.358      
                3.5245E-03      -260.394      
                3.52715E-03     -316.523      
                3.5298E-03      -345.979      
                3.53245E-03     -336.274      
                3.5351E-03      -245.143      
                3.53775E-03     -220.155      
                3.5404E-03      -288.241      
                3.54305E-03     -282.345      
                3.5457E-03      -294.939      
                3.54835E-03     -296.863      
                3.551E-03       -264.575      
                3.55365E-03     -208.979      
                3.5563E-03      -295.172      
                3.55895E-03     -295.233      
                3.5616E-03      -268.28       
                3.56425E-03     -249.275      
                3.5669E-03      -266.091      
                3.56955E-03     -265.891      
                3.5722E-03      -333.892      
                3.57485E-03     -304.295      
                3.5775E-03      -234.52       
                3.58015E-03     -271.251      
                3.5828E-03      -340.826      
                3.58545E-03     -324.623      
                3.5881E-03      -276.917      
                3.59075E-03     -240.83       
                3.5934E-03      -303.145      
                3.59605E-03     -307.086      
                3.5987E-03      -330.485      
                3.60135E-03     -314.367      
                3.604E-03       -303.277      
                3.60665E-03     -225.04       
                3.6093E-03      -291.553      
                3.61195E-03     -311.316      
                3.6146E-03      -314.438      
                3.61725E-03     -303.317      
                3.6199E-03      -170.981      
                3.62255E-03     -271.867      
                3.6252E-03      -319.196      
                3.62785E-03     -310.864      
                3.6305E-03      -313.472      
                3.63315E-03     -302.159      
                3.6358E-03      -220.217      
                3.63845E-03     -309.126      
                3.6411E-03      -267.93       
                3.64375E-03     -282.734      
                3.6464E-03      -324.208      
                3.64905E-03     -214.555      
                3.6517E-03      -252.262      
                3.65435E-03     -264.174      
                3.657E-03       -331.374      
                3.65965E-03     -314.782      
                3.6623E-03      -235.569      
                3.66495E-03     -284.302      
                3.6676E-03      -295.335      
                3.67025E-03     -225.247      
                3.6729E-03      -304.356      
                3.67555E-03     -319.687      
                3.6782E-03      -322.354      
                3.68085E-03     -306.593      
                3.6835E-03      -273.571      
                3.68615E-03     -304.487      
                3.6888E-03      -184.895      
                3.69145E-03     -283.554      
                3.6941E-03      -296.709      
                3.69675E-03     -285.563      
                3.6994E-03      -312.852      
                3.70205E-03     -293.865      
                3.7047E-03      -281.2        
                3.70735E-03     -301.152      
                3.71E-03        -291.252      
                3.71265E-03     -247.863      
                3.7153E-03      -256.887      
                3.71795E-03     -288.182      
                3.7206E-03      -285.839      
                3.72325E-03     -327.314      
                3.7259E-03      -308.386      
                3.72855E-03     -300.933      
                3.7312E-03      -349.939      
                3.73385E-03     -243.234      
                3.7365E-03      -298.046      
                3.73915E-03     -301.963      
                3.7418E-03      -309.035      
                3.74445E-03     -357.294      
                3.7471E-03      -279.092      
                3.74975E-03     -292.563      
                3.7524E-03      -311.461      
                3.75505E-03     -314.146      
                3.7577E-03      -256.269      
                3.76035E-03     -289.785      
                3.763E-03       -288.274      
                3.76565E-03     -302.055      
                3.7683E-03      -259.889      
                3.77095E-03     -336.869      
                3.7736E-03      -319.603      
                3.77625E-03     -281.563      
                3.7789E-03      -246.637      
                3.78155E-03     -326.814      
                3.7842E-03      -330.126      
                3.78685E-03     -290.834      
                3.7895E-03      -218.009      
                3.79215E-03     -267.282      
                3.7948E-03      -292.46       
                3.79745E-03     -319.936      
                3.8001E-03      -299.685      
                3.80275E-03     -206.15       
                3.8054E-03      -242.979      
                3.80805E-03     -317.994      
                3.8107E-03      -325.188      
                3.81335E-03     -303.417      
                3.816E-03       -300.715      
                3.81865E-03     -250.158      
                3.8213E-03      -289.263      
                3.82395E-03     -307.107      
                3.8266E-03      -330.666      
                3.82925E-03     -268.254      
                3.8319E-03      -242.563      
                3.83455E-03     -295.873      
                3.8372E-03      -307.173      
                3.83985E-03     -316.5        
                3.8425E-03      -213.677      
                3.84515E-03     -230.083      
                3.8478E-03      -286.223      
                3.85045E-03     -239.982      
                3.8531E-03      -335.492      
                3.85575E-03     -289.107      
                3.8584E-03      -206.926      
                3.86105E-03     -289.397      
                3.8637E-03      -240.362      
                3.86635E-03     -314.655      
                3.869E-03       -282.019      
                3.87165E-03     -151.749      
                3.8743E-03      -270.729      
                3.87695E-03     -299.839      
                3.8796E-03      -331.669      
                3.88225E-03     -315.451      
                3.8849E-03      -175.01       
                3.88755E-03     -309.596      
                3.8902E-03      -293.522      
                3.89285E-03     -290.953      
                3.8955E-03      -298.12       
                3.89815E-03     -294.02       
                3.9008E-03      -285.672      
                3.90345E-03     -255.756      
                3.9061E-03      -280.881      
                3.90875E-03     -311.751      
                3.9114E-03      -301.505      
                3.91405E-03     -251.513      
                3.9167E-03      -258.125      
                3.91935E-03     -290.214      
                3.922E-03       -268.82       
                3.92465E-03     -316.098      
                3.9273E-03      -311.856      
                3.92995E-03     -271.302      
                3.9326E-03      -237.298      
                3.93525E-03     -261.958      
                3.9379E-03      -262.196      
                3.94055E-03     -326.492      
                3.9432E-03      -311.855      
                3.94585E-03     -290.828      
                3.9485E-03      -218.323      
                3.95115E-03     -292.141      
                3.9538E-03      -285.159      
                3.95645E-03     -294.207      
                3.9591E-03      -295.667      
                3.96175E-03     -199.378      
                3.9644E-03      -291.861      
                3.96705E-03     -277.541      
                3.9697E-03      -249.013      
                3.97235E-03     -297.936      
                3.975E-03       -292.984      
                3.97765E-03     -322.592      
                3.9803E-03      -296.295      
                3.98295E-03     -305.287      
                3.9856E-03      -236.283      
                3.98825E-03     -285.015      
                3.9909E-03      -295.557      
                3.99355E-03     -306.374      
                3.9962E-03      -316.158      
                3.99885E-03     -292.054      
                4.0015E-03      -265.07       
                4.00415E-03     -228.029      
                4.0068E-03      -301.718      
                4.00945E-03     -313.549      
                4.0121E-03      -304.658      
                4.01475E-03     -306.152      
                4.0174E-03      -298.556      
                4.02005E-03     -241.629      
                4.0227E-03      -277.12       
                4.02535E-03     -294.262      
                4.028E-03       -322.298      
                4.03065E-03     -294.443      
                4.0333E-03      -308.496      
                4.03595E-03     -245.886      
                4.0386E-03      -291.14       
                4.04125E-03     -291.389      
                4.0439E-03      -300.092      
                4.04655E-03     -330.506      
                4.0492E-03      -324.726      
                4.05185E-03     -239.794      
                4.0545E-03      -280.423      
                4.05715E-03     -292.366      
                4.0598E-03      -302.579      
                4.06245E-03     -310.298      
                4.0651E-03      -325.557      
                4.06775E-03     -322.549      
                4.0704E-03      -259.991      
                4.07305E-03     -244.65       
                4.0757E-03      -269.373      
                4.07835E-03     -316.443      
                4.081E-03       -320.236      
                4.08365E-03     -335.353      
                4.0863E-03      -325.203      
                4.08895E-03     -174.651      
                4.0916E-03      -255.479      
                4.09425E-03     -315.53       
                4.0969E-03      -307.249      
                4.09955E-03     -316.897      
                4.1022E-03      -334.713      
                4.10485E-03     -222.126      
                4.1075E-03      -257.869      
                4.11015E-03     -244.53       
                4.1128E-03      -303.544      
                4.11545E-03     -315.946      
                4.1181E-03      -282.856      
                4.12075E-03     -330.497      
                4.1234E-03      -250.185      
                4.12605E-03     -255.688      
                4.1287E-03      -269.947      
                4.13135E-03     -324.367      
                4.134E-03       -318.24       
                4.13665E-03     -325.918      
                4.1393E-03      -232.415      
                4.14195E-03     -204.838      
                4.1446E-03      -292.572      
                4.14725E-03     -304.371      
                4.1499E-03      -309.023      
                4.15255E-03     -317.845      
                4.1552E-03      -320.22       
                4.15785E-03     -311.974      
                4.1605E-03      -240.206      
                4.16315E-03     -239.577      
                4.1658E-03      -299.759      
                4.16845E-03     -286.631      
                4.1711E-03      -310.357      
                4.17375E-03     -328.015      
                4.1764E-03      -283.176      
                4.17905E-03     -252.939      
                4.1817E-03      -299.735      
                4.18435E-03     -308.83       
                4.187E-03       -331.887      
                4.18965E-03     -328.727      
                4.1923E-03      -286.291      
                4.19495E-03     -221.659      
                4.1976E-03      -295.001      
                4.20025E-03     -329.573      
                4.2029E-03      -318.622      
                4.20555E-03     -252.851      
                4.2082E-03      -277.013      
                4.21085E-03     -230.283      
                4.2135E-03      -230.967      
                4.21615E-03     -267.822      
                4.2188E-03      -290.43       
                4.22145E-03     -306.705      
                4.2241E-03      -317.053      
                4.22675E-03     -303.96       
                4.2294E-03      -299.999      
                4.23205E-03     -206.226      
                4.2347E-03      -284.394      
                4.23735E-03     -291.587      
                4.24E-03        -302.39       
                4.24265E-03     -304.142      
                4.2453E-03      -310.802      
                4.24795E-03     -287.879      
                4.2506E-03      -237.535      
                4.25325E-03     -291.203      
                4.2559E-03      -297.423      
                4.25855E-03     -303.266      
                4.2612E-03      -299.167      
                4.26385E-03     -318.439      
                4.2665E-03      -318.287      
                4.26915E-03     -222.002      
                4.2718E-03      -240.174      
                4.27445E-03     -275.129      
                4.2771E-03      -290.308      
                4.27975E-03     -294.835      
                4.2824E-03      -322.19       
                4.28505E-03     -321.391      
                4.2877E-03      -281.29       
                4.29035E-03     -219.034      
                4.293E-03       -237.289      
                4.29565E-03     -282.017      
                4.2983E-03      -295.693      
                4.30095E-03     -301.297      
                4.3036E-03      -311.343      
                4.30625E-03     -298.305      
                4.3089E-03      -305.856      
                4.31155E-03     -224.226      
                4.3142E-03      -239.942      
                4.31685E-03     -286.467      
                4.3195E-03      -292.287      
                4.32215E-03     -268.805      
                4.3248E-03      -232.055      
                4.32745E-03     -228.174      
                4.3301E-03      -266.561      
                4.33275E-03     -269.765      
                4.3354E-03      -286.31       
                4.33805E-03     -284.244      
                4.3407E-03      -261.517      
                4.34335E-03     -243.398      
                4.346E-03       -255.889      
                4.34865E-03     -271.469      
                4.3513E-03      -275.078      
                4.35395E-03     -222.055      
                4.3566E-03      -230.588      
                4.35925E-03     -271.865      
                4.3619E-03      -270.203      
                4.36455E-03     -266.553      
                4.3672E-03      -236.714      
                4.36985E-03     -203.663      
                4.3725E-03      -244.468      
                4.37515E-03     -270.815      
                4.3778E-03      -273.333      
                4.38045E-03     -246.219      
                4.3831E-03      -240.894      
                4.38575E-03     -268.826      
                4.3884E-03      -143.363      
                4.39105E-03     -300.359      
                4.3937E-03      -289.292      
                4.39635E-03     -245.335      
                4.399E-03       -246.287      
                4.40165E-03     -258.408      
                4.4043E-03      -253.284      
                4.40695E-03     -263.733      
                4.4096E-03      -272.255      
                4.41225E-03     -238.414      
                4.4149E-03      -326.94       
                4.41755E-03     -218.898      
                4.4202E-03      -262.559      
                4.42285E-03     -260.887      
                4.4255E-03      -243.117      
                4.42815E-03     -264.752      
                4.4308E-03      -144.091      
                4.43345E-03     -232.023      
                4.4361E-03      -268.311      
                4.43875E-03     -238.988      
                4.4414E-03      -258.845      
                4.44405E-03     -274.501      
                4.4467E-03      -134.541      
                4.44935E-03     -253.439      
                4.452E-03       -233.524      
                4.45465E-03     -264.58       
                4.4573E-03      -247.825      
                4.45995E-03     -260.848      
                4.4626E-03      -247.058      
                4.46525E-03     -225.636      
                4.4679E-03      -238.427      
                4.47055E-03     -237.706      
                4.4732E-03      -248.397      
                4.47585E-03     -256.794      
                4.4785E-03      -242.622      
                4.48115E-03     -266.823      
                4.4838E-03      -254.841      
                4.48645E-03     -250.828      
                4.4891E-03      -239.909      
                4.49175E-03     -283.352      
                4.4944E-03      -250.453      
                4.49705E-03     -245.253      
                4.4997E-03      -258.208      
                4.50235E-03     -247.385      
                4.505E-03       -243.192      
                4.50765E-03     -235.178      
                4.5103E-03      -246.138      
                4.51295E-03     -201.138      
                4.5156E-03      -212.726      
                4.51825E-03     -177.858      
                4.5209E-03      -219.699      
                4.52355E-03     -256.397      
                4.5262E-03      -238.008      
                4.52885E-03     -226.2        
                4.5315E-03      -235.057      
                4.53415E-03     -215.835      
                4.5368E-03      -223.167      
                4.53945E-03     -248.514      
                4.5421E-03      -224.275      
                4.54475E-03     -239.041      
                4.5474E-03      -235.829      
                4.55005E-03     -241.639      
                4.5527E-03      -254.863      
                4.55535E-03     -240.495      
                4.558E-03       -249.407      
                4.56065E-03     -239.12       
                4.5633E-03      -256.217      
                4.56595E-03     -229.071      
                4.5686E-03      -239.927      
                4.57125E-03     -239.792      
                4.5739E-03      -238.747      
                4.57655E-03     -242.805      
                4.5792E-03      -220.716      
                4.58185E-03     -217.943      
                4.5845E-03      -214.7        
                4.58715E-03     -241.143      
                4.5898E-03      -235.095      
                4.59245E-03     -229.766      
                4.5951E-03      -237.446      
                4.59775E-03     -227.729      
                4.6004E-03      -228.837      
                4.60305E-03     -236.434      
                4.6057E-03      -225.81       
                4.60835E-03     -237.479      
                4.611E-03       -212.756      
                4.61365E-03     -208.707      
                4.6163E-03      -216.918      
                4.61895E-03     -223.658      
                4.6216E-03      -237.467      
                4.62425E-03     -212.325      
                4.6269E-03      -158.456      
                4.62955E-03     -231.057      
                4.6322E-03      -226.471      
                4.63485E-03     -243.707      
                4.6375E-03      -223.529      
                4.64015E-03     -226.951      
                4.6428E-03      -217.213      
                4.64545E-03     -227.751      
                4.6481E-03      -224.712      
                4.65075E-03     -230.52       
                4.6534E-03      -224.264      
                4.65605E-03     -211.596      
                4.6587E-03      -193.972      
                4.66135E-03     -189.203      
                4.664E-03       -206.311      
                4.66665E-03     -237.118      
                4.6693E-03      -203.793      
                4.67195E-03     -204.685      
                4.6746E-03      -222.213      
                4.67725E-03     -215.479      
                4.6799E-03      -203.895      
                4.68255E-03     -194.468      
                4.6852E-03      -233.944      
                4.68785E-03     -189.684      
                4.6905E-03      -209.326      
                4.69315E-03     -216.909      
                4.6958E-03      -203.868      
                4.69845E-03     -227.118      
                4.7011E-03      -211.573      
                4.70375E-03     -238.405      
                4.7064E-03      -238.399      
                4.70905E-03     -230.656      
                4.7117E-03      -239.874      
                4.71435E-03     -202.415      
                4.717E-03       -207.79       
                4.71965E-03     -211.946      
                4.7223E-03      -204.222      
                4.72495E-03      -76.6822     
                4.7276E-03      -162.189      
                4.73025E-03     -143.328      
                4.7329E-03      -136.911      
                4.73555E-03     -167.455      
                4.7382E-03      -206.529      
                4.74085E-03     -197.016      
                4.7435E-03      -224.749      
                4.74615E-03     -200.06       
                4.7488E-03      -196.82       
                4.75145E-03     -191.622      
                4.7541E-03      -207.078      
                4.75675E-03     -208.066      
                4.7594E-03      -205.16       
                4.76205E-03     -204.15       
                4.7647E-03      -207.987      
                4.76735E-03     -202.944      
                4.77E-03        -200.012      
                4.77265E-03     -196.922      
                4.7753E-03      -189.486      
                4.77795E-03     -191.01       
                4.7806E-03      -195.569      
                4.78325E-03     -163.789      
                4.7859E-03      -164.434      
                4.78855E-03     -178.738      
                4.7912E-03      -191.475      
                4.79385E-03     -182.525      
                4.7965E-03      -184.647      
                4.79915E-03     -181.831      
                4.8018E-03      -192.662      
                4.80445E-03     -187.259      
                4.8071E-03      -196.567      
                4.80975E-03     -193.964      
                4.8124E-03      -184.191      
                4.81505E-03     -185.481      
                4.8177E-03      -198.108      
                4.82035E-03     -178.545      
                4.823E-03       -190.585      
                4.82565E-03     -185.635      
                4.8283E-03      -185.819      
                4.83095E-03     -185.935      
                4.8336E-03      -180.913      
                4.83625E-03     -200.966      
                4.8389E-03      -185.726      
                4.84155E-03     -184.57       
                4.8442E-03      -151.828      
                4.84685E-03     -144.574      
                4.8495E-03      -136.308      
                4.85215E-03     -144.247      
                4.8548E-03      -154.856      
                4.85745E-03     -136.354      
                4.8601E-03      -162.244      
                4.86275E-03     -153.354      
                4.8654E-03      -169.529      
                4.86805E-03     -173.781      
                4.8707E-03      -171.144      
                4.87335E-03     -162.516      
                4.876E-03       -172.112      
                4.87865E-03     -175.327      
                4.8813E-03      -166.114      
                4.88395E-03     -172.583      
                4.8866E-03      -179.801      
                4.88925E-03     -175.646      
                4.8919E-03      -172.946      
                4.89455E-03     -176.295      
                4.8972E-03      -167.732      
                4.89985E-03     -163.985      
                4.9025E-03      -171.078      
                4.90515E-03     -171.024      
                4.9078E-03      -174.774      
                4.91045E-03     -172.268      
                4.9131E-03      -172.977      
                4.91575E-03     -154.13       
                4.9184E-03      -150.327      
                4.92105E-03     -142.299      
                4.9237E-03      -158.426      
                4.92635E-03     -150.029      
                4.929E-03       -153.029      
                4.93165E-03     -157.113      
                4.9343E-03      -153.995      
                4.93695E-03     -150.913      
                4.9396E-03      -151.611      
                4.94225E-03     -148.592      
                4.9449E-03      -146.991      
                4.94755E-03     -144.961      
                4.9502E-03      -151.032      
                4.95285E-03     -145.545      
                4.9555E-03      -156.413      
                4.95815E-03     -129.419      
                4.9608E-03      -129.589      
                4.96345E-03     -134.804      
                4.9661E-03      -142.755      
                4.96875E-03     -147.624      
                4.9714E-03      -164.085      
                4.97405E-03     -131.147      
                4.9767E-03      -139.625      
                4.97935E-03     -150.693      
                4.982E-03       -154.325      
                4.98465E-03     -147.905      
                4.9873E-03      -120.627      
                4.98995E-03     -131.428      
                4.9926E-03      -120.176      
                4.99525E-03     -140.264      
                4.9979E-03      -143.21       
                5.00055E-03     -139.556      
                5.0032E-03      -134.426      
                5.00585E-03     -135.138      
                5.0085E-03      -134.697      
                5.01115E-03     -142.749      
                5.0138E-03      -134.03       
                5.01645E-03     -147.562      
                5.0191E-03      -137.37       
                5.02175E-03     -132.098      
                5.0244E-03      -134.655      
                5.02705E-03     -122.066      
                5.0297E-03      -125.666      
                5.03235E-03     -126.022      
                5.035E-03       -124.864      
                5.03765E-03     -128.961      
                5.0403E-03      -122.164      
                5.04295E-03     -140.556      
                5.0456E-03      -120.466      
                5.04825E-03     -117.877      
                5.0509E-03      -126.725      
                5.05355E-03     -127.606      
                5.0562E-03      -138.557      
                5.05885E-03     -137.063      
                5.0615E-03      -127.875      
                5.06415E-03     -128.852      
                5.0668E-03      -134.982      
                5.06945E-03     -127.35       
                5.0721E-03      -135.642      
                5.07475E-03     -123.705      
                5.0774E-03      -130.367      
                5.08005E-03     -101.246      
                5.0827E-03       -97.9253     
                5.08535E-03     -116.935      
                5.088E-03       -121.568      
                5.09065E-03     -127.112      
                5.0933E-03      -125.171      
                5.09595E-03     -116.535      
                5.0986E-03      -119.484      
                5.10125E-03     -112.815      
                5.1039E-03      -116.212      
                5.10655E-03     -108.821      
                5.1092E-03      -105.192      
                5.11185E-03     -121.12       
                5.1145E-03      -116.055      
                5.11715E-03      -86.7945     
                5.1198E-03      -107.812      
                5.12245E-03      -45.1074     
                5.1251E-03       -68.4328     
                5.12775E-03      -75.3136     
                5.1304E-03       -90.9377     
                5.13305E-03      -67.4368     
                5.1357E-03       -68.4555     
                5.13835E-03      -97.0468     
                5.141E-03        -79.9759     
                5.14365E-03      -92.0993     
                5.1463E-03      -105.695      
                5.14895E-03      -99.1098     
                5.1516E-03      -106.782      
                5.15425E-03      -78.5771     
                5.1569E-03       -37.2181     
                5.15955E-03      -91.7879     
                5.1622E-03      -100.695      
                5.16485E-03      -89.7714     
                5.1675E-03       -50.0276     
                5.17015E-03      -79.8768     
                5.1728E-03       -58.7917     
                5.17545E-03      -84.3701     
                5.1781E-03       -92.5837     
                5.18075E-03      -79.8721     
                5.1834E-03       -79.4933     
                5.18605E-03      -68.7176     
                5.1887E-03      -112.411      
                5.19135E-03      -92.046      
                5.194E-03        -91.8622     
                5.19665E-03     -113.755      
                5.1993E-03      -115.907      
                5.20195E-03     -100.953      
                5.2046E-03       -73.437      
                5.20725E-03      -93.8953     
                5.2099E-03      -100.488      
                5.21255E-03      -98.8196     
                5.2152E-03       -77.3215     
                5.21785E-03     -120.361      
                5.2205E-03      -106.434      
                5.22315E-03     -102.413      
                5.2258E-03       -91.6828     
                5.22845E-03     -104.369      
                5.2311E-03      -107.963      
                5.23375E-03      -97.9394     
                5.2364E-03       -88.9833     
                5.23905E-03      -94.8182     
                5.2417E-03      -106.594      
                5.24435E-03      -90.9614     
                5.247E-03       -103.224      
                5.24965E-03     -102.457      
                5.2523E-03       -64.4261     
                5.25495E-03      -62.6531     
                5.2576E-03       -65.1261     
                5.26025E-03      -75.1434     
                5.2629E-03       -80.6137     
                5.26555E-03      -88.2893     
                5.2682E-03       -69.5439     
                5.27085E-03      -70.2657     
                5.2735E-03       -81.3256     
                5.27615E-03      -75.815      
                5.2788E-03       -66.9953     
                5.28145E-03      -88.6839     
                5.2841E-03       -73.4653     
                5.28675E-03      -71.6048     
                5.2894E-03       -86.2623     
                5.29205E-03      -76.2695     
                5.2947E-03       -83.9274     
                5.29735E-03      -80.4164     
                5.3E-03          -64.332      




